395
56
424
221
131
415
266
196
44
405
365
284
287
329
141
378
450
335
278
454
411
144
377
251
395
25
87
456
333
422
394
302
260
441
186
95
261
283
184
213
293
64
193
322
88
77
421
79
354
252
390
297
6
267
148
15
428
281
301
325
218
97
388
114
487
237
162
401
373
195
104
429
263
95
413
88
206
364
492
286
306
398
133
130
34
469
284
470
278
128
22
99
221
484
96
225
396
24
395
223
133
254
96
33
479
458
242
14
444
429
133
224
420
371
192
95
399
378
318
195
482
226
396
123
167
370
169
402
200
242
132
172
41
40
334
160
372
372
305
333
425
346
338
495
451
231
95
361
130
378
312
225
402
256
468
166
311
460
377
204
190
214
250
20
379
41
47
76
303
19
121
374
457
18
232
3
346
203
223
359
407
213
115
287
194
111
411
463
75
144
55
499
430
360
180
15
117
286
484
10
348
71
185
316
387
48
75
21
150
398
387
181
205
336
39
236
13
164
360
235
281
48
328
376
51
71
419
245
301
108
190
74
201
344
10
59
278
138
169
189
169
256
145
258
79
20
214
417
478
222
147
439
480
434
299
391
438
65
254
165
216
263
299
76
95
340
300
282
144
478
118
23
94
452
139
135
336
344
272
64
493
358
368
58
93
252
32
460
384
230
270
250
437
65
37
144
182
255
197
416
301
181
238
280
361
248
176
211
485
424
268
63
80
469
490
311
271
287
248
81
473
4
270
64
283
433
55
162
331
42
409
438
339
140
81
342
92
329
448
316
347
334
432
441
33
266
144
497
20
275
138
94
158
252
193
12
299
304
241
340
414
380
467
274
450
189
469
411
229
181
94
335
476
15
66
334
98
228
217
291
147
163
364
384
318
144
225
289
262
354
376
312
417
358
192
44
236
133
128
258
253
460
178
7
137
16
376
99
34
208
31
73
238
296
394
496
490
303
200
425
487
158
343
89
261
292
337
355
311
264
16
302
139
160
108
218
485
401
493
145
235
380
141
56
171
66
456
214
306
389
11
38
111
133
313
157
5
170
67
285
1
405
137
307
280
70
132
116
399
308
152
295
1
453
237
412
14
440
421
470
350
278
263
216
424
476
382
104
208
214
323
478
256
456
300
495
265
132
32
463
378
426
340
34
177
99
294
394
185
495
1
25
103
425
100
234
457
344
234
170
456
55
195
123
241
323
126
456
357
283
274
417
170
24
455
99
159
290
267
362
333
55
181
139
476
360
487
380
223
303
88
322
171
151
89
273
242
328
486
39
222
336
293
383
251
58
102
244
483
355
48
473
480
112
72
117
265
145
428
257
415
333
366
125
70
56
64
129
143
72
492
198
45
182
14
475
24
252
314
286
54
246
285
81
326
388
50
170
171
125
348
274
494
126
243
21
462
117
412
293
458
373
412
445
120
397
281
381
5
239
364
477
7
456
444
391
336
122
445
182
333
234
391
284
191
494
2
251
410
110
109
329
382
411
132
190
35
287
106
31
40
24
250
496
25
61
325
120
385
472
307
25
304
311
483
239
105
139
364
255
111
81
85
64
335
17
404
53
118
130
376
288
30
446
314
394
338
24
189
89
410
353
179
70
493
311
377
459
26
486
333
476
470
82
398
78
60
194
390
357
425
290
310
47
180
440
156
18
247
14
365
387
47
458
229
14
449
315
219
441
259
248
283
418
369
282
150
467
355
204
160
187
308
150
87
413
473
232
350
16
372
221
162
382
180
121
357
171
126
37
494
185
265
482
404
280
143
184
482
233
389
72
130
424
234
468
126
95
360
186
267
270
356
170
40
336
3
467
410
183
338
281
454
86
214
229
361
44
251
229
4
273
74
201
55
271
185
341
60
68
343
344
128
256
248
397
351
261
473
335
450
35
428
419
280
203
454
349
490
459
240
290
260
483
89
17
13
147
140
250
317
25
239
474
314
330
268
72
212
221
287
224
237
394
334
103
486
297
394
7
130
365
356
341
469
446
75
45
55
461
279
262
400
248
205
72
448
347
111
54
342
281
388
209
71
320
279
140
256
263
49
211
146
443
228
461
440
287
100
42
87
425
421
62
399
204
475
415
315
480
19
128
488
162
282
350
429
244
247
359
362
17
300
331
487
36
385
322
30
104
397
22
413
346
235
228
147
131
168
453
107
80
77
470
225
138
39
471
297
444
400
144
44
497
261
432
400
467
365
388
100
127
373
200
343
140
174
52
333
326
376
265
403
153
236
85
399
474
374
82
23
421
16
302
415
351
132
444
425
263
98
12
232
88
16
78
114
215
97
358
275
225
333
400
109
256
91
403
89
274
4
67
418
57
123
2
470
401
157
235
191
285
309
167
371
489
185
240
139
323
340
320
200
304
246
174
220
116
328
496
367
149
35
393
206
353
324
100
462
70
411
277
337
322
161
225
40
491
76
109
143
130
448
324
376
390
288
184
302
285
89
237
178
454
104
296
414
113
130
298
285
447
307
396
332
170
339
113
223
94
21
316
169
239
97
357
307
424
242
208
27
300
115
471
158
46
291
365
234
399
366
209
334
333
305
376
333
429
15
437
197
246
189
440
258
144
371
172
62
337
16
135
473
232
232
357
13
387
265
144
389
241
312
181
464
383
208
327
449
462
84
117
382
127
213
198
244
327
311
179
159
104
433
188
1
403
455
179
100
301
126
148
218
190
138
180
81
283
25
168
215
472
219
250
160
405
486
356
114
10
160
8
135
116
275
104
456
54
305
164
331
117
296
8
29
29
139
296
261
127
19
111
77
17
441
479
299
243
271
494
22
417
35
272
281
33
171
304
346
487
358
489
180
110
423
250
219
229
201
342
400
101
449
99
79
455
55
361
223
21
334
409
480
165
451
57
369
363
492
404
493
159
384
247
440
72
282
356
330
28
135
249
296
69
43
120
179
211
80
333
200
2
179
300
125
9
209
429
14
77
165
65
15
152
463
41
39
191
196
456
37
84
292
15
413
326
319
48
441
499
95
405
447
160
393
369
395
456
231
143
348
402
185
385
56
182
466
432
125
345
275
482
447
394
489
447
256
161
370
292
145
426
318
27
350
168
327
220
228
46
270
398
174
395
330
327
140
133
382
476
330
303
388
444
372
261
484
180
217
433
185
452
365
426
4
199
237
66
139
393
46
259
263
28
144
300
234
109
127
120
268
21
462
439
151
165
352
462
218
99
98
97
484
440
299
425
384
398
120
367
290
86
207
426
96
132
30
296
120
443
377
425
244
45
269
141
321
103
77
417
277
248
455
36
478
276
412
176
468
363
201
407
283
370
98
99
286
105
337
353
280
41
275
409
269
79
266
496
151
400
5
90
163
456
169
243
269
62
233
493
39
183
340
10
267
359
447
413
66
476
51
348
262
28
433
398
48
377
32
284
480
288
245
292
296
298
496
454
85
123
372
385
163
176
425
489
246
353
246
477
470
141
328
454
314
429
177
336
166
284
262
304
354
481
251
27
219
44
372
29
340
401
67
392
476
277
371
85
340
202
74
138
391
384
480
254
474
428
128
200
345
1
41
26
39
396
460
117
268
44
372
214
274
323
295
309
88
184
216
498
62
79
11
33
454
433
28
212
241
166
265
95
270
360
64
143
300
257
111
270
61
420
266
293
448
166
385
419
150
31
377
62
184
321
499
409
481
378
231
451
161
34
141
285
397
301
240
231
382
323
64
159
456
149
360
261
236
301
133
244
467
199
115
126
412
68
94
46
306
229
105
391
499
26
401
415
66
13
214
98
171
487
314
101
129
189
192
267
374
351
421
424
436
347
54
337
171
492
203
2
40
100
435
424
320
167
243
93
381
190
54
248
290
401
467
288
314
55
313
193
73
364
408
283
427
147
349
6
32
155
220
309
148
260
132
447
322
409
73
314
20
137
491
67
38
110
285
344
499
498
391
250
38
103
302
99
316
382
72
387
373
64
468
154
263
409
254
211
121
61
307
246
312
83
19
81
338
281
476
404
315
406
305
432
9
403
317
375
250
255
140
340
24
341
212
251
188
235
238
413
241
104
271
26
332
291
408
444
245
209
493
192
491
488
186
319
276
212
77
332
41
131
449
160
266
314
287
178
410
410
281
200
331
453
225
83
343
110
64
317
181
113
317
409
309
478
124
287
127
207
391
43
395
189
365
478
478
71
463
297
333
135
425
198
436
400
261
324
106
297
184
161
222
464
348
447
105
274
66
27
51
443
75
289
320
220
232
295
10
425
250
404
114
48
69
469
370
197
125
177
75
114
207
278
280
42
412
349
210
347
381
54
395
72
48
138
252
182
406
309
118
170
281
128
253
293
40
496
78
461
366
340
434
370
427
319
246
380
493
64
155
23
397
216
125
166
227
73
206
446
221
56
239
406
218
432
238
291
453
453
311
396
163
218
357
265
300
365
179
359
58
42
449
170
238
159
237
368
441
265
488
204
40
219
205
171
355
115
273
55
79
25
480
367
236
50
396
418
81
115
415
336
120
311
223
179
146
72
389
481
246
387
133
228
367
449
261
190
231
332
386
429
256
487
44
403
349
348
215
257
231
227
259
100
337
14
123
343
39
439
265
414
379
231
298
8
403
447
499
468
306
381
302
259
307
9
106
452
406
394
238
84
51
361
399
155
392
479
226
102
4
385
210
49
61
37
121
145
352
69
237
119
354
435
189
320
269
416
434
310
383
465
300
455
109
327
71
135
203
457
411
271
385
197
278
8
462
331
297
98
74
491
176
60
370
270
145
5
366
139
443
161
91
463
52
472
376
300
15
236
13
479
428
254
313
196
135
100
123
363
286
108
356
286
213
336
72
392
317
484
486
158
12
245
450
221
105
369
204
475
419
280
296
387
316
71
147
315
23
197
421
228
323
62
178
289
309
411
496
464
82
264
287
310
164
238
277
365
6
213
23
239
216
299
360
432
265
439
453
341
365
286
9
206
449
497
329
19
379
129
256
91
58
269
411
111
487
278
190
226
395
161
402
399
189
486
364
15
417
316
367
421
415
269
429
326
492
252
79
379
44
369
34
129
370
207
13
455
93
403
258
159
135
347
61
402
395
242
111
452
315
96
101
46
21
390
384
233
290
486
87
420
346
498
226
146
449
328
476
62
438
443
113
399
212
312
360
343
106
428
402
179
103
390
182
26
324
250
343
458
250
266
452
414
164
124
31
268
144
105
275
20
463
20
93
113
207
436
438
240
201
428
448
356
116
84
424
138
411
119
101
164
88
295
25
376
253
446
275
353
152
184
253
379
8
134
399
348
401
330
211
116
42
62
362
19
186
65
463
51
427
359
141
363
493
432
418
74
173
107
239
154
139
321
105
419
425
161
166
2
5
169
21
408
207
440
210
52
181
162
332
57
45
383
97
194
461
227
471
167
314
348
104
339
336
123
102
274
1
308
136
51
30
430
75
163
35
161
30
304
112
456
223
218
79
2
478
375
60
477
61
79
171
270
10
449
322
447
341
121
185
70
59
437
248
254
215
483
405
63
369
258
93
196
435
31
284
35
367
457
313
391
126
451
466
246
495
457
325
169
418
105
302
251
491
361
279
252
173
376
314
106
367
215
370
91
457
57
319
310
453
352
451
391
178
32
78
37
484
483
259
5
304
393
414
377
337
313
325
404
494
221
316
251
193
122
142
94
368
326
192
202
149
466
165
76
383
151
121
177
212
49
470
262
214
163
253
428
11
208
426
11
18
297
37
6
24
159
425
379
362
434
76
399
436
16
438
50
445
491
402
125
394
323
125
62
34
453
124
209
467
273
424
136
27
122
8
499
119
373
89
317
314
101
355
351
106
106
343
82
291
147
123
371
3
481
27
102
81
222
492
215
336
389
272
231
381
360
376
245
314
110
25
330
180
369
213
226
199
123
422
88
491
458
344
342
262
379
61
150
102
417
446
345
166
379
2
177
330
43
365
256
449
67
267
51
42
123
193
470
401
74
50
138
97
191
432
286
264
77
122
122
175
128
241
321
100
491
380
157
472
59
393
358
264
308
228
223
87
333
315
195
397
52
107
245
237
79
186
239
425
114
309
117
55
157
162
411
123
337
175
132
51
495
480
145
40
247
216
35
290
98
250
141
287
425
125
396
389
274
440
56
179
147
407
209
296
434
234
112
16
328
199
254
322
249
338
290
195
298
121
126
91
98
394
131
482
329
49
392
157
11
310
278
319
31
131
120
148
254
310
187
60
137
429
47
21
117
365
90
288
58
265
379
433
148
410
350
497
421
277
263
445
276
478
99
72
476
289
269
498
210
134
355
73
341
374
284
351
266
404
56
292
152
163
189
208
70
375
175
1
340
93
23
216
463
129
15
282
323
263
225
235
328
253
375
240
498
453
285
157
103
298
408
258
481
475
448
325
344
195
31
455
200
117
311
78
467
212
469
466
417
258
451
60
460
222
401
423
200
189
458
170
218
374
47
231
181
471
107
48
136
313
45
376
274
309
51
374
132
124
242
148
37
292
370
326
106
469
75
192
226
117
450
475
25
223
350
81
252
41
114
451
298
163
47
183
321
411
149
83
499
153
249
10
454
258
173
83
110
458
303
209
34
87
291
174
380
129
26
79
119
493
377
148
239
103
52
149
481
152
359
242
472
258
365
484
338
235
229
302
412
335
119
270
199
456
298
288
166
465
432
298
314
301
111
202
279
40
349
31
208
299
491
185
12
440
490
11
412
316
441
253
397
220
14
67
128
452
103
34
317
241
485
318
91
365
158
440
319
58
383
298
380
402
430
352
273
35
394
197
313
172
139
399
153
111
362
332
140
152
312
183
420
148
59
70
102
485
421
478
129
170
378
55
147
113
265
147
240
364
452
125
179
154
200
271
152
361
184
20
432
152
292
17
178
458
179
165
417
256
426
401
468
415
259
367
274
336
225
395
382
49
321
129
28
497
172
181
17
186
84
185
412
421
105
377
67
168
454
279
30
22
31
274
62
239
28
237
349
305
434
28
82
256
9
105
88
150
8
270
268
207
364
72
378
71
95
332
139
397
359
384
8
364
10
227
60
312
480
381
87
10
280
76
449
159
34
44
465
231
5
386
44
412
176
270
154
117
51
66
420
301
119
56
130
250
157
354
72
70
195
419
146
131
65
109
136
253
264
211
131
486
83
376
206
47
157
68
160
354
353
158
393
198
401
178
119
331
334
304
332
382
169
339
361
430
83
340
474
228
434
295
65
402
46
393
65
6
195
152
107
241
49
393
55
333
368
402
170
291
13
211
27
427
6
228
111
110
463
345
51
277
106
143
201
464
107
385
143
58
482
305
137
62
155
243
137
394
81
195
44
273
210
176
247
98
241
169
321
210
291
124
421
148
344
349
61
360
20
410
255
252
22
168
301
132
437
22
105
116
477
255
214
141
178
322
165
294
470
421
372
133
283
111
143
122
441
155
355
72
446
118
199
136
121
420
366
200
390
132
145
19
481
424
424
209
439
465
191
464
266
265
108
175
270
266
154
133
37
234
3
431
9
106
261
30
150
298
150
133
106
226
377
139
229
140
23
162
121
113
471
84
356
469
374
252
187
441
421
138
405
52
168
247
258
314
94
121
124
59
12
418
381
328
252
415
419
226
40
121
179
177
434
103
1
245
373
406
81
347
240
453
180
124
456
62
412
192
182
187
136
284
71
160
81
332
277
29
497
436
432
239
450
431
173
303
373
195
459
131
240
459
80
143
198
341
477
110
281
10
199
154
73
244
415
196
254
127
224
278
419
353
433
99
250
433
188
455
300
421
40
484
461
183
243
441
405
240
119
106
393
73
262
124
194
34
488
365
156
232
409
299
362
33
327
456
221
273
334
409
376
413
86
391
317
395
95
102
306
316
186
29
163
135
327
91
33
242
488
376
328
475
92
42
436
440
379
249
474
235
288
35
404
104
2
166
368
266
329
24
128
424
74
60
263
17
52
174
381
124
136
274
47
298
250
84
37
386
252
408
34
110
395
214
271
208
359
134
354
31
104
232
28
435
172
170
251
107
162
359
67
315
70
331
86
470
488
484
355
423
142
177
357
44
7
385
250
51
144
88
21
314
426
346
182
11
145
249
79
470
266
469
173
30
423
290
496
82
138
490
19
116
347
331
142
153
131
198
175
336
451
167
44
211
202
264
335
131
35
489
315
199
426
204
88
401
81
69
491
348
135
496
92
22
266
194
294
22
136
457
231
216
4
423
318
183
85
315
111
100
214
413
192
486
221
213
381
144
31
15
453
447
367
188
40
318
380
323
17
260
210
115
458
87
162
429
215
239
355
315
18
44
325
106
265
317
47
21
381
357
387
47
182
332
3
97
196
339
229
457
463
279
221
478
464
285
69
39
158
359
460
357
443
383
324
361
96
492
429
177
66
144
413
379
92
320
392
350
280
150
127
194
208
155
43
462
346
54
475
174
383
291
128
135
384
342
285
413
115
214
155
99
2
247
325
93
488
195
433
168
439
364
343
329
411
39
366
410
397
352
26
420
180
96
311
157
396
147
42
279
196
46
408
236
130
304
461
44
92
212
190
166
232
136
112
198
274
494
15
380
289
278
264
489
41
375
252
333
26
10
123
259
414
136
241
298
166
496
227
376
491
403
471
493
36
79
101
255
230
177
91
368
33
333
251
385
58
296
445
289
408
45
315
153
312
479
42
411
106
77
472
81
418
44
321
405
473
211
191
67
360
387
469
27
34
465
98
117
266
239
311
283
75
344
363
305
228
428
246
70
21
125
187
413
282
497
111
366
187
393
232
465
365
355
278
80
342
313
160
304
29
306
215
438
203
307
29
86
273
159
103
346
465
183
179
420
133
216
105
278
324
2
275
72
376
427
261
113
495
145
330
209
369
326
150
20
113
258
302
236
431
296
147
322
87
480
29
146
74
483
44
75
376
377
259
170
379
262
200
245
347
192
75
290
268
8
91
294
87
329
190
52
299
239
84
402
434
9
10
384
113
87
341
94
92
230
93
313
376
290
7
344
29
295
312
107
231
403
28
411
30
341
216
359
338
486
37
44
470
101
298
178
208
399
86
246
63
242
401
161
143
2
285
449
416
293
24
306
208
125
31
83
118
215
393
171
417
88
132
343
201
488
315
230
353
186
464
443
101
46
163
486
498
220
351
5
349
172
434
74
200
474
113
144
372
57
56
482
201
200
397
357
120
82
84
398
120
441
53
294
246
407
79
269
347
59
353
439
356
202
495
475
176
257
277
47
322
447
349
218
263
282
106
350
131
294
404
79
360
191
296
400
74
94
251
460
135
456
447
320
188
264
478
441
360
23
109
264
475
98
449
464
275
378
127
69
159
277
80
347
296
296
469
442
334
370
102
497
161
376
122
26
3
235
285
289
123
83
23
50
433
271
277
435
288
194
18
300
430
181
305
320
442
465
269
247
143
407
64
271
381
40
238
247
461
216
149
95
9
289
450
197
240
73
55
182
133
298
104
86
114
177
205
448
427
244
377
285
76
261
336
144
100
460
70
433
479
2
277
36
348
41
155
207
265
108
93
396
127
90
33
177
217
399
307
182
17
457
495
295
25
187
314
276
406
389
151
155
362
180
1
280
182
70
249
409
347
481
491
441
308
41
4
63
396
162
82
74
37
444
443
148
136
488
40
65
13
38
30
93
355
251
435
499
60
20
353
309
361
355
25
455
86
71
462
96
102
466
497
243
30
444
267
202
38
229
7
260
6
18
443
110
192
413
451
486
368
2
204
16
298
456
354
496
314
162
277
163
250
483
27
98
60
36
432
441
287
62
411
201
87
3
8
348
412
110
359
370
437
213
307
77
198
227
1
323
364
333
292
448
481
20
403
76
177
425
6
156
273
119
489
147
24
282
314
316
416
340
41
179
292
337
244
468
455
205
69
426
417
140
106
484
307
27
338
95
62
217
123
251
59
393
442
399
497
357
299
37
195
136
170
2
307
354
172
330
263
474
112
353
187
203
299
257
57
294
389
15
371
333
489
198
84
423
161
242
283
38
351
195
393
2
231
59
427
106
434
469
252
397
443
304
36
491
49
137
233
340
27
436
115
326
404
4
57
461
26
73
120
19
150
302
74
33
62
249
376
460
351
119
418
348
62
382
410
360
194
305
105
206
147
97
417
239
48
81
169
337
58
346
404
419
72
304
465
185
13
385
465
370
273
198
50
323
43
191
389
185
255
338
139
205
150
48
352
42
493
410
453
26
391
101
27
419
400
199
51
435
394
110
129
359
317
425
107
123
272
224
225
297
68
291
390
456
134
102
473
377
86
483
423
498
393
369
125
288
242
329
235
245
291
224
263
107
227
92
349
388
119
154
359
190
69
23
393
258
25
422
33
106
97
212
445
171
117
109
390
455
189
66
35
18
209
188
444
443
197
213
8
318
88
255
24
499
107
468
294
213
233
85
43
118
248
172
32
335
319
36
274
169
471
72
453
417
496
12
188
11
33
299
138
353
203
324
14
424
129
324
297
41
180
125
285
311
326
376
413
234
477
281
356
51
333
379
21
196
241
1
98
98
458
173
191
417
28
219
427
82
302
416
493
215
193
208
416
30
440
230
115
482
1
278
323
23
7
105
228
140
86
4
35
354
358
93
378
453
191
237
362
300
107
426
173
454
254
139
219
308
93
444
33
47
185
167
393
381
384
54
77
55
296
5
328
34
116
429
409
277
393
195
293
374
245
330
110
117
434
65
454
324
246
213
24
363
232
2
9
92
492
166
375
128
428
114
77
475
198
102
28
482
255
41
386
292
435
24
284
42
162
479
73
269
455
151
433
137
238
179
256
490
209
37
44
173
371
427
290
72
38
497
442
128
395
406
297
326
432
51
308
326
473
160
413
345
279
247
289
278
420
239
187
396
443
156
279
179
283
489
249
374
296
474
117
264
290
140
354
421
53
253
284
216
197
467
257
7
214
256
26
449
82
227
390
483
367
256
59
452
110
174
400
175
166
82
305
469
187
53
349
377
392
162
312
266
464
359
92
12
397
491
49
164
440
209
199
461
429
179
91
325
432
200
382
278
10
158
181
30
62
321
439
216
134
354
107
397
315
172
199
313
284
340
341
129
478
141
254
133
193
84
425
380
32
112
104
414
22
277
183
424
478
144
370
221
102
124
468
162
426
86
169
320
415
299
180
473
399
149
244
67
163
104
452
487
233
255
281
373
210
368
494
192
158
334
79
344
208
84
439
401
385
446
24
132
166
400
130
445
490
126
63
147
74
472
384
60
63
390
178
413
157
15
276
424
131
427
207
309
124
471
40
446
269
387
261
313
251
499
428
448
195
456
223
326
390
147
19
338
385
