7
2
2
4
3
18
3
2
1
68
6
11
17
21
7
1
2
1
39
21
16
2
1
38
140
740
596
326
9
43
17
7
7
6
7
1
112
9
31
5
26
3
2
1
1
2
4
5
1
61
20
24
17
40
24
6
6
2
35
27
25
5
3
3
41
20
28
38
50
19
10
6
2
8
5
1
94
142
53
195
516
1052
1494
1036
5583
2732
2033
4397
3246
7355
15413
650
287
521
789
207
177
70
71
11
15
12
24
30
18
13
7
15
30
6
5
2
1
111
214
210
140
36
7
2
10
6
12
50
25
45
7
21
43
14
3
2
1
2
3
1
2
3
1
36
25
16
16
4
2
1
2
42
9
10
25
24
40
72
9
12
13
11
18
4
11
7
2
179
9
9
12
1
1
47
8
143
859
17
12
1
83
46
13
55
37
14
4
66
216
139
438
671
129
42
3
2
65
13
1
19
21
19
2
1
64
77
142
139
86
6
2
2
3
5
39
7
9
7
30
5
2
28
8
10
6
8
7
1
47
15
18
5
1
20
19
28
132
316
202
145
144
81
31
32
26
23
14
22
6
2
1
2
1
1
30
13
9
2
6
5
1
1
7
22
40
1
1
110
3
3
68
11
3
100
6
1
1
52
68
39
18
17
8
1
1
63
108
20
68
21
4
1
53
65
85
4
2
5
11
14
23
10
2
16
9
40
99
18
7
8
1
101
12
4
1
1
2
47
49
42
32
7
10
3
20
100
1
171
28
1
48
9
7
26
30
4
17
2
6
2
2
2
6
4
5
5
1
31
46
41
56
18
50
64
53
20
1
58
35
55
103
77
51
30
25
165
87
14
1
1
37
8
2
36
18
61
256
99
57
83
244
110
107
25
20
27
21
24
21
27
51
192
30
16
6
1
53
29
48
34
7
9
8
31
11
24
23
2
1
3
12
15
58
4
1
22
5
20
10
3
1
1
73
28
21
5
4
8
4
12
6
10
9
15
28
37
6
9
13
10
20
75
175
47
32
14
36
8
4
4
145
238
505
1240
1268
25
64
73
7
1
66
55
73
80
6
2
40
4
10
1
89
88
71
26
2
8
2
4
10
8
4
3
3
4
1
1
1
25
4
10
8
1
12
6
1
1
12
223
224
78
40
13
58
4
4
1
1
111
123
87
65
78
41
18
6
6
1
23
18
83
61
5
3
42
2
3
11
6
2
2
2
4
4
112
75
246
167
25
1
5
13
4
16
10
13
17
34
35
21
4
141
305
1255
302
338
41
1
1
1
85
38
58
64
7
2
7
9
2
1
53
5
9
8
1
1
2
1
18
21
9
5
7
14
1
27
9
36
27
4
1
1
18
47
43
3
3
2
2
72
119
85
7
31
26
15
9
9
5
16
15
30
67
17
6
16
1
43
32
14
13
29
6
2
16
13
5
24
20
56
124
39
12
30
13
53
16
30
13
39
36
55
108
254
213
28
22
11
7
6
15
4
1
19
18
27
10
40
32
8
10
9
2
2
2
1
1
60
92
24
4
6
28
2
3
3
4
6
28
2
2
36
21
44
2
54
89
11
17
1
3
2
2
6
7
4
6
2
28
42
30
46
11
42
20
13
65
82
149
453
1173
997
300
113
129
194
55
3
3
4
2
2
2
3
1
35
41
43
10
7
10
44
37
157
48
16
25
3
2
7
7
66
102
31
21
3
5
11
1
7
2
3
3
2
20
19
4
4
1
73
114
23
11
13
7
5
11
1
14
4
76
10
10
18
8
4
7
23
17
8
3
2
2
81
46
26
20
11
3
6
3
4
2
55
50
31
11
16
6
5
1
1
63
56
9
24
18
2
4
2
11
4
6
20
17
37
38
12
21
17
8
4
1
6
18
11
6
68
28
3
1
22
20
20
72
190
115
35
33
54
40
2
69
20
2
187
30
5
1
3
3
8
9
13
6
7
11
4
3
44
15
19
13
13
10
6
3
2
2
2
37
11
7
12
1
38
6
5
9
17
8
6
1
1
67
4
1
14
17
55
59
62
33
93
116
249
24
45
57
39
16
25
44
16
4
1
2
3
3
17
2
3
5
9
3
83
170
170
107
34
57
39
70
5
4
111
1
1
1
1
19
89
2
1
47
46
4
16
21
3
121
78
72
23
15
7
10
6
10
3
4
13
3
1
22
2
71
31
145
99
4
49
1
35
19
70
24
64
24
5
7
1
1
101
166
23
38
68
127
118
106
153
352
456
533
279
906
1470
649
614
15
58
32
29
3
5
1
108
85
10
2
7
13
5
4
2
6
3
2
1
2
3
10
1
134
74
160
180
208
208
193
545
1616
467
641
647
278
45
1
3
6
26
39
5
8
8
1
1
15
20
3
26
20
24
59
10
45
22
1
1
57
53
39
22
2
5
2
3
82
111
14
3
5
8
2
4
2
1
1
1
1
45
25
28
8
69
37
20
13
9
14
17
11
6
6
2
3
5
30
107
227
354
183
42
6
15
15
15
11
2
130
79
173
26
22
10
8
7
9
8
10
17
20
7
2
29
12
1
1
4
35
6
14
24
18
5
20
18
2
3
1
152
32
143
141
122
176
222
423
224
128
41
87
3
5
15
17
6
2
5
2
35
12
13
7
1
3
3
2
13
10
9
12
4
2
1
102
128
31
25
16
44
19
9
28
37
47
24
14
4
8
6
6
20
10
5
3
1
1
2
1
1
99
271
704
611
315
412
227
478
245
270
96
9
4
18
65
39
61
204
52
38
113
98
102
32
41
29
26
7
14
16
22
16
79
24
14
40
78
130
215
5
34
37
9
14
3
9
14
5
102
134
88
58
9
6
18
25
4
1
1
1
44
56
7
3
8
22
1
5
3
1
60
109
116
185
1
3
3
20
14
12
10
12
8
3
45
4
111
22
27
13
36
2
15
2
1
29
1
2
50
57
15
2
95
7
46
13
21
30
1
1
1
35
15
29
17
14
20
27
18
15
11
29
32
68
20
23
2
70
22
29
21
8
10
16
2
81
2
4
3
8
18
21
4
2
28
3
8
21
15
14
14
4
23
89
3
4
1
43
38
14
2
9
14
14
14
12
56
23
2
12
1
48
74
192
644
112
6
7
9
8
1
79
38
10
26
11
3
1
30
9
14
7
63
6
2
4
1
2
80
26
5
1
1
75
33
24
46
103
253
54
130
33
24
56
42
25
2
1
1
18
10
2
21
20
9
3
7
1
19
22
50
134
93
126
38
32
30
11
2
1
1
202
786
130
811
506
935
787
602
22
6
52
8
7
4
9
14
3
1
198
68
95
41
85
44
9
8
3
2
58
50
162
1
2
2
9
1
1
3
4
1
1
10
5
1
17
52
84
17
1
40
11
29
18
6
2
1
22
15
3
1
4
90
143
24
24
15
37
42
43
52
32
12
5
27
6
12
18
46
5
6
4
12
4
1
26
21
5
6
53
41
114
147
70
62
22
25
73
110
5
9
1
1
4
96
3
9
1
206
75
44
7
15
28
16
15
64
59
12
7
3
1
1
3
1
2
61
22
15
11
5
12
12
16
65
266
342
3
5
13
63
17
9
1
1
32
6
2
5
21
44
45
17
22
33
30
37
1
1
42
19
7
13
81
127
8
4
5
6
12
12
24
25
8
9
18
10
35
77
31
10
6
21
8
17
20
1
1
210
355
418
254
386
46
20
25
34
51
21
34
14
10
27
7
1
34
45
14
9
13
7
15
7
1
2
1
21
39
287
18
2
2
10
26
33
11
6
3
2
2
2
3
1
92
352
40
53
18
6
8
2
1
36
18
13
39
43
16
15
71
67
47
46
57
15
237
1123
122
370
43
41
28
8
4
6
8
7
14
3
12
11
28
107
20
33
3
2
3
5
1
19
61
19
10
21
15
2
1
24
69
56
193
337
522
123
61
46
64
43
20
5
2
8
2
2
3
14
60
12
14
26
65
86
40
5
12
9
36
52
2
2
18
28
20
16
1
27
81
143
22
14
18
6
84
32
6
1
24
50
65
42
11
10
6
5
1
293
188
30
8
4
5
3
2
32
13
14
8
3
96
23
35
140
75
14
77
82
75
251
186
19
35
19
51
3
64
3
5
22
13
23
30
42
14
26
27
99
100
142
58
87
7
6
4
5
9
6
6
66
219
129
2
1
28
25
18
59
90
10
12
36
25
7
14
7
1
101
196
243
165
22
3
3
6
2
9
23
6
2
3
28
65
50
10
14
22
81
11
4
8
13
6
1
70
83
98
110
318
300
253
51
25
3
1
1
23
68
129
319
639
994
200
19
18
18
2
21
13
36
73
60
10
7
2
8
2
41
10
134
423
540
338
584
320
121
112
5
23
8
11
78
295
820
1807
1688
1862
1677
1143
529
849
3564
3237
2964
92
273
117
160
34
64
15
4
1
14
10
8
35
2
1
19
29
109
104
102
57
44
45
77
423
641
69
3
2
51
88
281
381
72
65
11
6
3
5
12
1
23
2
1
1
4
4
1
57
35
18
12
4
3
7
17
26
33
43
15
11
4
2
11
8
3
1
8
10
26
13
2
3
1
18
9
2
2
28
5
10
7
11
3
65
53
4
1
56
4
3
1
20
103
118
84
116
30
5
1
3
21
4
4
3
38
6
4
16
7
7
18
47
2
1
81
6
21
17
34
39
51
19
4
50
27
30
15
44
68
14
13
17
3
2
48
140
620
1298
257
117
3
3
12
24
32
23
18
26
35
19
5
2
62
73
170
197
171
90
50
21
2
1
1
53
26
48
57
58
42
45
29
33
37
22
6
3
1
164
128
451
431
383
421
244
68
74
10
13
6
20
12
23
38
166
496
736
1389
345
2112
4399
2320
850
24
6
3
4
1
2
7
12
2
1
91
67
20
7
1
183
47
52
85
42
30
27
110
43
120
108
584
499
236
35
10
8
12
3
3
4
1
1
27
13
1
25
4
1
111
261
293
323
824
374
272
150
116
42
4
3
129
203
24
13
5
3
6
21
13
2
4
2
2
268
20
101
71
34
56
67
48
162
81
41
5
5
5
7
3
5
4
3
157
56
91
92
185
251
135
69
60
11
25
15
14
11
7
2
3
2
1
2
1
178
5
7
6
10
13
20
20
9
28
71
82
14
29
32
27
8
8
8
5
5
3
2
3
109
4
6
2
9
15
9
2
4
1
1
1
6
5
1
1
13
7
11
21
4
43
11
6
7
5
20
3
1
97
69
20
15
24
81
266
134
26
74
42
11
30
23
4
1
28
27
15
1
15
2
5
4
25
20
15
17
7
5
10
15
52
87
38
97
40
49
60
3
2
1
4
9
20
71
31
7
2
4
9
46
107
34
22
9
8
1
3
1
207
282
256
169
186
497
434
684
530
52
32
18
13
39
21
19
8
2
20
6
10
18
2
1
1
57
6
6
20
37
62
110
54
16
7
17
12
3
26
1
4
16
27
12
12
5
4
6
1
6
1
1
1
2
1
8
1
35
36
9
2
4
3
5
11
6
5
27
41
2
2
1
1
1
53
11
3
5
187
60
31
25
1
2
1
99
32
84
31
2
6
3
2
1
12
14
6
6
3
1
2
2
3
154
112
151
78
59
13
24
5
1
3
1
15
2
114
34
2
7
12
6
12
5
22
14
19
4
4
9
5
2
1
102
8
6
7
24
4
5
1
22
2
1
155
352
498
52
11
2
3
101
175
169
108
65
45
101
24
13
15
24
50
7
6
4
8
15
3
3
3
18
14
23
12
11
17
21
24
8
2
1
34
99
37
19
17
18
8
5
1
48
59
29
3
1
57
6
5
1
94
16
4
14
23
13
1
1
47
127
75
171
265
119
30
15
4
140
83
40
146
30
17
13
6
4
4
1
159
20
50
62
7
4
1
3
5
5
14
23
17
32
6
8
4
1
2
7
6
4
14
28
32
2
118
57
98
107
13
5
1
1
3
1
71
117
85
31
3
3
2
7
13
2
1
81
36
11
2
1
1
20
23
15
14
2
2
4
1
3
1
13
3
4
2
1
129
251
39
106
103
322
1065
270
864
1863
1609
505
672
598
1101
85
163
75
55
162
87
219
442
1347
7617
15961
1853
6221
87
16
43
46
12
1
28
9
5
4
12
5
5
3
1
2
2
2
135
10
3
9
6
3
7
4
4
7
6
7
3
37
30
4
3
2
449
97
168
184
484
208
18
4
6
18
25
29
3
10
7
2
2
4
2
17
6
16
12
4
4
30
1
1
1
78
42
2
1
64
164
19
3
5
3
4
2
1
2
3
8
4
3
2
39
11
9
58
130
166
266
1013
184
450
962
273
193
79
53
36
26
24
46
58
17
19
27
60
20
29
28
6
6
23
2
40
104
8
2
110
9
4
3
3
32
10
16
25
16
12
7
17
14
6
9
18
15
1
253
76
76
10
21
1
1
1
150
9
11
20
17
8
15
13
4
8
5
2
38
45
48
77
171
111
103
42
20
50
21
11
15
1
59
84
7
4
2
1
64
105
47
6
53
7
6
34
13
37
20
5
12
13
14
1
39
88
3
47
4
5
12
10
6
7
3
10
16
4
12
29
29
43
81
116
222
61
172
246
151
96
154
192
17
7
2
1
1
1
121
34
9
6
68
36
36
59
98
511
251
376
257
298
317
21
3
6
1
82
119
43
116
140
41
11
83
102
66
84
1
1
34
25
6
2
2
17
44
86
56
59
126
116
53
89
132
5
13
7
7
2
1
34
49
34
11
1
15
3
3
93
50
10
1
9
1
106
59
4
8
6
6
1
39
43
90
18
41
47
21
12
7
9
7
2
3
1
1
4
5
4
3
2
1
154
13
27
13
5
8
6
8
4
4
6
9
1
55
120
50
17
51
6
4
3
62
31
20
3
51
46
13
2
3
13
17
2
5
1
15
21
22
37
14
12
8
2
5
10
4
1
2
2
8
2
30
32
2
150
632
1427
330
360
38
4
4
2
2
2
204
133
88
52
1
3
8
3
5
28
21
12
12
1
29
23
14
3
89
7
2
2
2
44
6
2
1
102
34
32
10
5
1
9
3
3
5
35
28
53
4
11
28
12
6
12
15
44
8
1
1
2
155
35
14
15
13
6
5
5
1
21
24
13
3
2
5
2
168
107
56
38
17
1
16
10
4
3
1
1
1
8
2
2
2
1
72
22
10
27
13
12
7
10
1
58
38
103
186
16
18
6
7
21
16
25
12
5
66
117
84
149
123
162
302
330
166
200
120
21
18
14
21
10
9
5
3
2
222
20
5
6
6
2
1
14
24
28
1
74
38
71
50
87
105
72
54
2
8
16
74
1
1
60
33
51
49
38
8
3
24
30
14
20
22
29
16
13
14
29
36
1
1
2
34
24
63
54
99
155
68
56
58
50
6
2
40
39
51
31
33
55
4
3
3
239
148
24
39
6
3
51
37
41
109
110
230
29
22
14
3
221
292
166
87
34
11
38
81
7
9
1
66
74
15
27
87
99
132
32
34
9
32
1
1
1
3
2
12
2
7
14
14
5
2
116
86
41
1
2
2
1
81
5
23
17
35
57
47
28
56
65
2
3
16
8
6
2
1
8
8
2
32
47
60
35
5
18
56
16
31
63
275
14
2
2
1
1
19
2
3
1
86
165
355
359
293
37
100
146
14
29
1
136
300
172
50
33
2
6
84
93
15
6
5
2
1
12
31
56
34
30
8
3
11
4
1
135
115
15
3
21
10
27
15
2
2
1
1
13
5
4
10
117
13
10
13
25
41
4
9
2
57
31
38
13
51
52
21
11
3
43
30
11
2
18
38
27
61
164
683
729
154
100
37
110
106
38
3
4
8
2
3
15
33
45
46
14
2
2
2
3
7
3
3
2
1
2
2
1
2
4
16
12
6
3
3
4
4
5
5
4
4
5
18
26
11
6
5
15
18
38
4
1
3
1
2
1
1
102
390
90
48
55
14
8
23
57
50
93
401
626
349
132
270
98
202
29
75
172
94
21
40
19
58
150
51
26
4
4
1
23
133
48
89
46
150
123
38
144
39
33
70
26
18
6
8
4
1
84
46
64
2
2
28
11
3
3
2
1
1
155
38
52
1
75
43
125
191
418
236
40
15
2
2
2
137
46
2
64
14
7
20
34
2
1
76
63
54
66
81
44
55
67
1
12
19
5
13
6
18
8
3
1
2
2
1
2
112
181
685
692
489
110
110
11
123
40
9
14
2
1
45
134
487
188
14
18
5
4
3
13
3
46
50
40
19
5
46
2
2
1
2
46
141
319
347
643
119
75
284
140
93
54
62
92
216
555
41
34
4
12
31
77
91
259
27
9
6
2
1
29
24
7
11
9
8
3
3
3
2
11
9
21
27
3
10
3
3
27
35
30
1
73
1
2
1
5
10
4
2
1
54
47
3
3
2
3
8
28
41
69
3
93
53
82
91
137
46
6
3
132
783
3168
2053
1314
1324
898
828
298
189
153
39
38
39
14
6
6
6
9
7
6
32
228
158
197
50
20
10
16
5
4
3
1
1
91
25
2
5
8
5
1
123
2
61
35
23
21
18
5
7
18
4
28
18
49
43
123
64
20
1
49
71
156
62
54
51
84
17
2
42
8
10
18
14
13
2
133
204
13
1
2
1
29
16
11
2
4
1
1
14
16
8
14
7
5
8
4
4
2
72
6
14
11
4
9
7
8
1
2
1
198
255
417
453
478
703
1313
2502
446
9
14
75
46
63
28
58
29
15
20
60
90
75
32
67
68
35
2
2
3
2
1
51
58
15
4
7
22
43
29
36
45
20
1
99
86
243
393
131
82
14
4
4
2
5
3
2
1
23
1
1
1
1
1
32
31
29
7
1
1
1
2
2
1
1
3
10
56
17
16
28
29
4
160
37
2
11
8
4
1
4
13
5
1
3
6
2
1
2
3
4
18
1
7
14
20
8
9
9
7
16
1
20
31
7
8
13
3
5
3
36
11
3
5
58
23
2
1
4
8
25
51
82
104
40
5
2
6
6
13
5
8
4
2
1
62
56
50
22
4
3
3
1
4
10
7
1
3
5
4
4
1
20
9
3
5
1
66
256
1
2
50
23
54
10
4
57
43
27
5
5
7
9
1
1
106
20
13
4
1
3
13
4
101
237
325
792
1781
744
166
399
89
2
3
3
56
124
175
244
150
184
88
242
282
42
60
44
27
48
63
11
6
59
33
7
2
2
1
73
37
33
27
50
8
18
48
62
28
16
6
6
7
14
10
26
14
1
59
10
54
62
80
56
9
1
1
45
18
6
2
1
5
3
37
40
24
10
5
3
28
23
32
4
11
3
5
111
57
93
69
5
10
1
1
1
11
8
13
3
1
20
31
8
26
6
1
1
1
151
193
62
19
27
50
74
88
96
28
11
2
1
1
133
233
63
21
54
36
50
9
1
8
12
5
2
5
4
1
35
9
2
2
12
3
9
6
4
16
9
7
4
11
1
23
24
2
8
2
4
9
11
20
3
3
1
82
18
1
4
2
2
1
1
72
1
1
39
26
4
11
6
1
1
229
335
144
148
47
51
14
19
39
17
2
28
12
11
3
43
12
23
6
17
14
15
3
9
38
14
13
12
23
1
4
7
12
1
10
35
72
87
97
185
157
91
27
35
23
19
8
7
1
3
3
6
1
156
233
212
246
188
31
2
34
3
13
4
14
13
4
2
1
69
8
1
90
80
60
42
121
116
41
7
4
5
9
10
45
85
163
119
170
746
468
18
30
14
12
36
54
76
186
871
329
24
3
3
8
17
5
5
14
1
1
35
3
5
18
33
12
50
94
29
14
7
3
1
10
10
22
17
33
5
9
7
1
1
17
3
4
2
23
30
32
4
12
6
1
26
14
6
2
66
124
87
59
28
28
92
85
219
90
122
14
28
6
4
1
31
9
25
12
15
11
5
44
32
18
8
47
53
4
2
2
162
55
51
37
46
31
30
37
9
5
2
34
16
15
33
24
4
73
81
30
7
29
11
22
10
4
6
3
2
1
15
33
38
8
7
2
1
1
4
8
7
14
29
2
2
113
155
206
44
21
46
1
2
8
48
1
78
334
210
410
171
368
28
20
27
17
45
77
1
12
8
139
99
48
82
20
93
104
13
19
1
55
39
32
99
239
451
569
271
429
30
26
8
23
24
97
97
106
101
108
25
24
2
2
2
1
1
22
5
4
1
2
7
9
47
72
27
18
5
20
13
24
11
3
184
78
162
302
295
104
134
108
270
1062
822
415
99
76
31
43
6
1
71
10
9
7
3
29
4
6
5
119
144
19
27
1
16
1
1
97
19
5
3
2
12
12
29
11
8
4
2
1
20
34
8
7
33
48
92
277
411
97
23
10
1
62
2
2
3
6
4
60
28
64
30
15
28
7
143
105
295
336
4
3
1
3
12
24
55
13
18
22
27
12
5
2
38
37
25
62
104
97
70
22
8
11
6
2
52
166
411
826
1306
395
117
214
463
151
221
142
9
3
2
1
40
69
194
227
98
181
19
7
17
4
4
23
25
32
9
50
54
163
122
407
3231
165
31
19
13
10
19
23
14
4
1
239
9
5
6
2
103
62
95
337
7
2
1
49
57
15
4
4
2
138
4
6
2
139
12
1
28
21
13
1
43
14
7
1
1
203
211
77
75
7
182
327
13
9
7
97
51
26
1
21
15
29
29
52
129
31
36
8
9
6
10
23
2
1
1
12
2
3
35
24
29
5
1
35
32
1
34
42
9
6
13
18
21
12
3
5
3
6
15
18
10
7
3
1
29
76
64
5
14
22
11
18
56
95
77
192
78
89
19
1
9
7
4
3
38
16
44
62
5
1
1
49
14
3
199
120
205
46
4
4
2
27
49
45
6
2
6
12
4
11
8
7
7
1
66
31
3
1
1
4
1
64
171
52
113
172
689
137
18
6
1
1
15
16
26
12
10
6
10
5
3
1
1
50
57
5
76
5
4
9
18
7
5
44
31
47
20
2
1
1
20
48
60
31
30
17
14
17
12
6
5
2
6
2
2
2
2
87
40
14
30
31
34
23
16
1
1
1
2
29
4
3
3
3
4
2
2
3
1
56
88
164
90
65
18
3
1
45
18
1
35
4
2
67
20
18
15
36
53
56
32
164
13
12
7
4
1
30
4
3
28
35
64
34
24
20
5
18
2
2
7
3
2
2
9
3
45
19
5
2
2
117
139
397
391
816
312
285
1373
1827
1013
298
35
16
2
2
2
3
2
1
14
5
7
5
23
75
41
2
4
5
1
92
62
134
68
18
4
2
1
3
3
1
1
26
7
4
1
70
72
140
25
53
130
10
2
11
2
1
13
4
7
1
1
2
10
