395
7
56
2
424
2
221
4
131
3
415
18
266
3
196
2
44
1
405
68
365
6
284
11
287
17
329
21
141
7
378
1
450
2
335
1
278
39
454
21
411
16
144
2
377
1
251
38
395
140
25
740
87
596
456
326
333
9
422
43
394
17
302
7
260
7
441
6
186
7
95
1
261
112
283
9
184
31
213
5
293
26
64
3
193
2
322
1
88
1
77
2
421
4
79
5
354
1
252
61
390
20
297
24
6
17
267
40
148
24
15
6
428
6
281
2
301
35
325
27
218
25
97
5
388
3
114
3
487
41
237
20
162
28
401
38
373
50
195
19
104
10
429
6
263
2
95
8
413
5
88
1
206
94
364
142
492
53
286
195
306
516
398
1052
133
1494
130
1036
34
5583
469
2732
284
2033
470
4397
278
3246
128
7355
22
15413
99
650
221
287
484
521
96
789
225
207
396
177
24
70
395
71
223
11
133
15
254
12
96
24
33
30
479
18
458
13
242
7
14
15
444
30
429
6
133
5
224
2
420
1
371
111
192
214
95
210
399
140
378
36
318
7
195
2
482
10
226
6
396
12
123
50
167
25
370
45
169
7
402
21
200
43
242
14
132
3
172
2
41
1
40
2
334
3
160
1
372
2
372
3
305
1
333
36
425
25
346
16
338
16
495
4
451
2
231
1
95
2
361
42
130
9
378
10
312
25
225
24
402
40
256
72
468
9
166
12
311
13
460
11
377
18
204
4
190
11
214
7
250
2
20
179
379
9
41
9
47
12
76
1
303
1
19
47
121
8
374
143
457
859
18
17
232
12
3
1
346
83
203
46
223
13
359
55
407
37
213
14
115
4
287
66
194
216
111
139
411
438
463
671
75
129
144
42
55
3
499
2
430
65
360
13
180
1
15
19
117
21
286
19
484
2
10
1
348
64
71
77
185
142
316
139
387
86
48
6
75
2
21
2
150
3
398
5
387
39
181
7
205
9
336
7
39
30
236
5
13
2
164
28
360
8
235
10
281
6
48
8
328
7
376
1
51
47
71
15
419
18
245
5
301
1
108
20
190
19
74
28
201
132
344
316
10
202
59
145
278
144
138
81
169
31
189
32
169
26
256
23
145
14
258
22
79
6
20
2
214
1
417
2
478
1
222
1
147
30
439
13
480
9
434
2
299
6
391
5
438
1
65
1
254
7
165
22
216
40
263
1
299
1
76
110
95
3
340
3
300
68
282
11
144
3
478
100
118
6
23
1
94
1
452
52
139
68
135
39
336
18
344
17
272
8
64
1
493
1
358
63
368
108
58
20
93
68
252
21
32
4
460
1
384
53
230
65
270
85
250
4
437
2
65
5
37
11
144
14
182
23
255
10
197
2
416
16
301
9
181
40
238
99
280
18
361
7
248
8
176
1
211
101
485
12
424
4
268
1
63
1
80
2
469
47
490
49
311
42
271
32
287
7
248
10
81
3
473
20
4
100
270
1
64
171
283
28
433
1
55
48
162
9
331
7
42
26
409
30
438
4
339
17
140
2
81
6
342
2
92
2
329
2
448
6
316
4
347
5
334
5
432
1
441
31
33
46
266
41
144
56
497
18
20
50
275
64
138
53
94
20
158
1
252
58
193
35
12
55
299
103
304
77
241
51
340
30
414
25
380
165
467
87
274
14
450
1
189
1
469
37
411
8
229
2
181
36
94
18
335
61
476
256
15
99
66
57
334
83
98
244
228
110
217
107
291
25
147
20
163
27
364
21
384
24
318
21
144
27
225
51
289
192
262
30
354
16
376
6
312
1
417
53
358
29
192
48
44
34
236
7
133
9
128
8
258
31
253
11
460
24
178
23
7
2
137
1
16
3
376
12
99
15
34
58
208
4
31
1
73
22
238
5
296
20
394
10
496
3
490
1
303
1
200
73
425
28
487
21
158
5
343
4
89
8
261
4
292
12
337
6
355
10
311
9
264
15
16
28
302
37
139
6
160
9
108
13
218
10
485
20
401
75
493
175
145
47
235
32
380
14
141
36
56
8
171
4
66
4
456
145
214
238
306
505
389
1240
11
1268
38
25
111
64
133
73
313
7
157
1
5
66
170
55
67
73
285
80
1
6
405
2
137
40
307
4
280
10
70
1
132
89
116
88
399
71
308
26
152
2
295
8
1
2
453
4
237
10
412
8
14
4
440
3
421
3
470
4
350
1
278
1
263
1
216
25
424
4
476
10
382
8
104
1
208
12
214
6
323
1
478
1
256
12
456
223
300
224
495
78
265
40
132
13
32
58
463
4
378
4
426
1
340
1
34
111
177
123
99
87
294
65
394
78
185
41
495
18
1
6
25
6
103
1
425
23
100
18
234
83
457
61
344
5
234
3
170
42
456
2
55
3
195
11
123
6
241
2
323
2
126
2
456
4
357
4
283
112
274
75
417
246
170
167
24
25
455
1
99
5
159
13
290
4
267
16
362
10
333
13
55
17
181
34
139
35
476
21
360
4
487
141
380
305
223
1255
303
302
88
338
322
41
171
1
151
1
89
1
273
85
242
38
328
58
486
64
39
7
222
2
336
7
293
9
383
2
251
1
58
53
102
5
244
9
483
8
355
1
48
1
473
2
480
1
112
18
72
21
117
9
265
5
145
7
428
14
257
1
415
27
333
9
366
36
125
27
70
4
56
1
64
1
129
18
143
47
72
43
492
3
198
3
45
2
182
2
14
72
475
119
24
85
252
7
314
31
286
26
54
15
246
9
285
9
81
5
326
16
388
15
50
30
170
67
171
17
125
6
348
16
274
1
494
43
126
32
243
14
21
13
462
29
117
6
412
2
293
16
458
13
373
5
412
24
445
20
120
56
397
124
281
39
381
12
5
30
239
13
364
53
477
16
7
30
456
13
444
39
391
36
336
55
122
108
445
254
182
213
333
28
234
22
391
11
284
7
191
6
494
15
2
4
251
1
410
19
110
18
109
27
329
10
382
40
411
32
132
8
190
10
35
9
287
2
106
2
31
2
40
1
24
1
250
60
496
92
25
24
61
4
325
6
120
28
385
2
472
3
307
3
25
4
304
6
311
28
483
2
239
2
105
36
139
21
364
44
255
2
111
54
81
89
85
11
64
17
335
1
17
3
404
2
53
2
118
6
130
7
376
4
288
6
30
2
446
28
314
42
394
30
338
46
24
11
189
42
89
20
410
13
353
65
179
82
70
149
493
453
311
1173
377
997
459
300
26
113
486
129
333
194
476
55
470
3
82
3
398
4
78
2
60
2
194
2
390
3
357
1
425
35
290
41
310
43
47
10
180
7
440
10
156
44
18
37
247
157
14
48
365
16
387
25
47
3
458
2
229
7
14
7
449
66
315
102
219
31
441
21
259
3
248
5
283
11
418
1
369
7
282
2
150
3
467
3
355
2
204
20
160
19
187
4
308
4
150
1
87
73
413
114
473
23
232
11
350
13
16
7
372
5
221
11
162
1
382
14
180
4
121
76
357
10
171
10
126
18
37
8
494
4
185
7
265
23
482
17
404
8
280
3
143
2
184
2
482
81
233
46
389
26
72
20
130
11
424
3
234
6
468
3
126
4
95
2
360
55
186
50
267
31
270
11
356
16
170
6
40
5
336
1
3
1
467
63
410
56
183
9
338
24
281
18
454
2
86
4
214
2
229
11
361
4
44
6
251
20
229
17
4
37
273
38
74
12
201
21
55
17
271
8
185
4
341
1
60
6
68
18
343
11
344
6
128
68
256
28
248
3
397
1
351
22
261
20
473
20
335
72
450
190
35
115
428
35
419
33
280
54
203
40
454
2
349
69
490
20
459
2
240
187
290
30
260
5
483
1
89
3
17
3
13
8
147
9
140
13
250
6
317
7
25
11
239
4
474
3
314
44
330
15
268
19
72
13
212
13
221
10
287
6
224
3
237
2
394
2
334
2
103
37
486
11
297
7
394
12
7
1
130
38
365
6
356
5
341
9
469
17
446
8
75
6
45
1
55
1
461
67
279
4
262
1
400
14
248
17
205
55
72
59
448
62
347
33
111
93
54
116
342
249
281
24
388
45
209
57
71
39
320
16
279
25
140
44
256
16
263
4
49
1
211
2
146
3
443
3
228
17
461
2
440
3
287
5
100
9
42
3
87
83
425
170
421
170
62
107
399
34
204
57
475
39
415
70
315
5
480
4
19
111
128
1
488
1
162
1
282
1
350
19
429
89
244
2
247
1
359
47
362
46
17
4
300
16
331
21
487
3
36
121
385
78
322
72
30
23
104
15
397
7
22
10
413
6
346
10
235
3
228
4
147
13
131
3
168
1
453
22
107
2
80
71
77
31
470
145
225
99
138
4
39
49
471
1
297
35
444
19
400
70
144
24
44
64
497
24
261
5
432
7
400
1
467
1
365
101
388
166
100
23
127
38
373
68
200
127
343
118
140
106
174
153
52
352
333
456
326
533
376
279
265
906
403
1470
153
649
236
614
85
15
399
58
474
32
374
29
82
3
23
5
421
1
16
108
302
85
415
10
351
2
132
7
444
13
425
5
263
4
98
2
12
6
232
3
88
2
16
1
78
2
114
3
215
10
97
1
358
134
275
74
225
160
333
180
400
208
109
208
256
193
91
545
403
1616
89
467
274
641
4
647
67
278
418
45
57
1
123
3
2
6
470
26
401
39
157
5
235
8
191
8
285
1
309
1
167
15
371
20
489
3
185
26
240
20
139
24
323
59
340
10
320
45
200
22
304
1
246
1
174
57
220
53
116
39
328
22
496
2
367
5
149
2
35
3
393
82
206
111
353
14
324
3
100
5
462
8
70
2
411
4
277
2
337
1
322
1
161
1
225
1
40
45
491
25
76
28
109
8
143
69
130
37
448
20
324
13
376
9
390
14
288
17
184
11
302
6
285
6
89
2
237
3
178
5
454
30
104
107
296
227
414
354
113
183
130
42
298
6
285
15
447
15
307
15
396
11
332
2
170
130
339
79
113
173
223
26
94
22
21
10
316
8
169
7
239
9
97
8
357
10
307
17
424
20
242
7
208
2
27
29
300
12
115
1
471
1
158
4
46
35
291
6
365
14
234
24
399
18
366
5
209
20
334
18
333
2
305
3
376
1
333
152
429
32
15
143
437
141
197
122
246
176
189
222
440
423
258
224
144
128
371
41
172
87
62
3
337
5
16
15
135
17
473
6
232
2
232
5
357
2
13
35
387
12
265
13
144
7
389
1
241
3
312
3
181
2
464
13
383
10
208
9
327
12
449
4
462
2
84
1
117
102
382
128
127
31
213
25
198
16
244
44
327
19
311
9
179
28
159
37
104
47
433
24
188
14
1
4
403
8
455
6
179
6
100
20
301
10
126
5
148
3
218
1
190
1
138
2
180
1
81
1
283
99
25
271
168
704
215
611
472
315
219
412
250
227
160
478
405
245
486
270
356
96
114
9
10
4
160
18
8
65
135
39
116
61
275
204
104
52
456
38
54
113
305
98
164
102
331
32
117
41
296
29
8
26
29
7
29
14
139
16
296
22
261
16
127
79
19
24
111
14
77
40
17
78
441
130
479
215
299
5
243
34
271
37
494
9
22
14
417
3
35
9
272
14
281
5
33
102
171
134
304
88
346
58
487
9
358
6
489
18
180
25
110
4
423
1
250
1
219
1
229
44
201
56
342
7
400
3
101
8
449
22
99
1
79
5
455
3
55
1
361
60
223
109
21
116
334
185
409
1
480
3
165
3
451
20
57
14
369
12
363
10
492
12
404
8
493
3
159
45
384
4
247
111
440
22
72
27
282
13
356
36
330
2
28
15
135
2
249
1
296
29
69
1
43
2
120
50
179
57
211
15
80
2
333
95
200
7
2
46
179
13
300
21
125
30
9
1
209
1
429
1
14
35
77
15
165
29
65
17
15
14
152
20
463
27
41
18
39
15
191
11
196
29
456
32
37
68
84
20
292
23
15
2
413
70
326
22
319
29
48
21
441
8
499
10
95
16
405
2
447
81
160
2
393
4
369
3
395
8
456
18
231
21
143
4
348
2
402
28
185
3
385
8
56
21
182
15
466
14
432
14
125
4
345
23
275
89
482
3
447
4
394
1
489
43
447
38
256
14
161
2
370
9
292
14
145
14
426
14
318
12
27
56
350
23
168
2
327
12
220
1
228
48
46
74
270
192
398
644
174
112
395
6
330
7
327
9
140
8
133
1
382
79
476
38
330
10
303
26
388
11
444
3
372
1
261
30
484
9
180
14
217
7
433
63
185
6
452
2
365
4
426
1
4
2
199
80
237
26
66
5
139
1
393
1
46
75
259
33
263
24
28
46
144
103
300
253
234
54
109
130
127
33
120
24
268
56
21
42
462
25
439
2
151
1
165
1
352
18
462
10
218
2
99
21
98
20
97
9
484
3
440
7
299
1
425
19
384
22
398
50
120
134
367
93
290
126
86
38
207
32
426
30
96
11
132
2
30
1
296
1
120
202
443
786
377
130
425
811
244
506
45
935
269
787
141
602
321
22
103
6
77
52
417
8
277
7
248
4
455
9
36
14
478
3
276
1
412
198
176
68
468
95
363
41
201
85
407
44
283
9
370
8
98
3
99
2
286
58
105
50
337
162
353
1
280
2
41
2
275
9
409
1
269
1
79
3
266
4
496
1
151
1
400
10
5
5
90
1
163
17
456
52
169
84
243
17
269
1
62
40
233
11
493
29
39
18
183
6
340
2
10
1
267
22
359
15
447
3
413
1
66
4
476
90
51
143
348
24
262
24
28
15
433
37
398
42
48
43
377
52
32
32
284
12
480
5
288
27
245
6
292
12
296
18
298
46
496
5
454
6
85
4
123
12
372
4
385
1
163
26
176
21
425
5
489
6
246
53
353
41
246
114
477
147
470
70
141
62
328
22
454
25
314
73
429
110
177
5
336
9
166
1
284
1
262
4
304
96
354
3
481
9
251
1
27
206
219
75
44
44
372
7
29
15
340
28
401
16
67
15
392
64
476
59
277
12
371
7
85
3
340
1
202
1
74
3
138
1
391
2
384
61
480
22
254
15
474
11
428
5
128
12
200
12
345
16
1
65
41
266
26
342
39
3
396
5
460
13
117
63
268
17
44
9
372
1
214
1
274
32
323
6
295
2
309
5
88
21
184
44
216
45
498
17
62
22
79
33
11
30
33
37
454
1
433
1
28
42
212
19
241
7
166
13
265
81
95
127
270
8
360
4
64
5
143
6
300
12
257
12
111
24
270
25
61
8
420
9
266
18
293
10
448
35
166
77
385
31
419
10
150
6
31
21
377
8
62
17
184
20
321
1
499
1
409
210
481
355
378
418
231
254
451
386
161
46
34
20
141
25
285
34
397
51
301
21
240
34
231
14
382
10
323
27
64
7
159
1
456
34
149
45
360
14
261
9
236
13
301
7
133
15
244
7
467
1
199
2
115
1
126
21
412
39
68
287
94
18
46
2
306
2
229
10
105
26
391
33
499
11
26
6
401
3
415
2
66
2
13
2
214
3
98
1
171
92
487
352
314
40
101
53
129
18
189
6
192
8
267
2
374
1
351
36
421
18
424
13
436
39
347
43
54
16
337
15
171
71
492
67
203
47
2
46
40
57
100
15
435
237
424
1123
320
122
167
370
243
43
93
41
381
28
190
8
54
4
248
6
290
8
401
7
467
14
288
3
314
12
55
11
313
28
193
107
73
20
364
33
408
3
283
2
427
3
147
5
349
1
6
19
32
61
155
19
220
10
309
21
148
15
260
2
132
1
447
24
322
69
409
56
73
193
314
337
20
522
137
123
491
61
67
46
38
64
110
43
285
20
344
5
499
2
498
8
391
2
250
2
38
3
103
14
302
60
99
12
316
14
382
26
72
65
387
86
373
40
64
5
468
12
154
9
263
36
409
52
254
2
211
2
121
18
61
28
307
20
246
16
312
1
83
27
19
81
81
143
338
22
281
14
476
18
404
6
315
84
406
32
305
6
432
1
9
24
403
50
317
65
375
42
250
11
255
10
140
6
340
5
24
1
341
293
212
188
251
30
188
8
235
4
238
5
413
3
241
2
104
32
271
13
26
14
332
8
291
3
408
96
444
23
245
35
209
140
493
75
192
14
491
77
488
82
186
75
319
251
276
186
212
19
77
35
332
19
41
51
131
3
449
64
160
3
266
5
314
22
287
13
178
23
410
30
410
42
281
14
200
26
331
27
453
99
225
100
83
142
343
58
110
87
64
7
317
6
181
4
113
5
317
9
409
6
309
6
478
66
124
219
287
129
127
2
207
1
391
28
43
25
395
18
189
59
365
90
478
10
478
12
71
36
463
25
297
7
333
14
135
7
425
1
198
101
436
196
400
243
261
165
324
22
106
3
297
3
184
6
161
2
222
9
464
23
348
6
447
2
105
3
274
28
66
65
27
50
51
10
443
14
75
22
289
81
320
11
220
4
232
8
295
13
10
6
425
1
250
70
404
83
114
98
48
110
69
318
469
300
370
253
197
51
125
25
177
3
75
1
114
1
207
23
278
68
280
129
42
319
412
639
349
994
210
200
347
19
381
18
54
18
395
2
72
21
48
13
138
36
252
73
182
60
406
10
309
7
118
2
170
8
281
2
128
41
253
10
293
134
40
423
496
540
78
338
461
584
366
320
340
121
434
112
370
5
427
23
319
8
246
11
380
78
493
295
64
820
155
1807
23
1688
397
1862
216
1677
125
1143
166
529
227
849
73
3564
206
3237
446
2964
221
92
56
273
239
117
406
160
218
34
432
64
238
15
291
4
453
1
453
14
311
10
396
8
163
35
218
2
357
1
265
19
300
29
365
109
179
104
359
102
58
57
42
44
449
45
170
77
238
423
159
641
237
69
368
3
441
2
265
51
488
88
204
281
40
381
219
72
205
65
171
11
355
6
115
3
273
5
55
12
79
1
25
23
480
2
367
1
236
1
50
4
396
4
418
1
81
57
115
35
415
18
336
12
120
4
311
3
223
7
179
17
146
26
72
33
389
43
481
15
246
11
387
4
133
2
228
11
367
8
449
3
261
1
190
8
231
10
332
26
386
13
429
2
256
3
487
1
44
18
403
9
349
2
348
2
215
28
257
5
231
10
227
7
259
11
100
3
337
65
14
53
123
4
343
1
39
56
439
4
265
3
414
1
379
20
231
103
298
118
8
84
403
116
447
30
499
5
468
1
306
3
381
21
302
4
259
4
307
3
9
38
106
6
452
4
406
16
394
7
238
7
84
18
51
47
361
2
399
1
155
81
392
6
479
21
226
17
102
34
4
39
385
51
210
19
49
4
61
50
37
27
121
30
145
15
352
44
69
68
237
14
119
13
354
17
435
3
189
2
320
48
269
140
416
620
434
1298
310
257
383
117
465
3
300
3
455
12
109
24
327
32
71
23
135
18
203
26
457
35
411
19
271
5
385
2
197
62
278
73
8
170
462
197
331
171
297
90
98
50
74
21
491
2
176
1
60
1
370
53
270
26
145
48
5
57
366
58
139
42
443
45
161
29
91
33
463
37
52
22
472
6
376
3
300
1
15
164
236
128
13
451
479
431
428
383
254
421
313
244
196
68
135
74
100
10
123
13
363
6
286
20
108
12
356
23
286
38
213
166
336
496
72
736
392
1389
317
345
484
2112
486
4399
158
2320
12
850
245
24
450
6
221
3
105
4
369
1
204
2
475
7
419
12
280
2
296
1
387
91
316
67
71
20
147
7
315
1
23
183
197
47
421
52
228
85
323
42
62
30
178
27
289
110
309
43
411
120
496
108
464
584
82
499
264
236
287
35
310
10
164
8
238
12
277
3
365
3
6
4
213
1
23
1
239
27
216
13
299
1
360
25
432
4
265
1
439
111
453
261
341
293
365
323
286
824
9
374
206
272
449
150
497
116
329
42
19
4
379
3
129
129
256
203
91
24
58
13
269
5
411
3
111
6
487
21
278
13
190
2
226
4
395
2
161
2
402
268
399
20
189
101
486
71
364
34
15
56
417
67
316
48
367
162
421
81
415
41
269
5
429
5
326
5
492
7
252
3
79
5
379
4
44
3
369
157
34
56
129
91
370
92
207
185
13
251
455
135
93
69
403
60
258
11
159
25
135
15
347
14
61
11
402
7
395
2
242
3
111
2
452
1
315
2
96
1
101
178
46
5
21
7
390
6
384
10
233
13
290
20
486
20
87
9
420
28
346
71
498
82
226
14
146
29
449
32
328
27
476
8
62
8
438
8
443
5
113
5
399
3
212
2
312
3
360
109
343
4
106
6
428
2
402
9
179
15
103
9
390
2
182
4
26
1
324
1
250
1
343
6
458
5
250
1
266
1
452
13
414
7
164
11
124
21
31
4
268
43
144
11
105
6
275
7
20
5
463
20
20
3
93
1
113
97
207
69
436
20
438
15
240
24
201
81
428
266
448
134
356
26
116
74
84
42
424
11
138
30
411
23
119
4
101
1
164
28
88
27
295
15
25
1
376
15
253
2
446
5
275
4
353
25
152
20
184
15
253
17
379
7
8
5
134
10
399
15
348
52
401
87
330
38
211
97
116
40
42
49
62
60
362
3
19
2
186
1
65
4
463
9
51
20
427
71
359
31
141
7
363
2
493
4
432
9
418
46
74
107
173
34
107
22
239
9
154
8
139
1
321
3
105
1
419
207
425
282
161
256
166
169
2
186
5
497
169
434
21
684
408
530
207
52
440
32
210
18
52
13
181
39
162
21
332
19
57
8
45
2
383
20
97
6
194
10
461
18
227
2
471
1
167
1
314
57
348
6
104
6
339
20
336
37
123
62
102
110
274
54
1
16
308
7
136
17
51
12
30
3
430
26
75
1
163
4
35
16
161
27
30
12
304
12
112
5
456
4
223
6
218
1
79
6
2
1
478
1
375
1
60
2
477
1
61
8
79
1
171
35
270
36
10
9
449
2
322
4
447
3
341
5
121
11
185
6
70
5
59
27
437
41
248
2
254
2
215
1
483
1
405
1
63
53
369
11
258
3
93
5
196
187
435
60
31
31
284
25
35
1
367
2
457
1
313
99
391
32
126
84
451
31
466
2
246
6
495
3
457
2
325
1
169
12
418
14
105
6
302
6
251
3
491
1
361
2
279
2
252
3
173
154
376
112
314
151
106
78
367
59
215
13
370
24
91
5
457
1
57
3
319
1
310
15
453
2
352
114
451
34
391
2
178
7
32
12
78
6
37
12
484
5
483
22
259
14
5
19
304
4
393
4
414
9
377
5
337
2
313
1
325
102
404
8
494
6
221
7
316
24
251
4
193
5
122
1
142
22
94
2
368
1
326
155
192
352
202
498
149
52
466
11
165
2
76
3
383
101
151
175
121
169
177
108
212
65
49
45
470
101
262
24
214
13
163
15
253
24
428
50
11
7
208
6
426
4
11
8
18
15
297
3
37
3
6
3
24
18
159
14
425
23
379
12
362
11
434
17
76
21
399
24
436
8
16
2
438
1
50
34
445
99
491
37
402
19
125
17
394
18
323
8
125
5
62
1
34
48
453
59
124
29
209
3
467
1
273
57
424
6
136
5
27
1
122
94
8
16
499
4
119
14
373
23
89
13
317
1
314
1
101
47
355
127
351
75
106
171
106
265
343
119
82
30
291
15
147
4
123
140
371
83
3
40
481
146
27
30
102
17
81
13
222
6
492
4
215
4
336
1
389
159
272
20
231
50
381
62
360
7
376
4
245
1
314
3
110
5
25
5
330
14
180
23
369
17
213
32
226
6
199
8
123
4
422
1
88
2
491
7
458
6
344
4
342
14
262
28
379
32
61
2
150
118
102
57
417
98
446
107
345
13
166
5
379
1
2
1
177
3
330
1
43
71
365
117
256
85
449
31
67
3
267
3
51
2
42
7
123
13
193
2
470
1
401
81
74
36
50
11
138
2
97
1
191
1
432
20
286
23
264
15
77
14
122
2
122
2
175
4
128
1
241
3
321
1
100
13
491
3
380
4
157
2
472
1
59
129
393
251
358
39
264
106
308
103
228
322
223
1065
87
270
333
864
315
1863
195
1609
397
505
52
672
107
598
245
1101
237
85
79
163
186
75
239
55
425
162
114
87
309
219
117
442
55
1347
157
7617
162
15961
411
1853
123
6221
337
87
175
16
132
43
51
46
495
12
480
1
145
28
40
9
247
5
216
4
35
12
290
5
98
5
250
3
141
1
287
2
425
2
125
2
396
135
389
10
274
3
440
9
56
6
179
3
147
7
407
4
209
4
296
7
434
6
234
7
112
3
16
37
328
30
199
4
254
3
322
2
249
449
338
97
290
168
195
184
298
484
121
208
126
18
91
4
98
6
394
18
131
25
482
29
329
3
49
10
392
7
157
2
11
2
310
4
278
2
319
17
31
6
131
16
120
12
148
4
254
4
310
30
187
1
60
1
137
1
429
78
47
42
21
2
117
1
365
64
90
164
288
19
58
3
265
5
379
3
433
4
148
2
410
1
350
2
497
3
421
8
277
4
263
3
445
2
276
39
478
11
99
9
72
58
476
130
289
166
269
266
498
1013
210
184
134
450
355
962
73
273
341
193
374
79
284
53
351
36
266
26
404
24
56
46
292
58
152
17
163
19
189
27
208
60
70
20
375
29
175
28
1
6
340
6
93
23
23
2
216
40
463
104
129
8
15
2
282
110
323
9
263
4
225
3
235
3
328
32
253
10
375
16
240
25
498
16
453
12
285
7
157
17
103
14
298
6
408
9
258
18
481
15
475
1
448
253
325
76
344
76
195
10
31
21
455
1
200
1
117
1
311
150
78
9
467
11
212
20
469
17
466
8
417
15
258
13
451
4
60
8
460
5
222
2
401
38
423
45
200
48
189
77
458
171
170
111
218
103
374
42
47
20
231
50
181
21
471
11
107
15
48
1
136
59
313
84
45
7
376
4
274
2
309
1
51
64
374
105
132
47
124
6
242
53
148
7
37
6
292
34
370
13
326
37
106
20
469
5
75
12
192
13
226
14
117
1
450
39
475
88
25
3
223
47
350
4
81
5
252
12
41
10
114
6
451
7
298
3
163
10
47
16
183
4
321
12
411
29
149
29
83
43
499
81
153
116
249
222
10
61
454
172
258
246
173
151
83
96
110
154
458
192
303
17
209
7
34
2
87
1
291
1
174
1
380
121
129
34
26
9
79
6
119
68
493
36
377
36
148
59
239
98
103
511
52
251
149
376
481
257
152
298
359
317
242
21
472
3
258
6
365
1
484
82
338
119
235
43
229
116
302
140
412
41
335
11
119
83
270
102
199
66
456
84
298
1
288
1
166
34
465
25
432
6
298
2
314
2
301
17
111
44
202
86
279
56
40
59
349
126
31
116
208
53
299
89
491
132
185
5
12
13
440
7
490
7
11
2
412
1
316
34
441
49
253
34
397
11
220
1
14
15
67
3
128
3
452
93
103
50
34
10
317
1
241
9
485
1
318
106
91
59
365
4
158
8
440
6
319
6
58
1
383
39
298
43
380
90
402
18
430
41
352
47
273
21
35
12
394
7
197
9
313
7
172
2
139
3
399
1
153
1
111
4
362
5
332
4
140
3
152
2
312
1
183
154
420
13
148
27
59
13
70
5
102
8
485
6
421
8
478
4
129
4
170
6
378
9
55
1
147
55
113
120
265
50
147
17
240
51
364
6
452
4
125
3
179
62
154
31
200
20
271
3
152
51
361
46
184
13
20
2
432
3
152
13
292
17
17
2
178
5
458
1
179
15
165
21
417
22
256
37
426
14
401
12
468
8
415
2
259
5
367
10
274
4
336
1
225
2
395
2
382
8
49
2
321
30
129
32
28
2
497
150
172
632
181
1427
17
330
186
360
84
38
185
4
412
4
421
2
105
2
377
2
67
204
168
133
454
88
279
52
30
1
22
3
31
8
274
3
62
5
239
28
28
21
237
12
349
12
305
1
434
29
28
23
82
14
256
3
9
89
105
7
88
2
150
2
8
2
270
44
268
6
207
2
364
1
72
102
378
34
71
32
95
10
332
5
139
1
397
9
359
3
384
3
8
5
364
35
10
28
227
53
60
4
312
11
480
28
381
12
87
6
10
12
280
15
76
44
449
8
159
1
34
1
44
2
465
155
231
35
5
14
386
15
44
13
412
6
176
5
270
5
154
1
117
21
51
24
66
13
420
3
301
2
119
5
56
2
130
168
250
107
157
56
354
38
72
17
70
1
195
16
419
10
146
4
131
3
65
1
109
1
136
1
253
8
264
2
211
2
131
2
486
1
83
72
376
22
206
10
47
27
157
13
68
12
160
7
354
10
353
1
158
58
393
38
198
103
401
186
178
16
119
18
331
6
334
7
304
21
332
16
382
25
169
12
339
5
361
66
430
117
83
84
340
149
474
123
228
162
434
302
295
330
65
166
402
200
46
120
393
21
65
18
6
14
195
21
152
10
107
9
241
5
49
3
393
2
55
222
333
20
368
5
402
6
170
6
291
2
13
1
211
14
27
24
427
28
6
1
228
74
111
38
110
71
463
50
345
87
51
105
277
72
106
54
143
2
201
8
464
16
107
74
385
1
143
1
58
60
482
33
305
51
137
49
62
38
155
8
243
3
137
24
394
30
81
14
195
20
44
22
273
29
210
16
176
13
247
14
98
29
241
36
169
1
321
1
210
2
291
34
124
24
421
63
148
54
344
99
349
155
61
68
360
56
20
58
410
50
255
6
252
2
22
40
168
39
301
51
132
31
437
33
22
55
105
4
116
3
477
3
255
239
214
148
141
24
178
39
322
6
165
3
294
51
470
37
421
41
372
109
133
110
283
230
111
29
143
22
122
14
441
3
155
221
355
292
72
166
446
87
118
34
199
11
136
38
121
81
420
7
366
9
200
1
390
66
132
74
145
15
19
27
481
87
424
99
424
132
209
32
439
34
465
9
191
32
464
1
266
1
265
1
108
3
175
2
270
12
266
2
154
7
133
14
37
14
234
5
3
2
431
116
9
86
106
41
261
1
30
2
150
2
298
1
150
81
133
5
106
23
226
17
377
35
139
57
229
47
140
28
23
56
162
65
121
2
113
3
471
16
84
8
356
6
469
2
374
1
252
8
187
8
441
2
421
32
138
47
405
60
52
35
168
5
247
18
258
56
314
16
94
31
121
63
124
275
59
14
12
2
418
2
381
1
328
1
252
19
415
2
419
3
226
1
40
86
121
165
179
355
177
359
434
293
103
37
1
100
245
146
373
14
406
29
81
1
347
136
240
300
453
172
180
50
124
33
456
2
62
6
412
84
192
93
182
15
187
6
136
5
284
2
71
1
160
12
81
31
332
56
277
34
29
30
497
8
436
3
432
11
239
4
450
1
431
135
173
115
303
15
373
3
195
21
459
10
131
27
240
15
459
2
80
2
143
1
198
1
341
13
477
5
110
4
281
10
10
117
199
13
154
10
73
13
244
25
415
41
196
4
254
9
127
2
224
57
278
31
419
38
353
13
433
51
99
52
250
21
433
11
188
3
455
43
300
30
421
11
40
2
484
18
461
38
183
27
243
61
441
164
405
683
240
729
119
154
106
100
393
37
73
110
262
106
124
38
194
3
34
4
488
8
365
2
156
3
232
15
409
33
299
45
362
46
33
14
327
2
456
2
221
2
273
3
334
7
409
3
376
3
413
2
86
1
391
2
317
2
395
1
95
2
102
4
306
16
316
12
186
6
29
3
163
3
135
4
327
4
91
5
33
5
242
4
488
4
376
5
328
18
475
26
92
11
42
6
436
5
440
15
379
18
249
38
474
4
235
1
288
3
35
1
404
2
104
1
2
1
166
102
368
390
266
90
329
48
24
55
128
14
424
8
74
23
60
57
263
50
17
93
52
401
174
626
381
349
124
132
136
270
274
98
47
202
298
29
250
75
84
172
37
94
386
21
252
40
408
19
34
58
110
150
395
51
214
26
271
4
208
4
359
1
134
23
354
133
31
48
104
89
232
46
28
150
435
123
172
38
170
144
251
39
107
33
162
70
359
26
67
18
315
6
70
8
331
4
86
1
470
84
488
46
484
64
355
2
423
2
142
28
177
11
357
3
44
3
7
2
385
1
250
1
51
155
144
38
88
52
21
1
314
75
426
43
346
125
182
191
11
418
145
236
249
40
79
15
470
2
266
2
469
2
173
137
30
46
423
2
290
64
496
14
82
7
138
20
490
34
19
2
116
1
347
76
331
63
142
54
153
66
131
81
198
44
175
55
336
67
451
1
167
12
44
19
211
5
202
13
264
6
335
18
131
8
35
3
489
1
315
2
199
2
426
1
204
2
88
112
401
181
81
685
69
692
491
489
348
110
135
110
496
11
92
123
22
40
266
9
194
14
294
2
22
1
136
45
457
134
231
487
216
188
4
14
423
18
318
5
183
4
85
3
315
13
111
3
100
46
214
50
413
40
192
19
486
5
221
46
213
2
381
2
144
1
31
2
15
46
453
141
447
319
367
347
188
643
40
119
318
75
380
284
323
140
17
93
260
54
210
62
115
92
458
216
87
555
162
41
429
34
215
4
239
12
355
31
315
77
18
91
44
259
325
27
106
9
265
6
317
2
47
1
21
29
381
24
357
7
387
11
47
9
182
8
332
3
3
3
97
3
196
2
339
11
229
9
457
21
463
27
279
3
221
10
478
3
464
3
285
27
69
35
39
30
158
1
359
73
460
1
357
2
443
1
383
5
324
10
361
4
96
2
492
1
429
54
177
47
66
3
144
3
413
2
379
3
92
8
320
28
392
41
350
69
280
3
150
93
127
53
194
82
208
91
155
137
43
46
462
6
346
3
54
132
475
783
174
3168
383
2053
291
1314
128
1324
135
898
384
828
342
298
285
189
413
153
115
39
214
38
155
39
99
14
2
6
247
6
325
6
93
9
488
7
195
6
433
32
168
228
439
158
364
197
343
50
329
20
411
10
39
16
366
5
410
4
397
3
352
1
26
1
420
91
180
25
96
2
311
5
157
8
396
5
147
1
42
123
279
2
196
61
46
35
408
23
236
21
130
18
304
5
461
7
44
18
92
4
212
28
190
18
166
49
232
43
136
123
112
64
198
20
274
1
494
49
15
71
380
156
289
62
278
54
264
51
489
84
41
17
375
2
252
42
333
8
26
10
10
18
123
14
259
13
414
2
136
133
241
204
298
13
166
1
496
2
227
1
376
29
491
16
403
11
471
2
493
4
36
1
79
1
101
14
255
16
230
8
177
14
91
7
368
5
33
8
333
4
251
4
385
2
58
72
296
6
445
14
289
11
408
4
45
9
315
7
153
8
312
1
479
2
42
1
411
198
106
255
77
417
472
453
81
478
418
703
44
1313
321
2502
405
446
473
9
211
14
191
75
67
46
360
63
387
28
469
58
27
29
34
15
465
20
98
60
117
90
266
75
239
32
311
67
283
68
75
35
344
2
363
2
305
3
228
2
428
1
246
51
70
58
21
15
125
4
187
7
413
22
282
43
497
29
111
36
366
45
187
20
393
1
232
99
465
86
365
243
355
393
278
131
80
82
342
14
313
4
160
4
304
2
29
5
306
3
215
2
438
1
203
23
307
1
29
1
86
1
273
1
159
1
103
32
346
31
465
29
183
7
179
1
420
1
133
1
216
2
105
2
278
1
324
1
2
3
275
10
72
56
376
17
427
16
261
28
113
29
495
4
145
160
330
37
209
2
369
11
326
8
150
4
20
1
113
4
258
13
302
5
236
1
431
3
296
6
147
2
322
1
87
2
480
3
29
4
146
18
74
1
483
7
44
14
75
20
376
8
377
9
259
9
170
7
379
16
262
1
200
20
245
31
347
7
192
8
75
13
290
3
268
5
8
3
91
36
294
11
87
3
329
5
190
58
52
23
299
2
239
1
84
4
402
8
434
25
9
51
10
82
384
104
113
40
87
5
341
2
94
6
92
6
230
13
93
5
313
8
376
4
290
2
7
1
344
62
29
56
295
50
312
22
107
4
231
3
403
3
28
1
411
4
30
10
341
7
216
1
359
3
338
5
486
4
37
4
44
1
470
20
101
9
298
3
178
5
208
1
399
66
86
256
246
1
63
2
242
50
401
23
161
54
143
10
2
4
285
57
449
43
416
27
293
5
24
5
306
7
208
9
125
1
31
1
83
106
118
20
215
13
393
4
171
1
417
3
88
13
132
4
343
101
201
237
488
325
315
792
230
1781
353
744
186
166
464
399
443
89
101
2
46
3
163
3
486
56
498
124
220
175
351
244
5
150
349
184
172
88
434
242
74
282
200
42
474
60
113
44
144
27
372
48
57
63
56
11
482
6
201
59
200
33
397
7
357
2
120
2
82
1
84
73
398
37
120
33
441
27
53
50
294
8
246
18
407
48
79
62
269
28
347
16
59
6
353
6
439
7
356
14
202
10
495
26
475
14
176
1
257
59
277
10
47
54
322
62
447
80
349
56
218
9
263
1
282
1
106
45
350
18
131
6
294
2
404
1
79
5
360
3
191
37
296
40
400
24
74
10
94
5
251
3
460
28
135
23
456
32
447
4
320
11
188
3
264
5
478
111
441
57
360
93
23
69
109
5
264
10
475
1
98
1
449
1
464
11
275
8
378
13
127
3
69
1
159
20
277
31
80
8
347
26
296
6
296
1
469
1
442
1
334
151
370
193
102
62
497
19
161
27
376
50
122
74
26
88
3
96
235
28
285
11
289
2
123
1
83
1
23
133
50
233
433
63
271
21
277
54
435
36
288
50
194
9
18
1
300
8
430
12
181
5
305
2
320
5
442
4
465
1
269
35
247
9
143
2
407
2
64
12
271
3
381
9
40
6
238
4
247
16
461
9
216
7
149
4
95
11
9
1
289
23
450
24
197
2
240
8
73
2
55
4
182
9
133
11
298
20
104
3
86
3
114
1
177
82
205
18
448
1
427
4
244
2
377
2
285
1
76
1
261
72
336
1
144
1
100
39
460
26
70
4
433
11
479
6
2
1
277
1
36
229
348
335
41
144
155
148
207
47
265
51
108
14
93
19
396
39
127
17
90
2
33
28
177
12
217
11
399
3
307
43
182
12
17
23
457
6
495
17
295
14
25
15
187
3
314
9
276
38
406
14
389
13
151
12
155
23
362
1
180
4
1
7
280
12
182
1
70
10
249
35
409
72
347
87
481
97
491
185
441
157
308
91
41
27
4
35
63
23
396
19
162
8
82
7
74
1
37
3
444
3
443
6
148
1
136
156
488
233
40
212
65
246
13
188
38
31
30
2
93
34
355
3
251
13
435
4
499
14
60
13
20
4
353
2
309
1
361
69
355
8
25
1
455
90
86
80
71
60
462
42
96
121
102
116
466
41
497
7
243
4
30
5
444
9
267
10
202
45
38
85
229
163
7
119
260
170
6
746
18
468
443
18
110
30
192
14
413
12
451
36
486
54
368
76
2
186
204
871
16
329
298
24
456
3
354
3
496
8
314
17
162
5
277
5
163
14
250
1
483
1
27
35
98
3
60
5
36
18
432
33
441
12
287
50
62
94
411
29
201
14
87
7
3
3
8
1
348
10
412
10
110
22
359
17
370
33
437
5
213
9
307
7
77
1
198
1
227
17
1
3
323
4
364
2
333
23
292
30
448
32
481
4
20
12
403
6
76
1
177
26
425
14
6
6
156
2
273
66
119
124
489
87
147
59
24
28
282
28
314
92
316
85
416
219
340
90
41
122
179
14
292
28
337
6
244
4
468
1
455
31
205
9
69
25
426
12
417
15
140
11
106
5
484
44
307
32
27
18
338
8
95
47
62
53
217
4
123
2
251
2
59
162
393
55
442
51
399
37
497
46
357
31
299
30
37
37
195
9
136
5
170
2
2
34
307
16
354
15
172
33
330
24
263
4
474
73
112
81
353
30
187
7
203
29
299
11
257
22
57
10
294
4
389
6
15
3
371
2
333
1
489
15
198
33
84
38
423
8
161
7
242
2
283
1
38
1
351
4
195
8
393
7
2
14
231
29
59
2
427
2
106
113
434
155
469
206
252
44
397
21
443
46
304
1
36
2
491
8
49
48
137
1
233
78
340
334
27
210
436
410
115
171
326
368
404
28
4
20
57
27
461
17
26
45
73
77
120
1
19
12
150
8
302
139
74
99
33
48
62
82
249
20
376
93
460
104
351
13
119
19
418
1
348
55
62
39
382
32
410
99
360
239
194
451
305
569
105
271
206
429
147
30
97
26
417
8
239
23
48
24
81
97
169
97
337
106
58
101
346
108
404
25
419
24
72
2
304
2
465
2
185
1
13
1
385
22
465
5
370
4
273
1
198
2
50
7
323
9
43
47
191
72
389
27
185
18
255
5
338
20
139
13
205
24
150
11
48
3
352
184
42
78
493
162
410
302
453
295
26
104
391
134
101
108
27
270
419
1062
400
822
199
415
51
99
435
76
394
31
110
43
129
6
359
1
317
71
425
10
107
9
123
7
272
3
224
29
225
4
297
6
68
5
291
119
390
144
456
19
134
27
102
1
473
16
377
1
86
1
483
97
423
19
498
5
393
3
369
2
125
12
288
12
242
29
329
11
235
8
245
4
291
2
224
1
263
20
107
34
227
8
92
7
349
33
388
48
119
92
154
277
359
411
190
97
69
23
23
10
393
1
258
62
25
2
422
2
33
3
106
6
97
4
212
60
445
28
171
64
117
30
109
15
390
28
455
7
189
143
66
105
35
295
18
336
209
4
188
3
444
1
443
3
197
12
213
24
8
55
318
13
88
18
255
22
24
27
499
12
107
5
468
2
294
38
213
37
233
25
85
62
43
104
118
97
248
70
172
22
32
8
335
11
319
6
36
2
274
52
169
166
471
411
72
826
453
1306
417
395
496
117
12
214
188
463
11
151
33
221
299
142
138
9
353
3
203
2
324
1
14
40
424
69
129
194
324
227
297
98
41
181
180
19
125
7
285
17
311
4
326
4
376
23
413
25
234
32
477
9
281
50
356
54
51
163
333
122
379
407
21
3231
196
165
241
31
1
19
98
13
98
10
458
19
173
23
191
14
417
4
28
1
219
239
427
9
82
5
302
6
416
2
493
103
215
62
193
95
208
337
416
7
30
2
440
1
230
49
115
57
482
15
1
4
278
4
323
2
23
138
7
4
105
6
228
2
140
139
86
12
4
1
35
28
354
21
358
13
93
1
378
43
453
14
191
7
237
1
362
1
300
203
107
211
426
77
173
75
454
7
254
182
139
327
219
13
308
9
93
7
444
97
33
51
47
26
185
1
167
21
393
15
381
29
384
29
54
52
77
129
55
31
296
36
5
8
328
9
34
6
116
10
429
23
409
2
277
1
393
1
195
12
293
2
374
3
245
35
330
24
110
29
117
5
434
1
65
35
454
32
324
1
246
34
213
42
24
9
363
6
232
13
2
18
9
21
92
12
492
3
166
5
375
3
128
6
428
15
114
18
77
10
475
7
198
3
102
1
28
29
482
76
255
64
41
5
386
14
292
22
435
11
24
18
284
56
42
95
162
77
479
192
73
78
269
89
455
19
151
1
433
9
137
7
238
4
179
3
256
38
490
16
209
44
37
62
44
5
173
1
371
1
427
49
290
14
72
3
38
199
497
120
442
205
128
46
395
4
406
4
297
2
326
27
432
49
51
45
308
6
326
2
473
6
160
12
413
4
345
11
279
8
247
7
289
7
278
1
420
66
239
31
187
3
396
1
443
1
156
4
279
1
179
64
283
171
489
52
249
113
374
172
296
689
474
137
117
18
264
6
290
1
140
1
354
15
421
16
53
26
253
12
284
10
216
6
197
10
467
5
257
3
7
1
214
1
256
50
26
57
449
5
82
76
227
5
390
4
483
9
367
18
256
7
59
5
452
44
110
31
174
47
400
20
175
2
166
1
82
1
305
20
469
48
187
60
53
31
349
30
377
17
392
14
162
17
312
12
266
6
464
5
359
2
92
6
12
2
397
2
491
2
49
2
164
87
440
40
209
14
199
30
461
31
429
34
179
23
91
16
325
1
432
1
200
1
382
2
278
29
10
4
158
3
181
3
30
3
62
4
321
2
439
2
216
3
134
1
354
56
107
88
397
164
315
90
172
65
199
18
313
3
284
1
340
45
341
18
129
1
478
35
141
4
254
2
133
67
193
20
84
18
425
15
380
36
32
53
112
56
104
32
414
164
22
13
277
12
183
7
424
4
478
1
144
30
370
4
221
3
102
28
124
35
468
64
162
34
426
24
86
20
169
5
320
18
415
2
299
2
180
7
473
3
399
2
149
2
244
9
67
3
163
45
104
19
452
5
487
2
233
2
255
117
281
139
373
397
210
391
368
816
494
312
192
285
158
1373
334
1827
79
1013
344
298
208
35
84
16
439
2
401
2
385
2
446
3
24
2
132
1
166
14
400
5
130
7
445
5
490
23
126
75
63
41
147
2
74
4
472
5
384
1
60
92
63
62
390
134
178
68
413
18
157
4
15
2
276
1
424
3
131
3
427
1
207
1
309
26
124
7
471
4
40
1
446
70
269
72
387
140
261
25
313
53
251
130
499
10
428
2
448
11
195
2
456
1
223
13
326
4
390
7
147
1
19
1
338
2
385
10
