395 402
458 460
884 886
1107 1111
1242 1245
1660 1678
1944 1947
2143 2145
2189 2190
2595 2663
3028 3034
3318 3329
3616 3633
3962 3983
4124 4131
4509 4510
4960 4962
5297 5298
5576 5615
6069 6090
6501 6517
6661 6663
7040 7041
7292 7330
7725 7865
7890 8630
8717 9313
9769 10095
10428 10437
10859 10902
11296 11313
11615 11622
11882 11889
12330 12336
12522 12529
12624 12625
12886 12998
13281 13290
13474 13505
13718 13723
14016 14042
14106 14109
14302 14304
14626 14627
14715 14716
14793 14795
15216 15220
15299 15304
15658 15659
15911 15972
16362 16382
16679 16703
16709 16726
16993 17033
17181 17205
17220 17226
17654 17660
17941 17943
18244 18279
18604 18631
18849 18874
18971 18976
19364 19367
19481 19484
19971 20012
20249 20269
20431 20459
20860 20898
21271 21321
21516 21535
21639 21649
22078 22084
22347 22349
22444 22452
22865 22870
22958 22959
23165 23259
23623 23765
24257 24310
24596 24791
25097 25613
26011 27063
27196 28690
28820 29856
29890 35473
35942 38674
38958 40991
41461 45858
46136 49382
49510 56865
56887 72300
72399 73049
73270 73557
74041 74562
74658 75447
75672 75879
76275 76452
76476 76546
76941 77012
77235 77246
77379 77394
77648 77660
77756 77780
77813 77843
78322 78340
78798 78811
79053 79060
79074 79089
79533 79563
79992 79998
80131 80136
80360 80362
80782 80783
81154 81265
81457 81671
81766 81976
82375 82515
82893 82929
83247 83254
83449 83451
83933 83943
84169 84175
84571 84583
84706 84756
84923 84948
85318 85363
85532 85539
85941 85962
86162 86205
86447 86461
86593 86596
86768 86770
86811 86812
86852 86854
87188 87191
87351 87352
87724 87726
88098 88101
88406 88407
88740 88776
89201 89226
89572 89588
89926 89942
90437 90441
90892 90894
91125 91126
91221 91223
91584 91626
91756 91765
92143 92153
92465 92490
92715 92739
93141 93181
93437 93509
93977 93986
94152 94164
94475 94488
94948 94959
95336 95354
95558 95562
95752 95763
95977 95984
96234 96236
96256 96435
96814 96823
96864 96873
96920 96932
97008 97009
97312 97313
97332 97379
97500 97508
97882 98025
98482 99341
99359 99376
99608 99620
99623 99624
99970 100053
100256 100302
100525 100538
100897 100952
101359 101396
101609 101623
101738 101742
102029 102095
102289 102505
102616 102755
103166 103604
104067 104738
104813 104942
105086 105128
105183 105186
105685 105687
106117 106182
106542 106555
106735 106736
106751 106770
106887 106908
107194 107213
107697 107699
107709 107710
108058 108122
108193 108270
108455 108597
108913 109052
109439 109525
109573 109579
109654 109656
109677 109679
109829 109832
110230 110235
110622 110661
110842 110849
111054 111063
111399 111406
111445 111475
111711 111716
111729 111731
111895 111923
112283 112291
112526 112536
112817 112823
112871 112879
113207 113214
113590 113591
113642 113689
113760 113775
114194 114212
114457 114462
114763 114764
114872 114892
115082 115101
115175 115203
115404 115536
115880 116196
116206 116408
116467 116612
116890 117034
117172 117253
117422 117453
117642 117674
117843 117869
118125 118148
118293 118307
118565 118587
118666 118672
118692 118694
118908 118909
119326 119328
119806 119807
120029 120030
120177 120207
120646 120659
121139 121148
121582 121584
121883 121889
122280 122285
122723 122724
122789 122790
123044 123051
123216 123238
123454 123494
123757 123758
124057 124058
124134 124244
124339 124342
124682 124685
124985 125053
125335 125346
125490 125493
125971 126071
126189 126195
126218 126219
126313 126314
126766 126818
126957 127025
127160 127199
127535 127553
127897 127914
128186 128194
128258 128259
128752 128753
129111 129174
129542 129650
129708 129728
129821 129889
130141 130162
130194 130198
130658 130659
131043 131096
131326 131391
131661 131746
131996 132000
132437 132439
132504 132509
132546 132557
132701 132715
132897 132920
133175 133185
133382 133384
133800 133816
134117 134126
134307 134347
134585 134684
134964 134982
135343 135350
135598 135606
135782 135783
135994 136095
136580 136592
137016 137020
137288 137289
137352 137353
137433 137435
137904 137951
138441 138490
138801 138843
139114 139146
139433 139440
139688 139698
139779 139782
140255 140275
140279 140379
140649 140650
140714 140885
141168 141196
141629 141630
141685 141733
141895 141904
142235 142242
142284 142310
142719 142749
143187 143191
143530 143547
143687 143689
143770 143776
144118 144120
144212 144214
144543 144545
144993 144999
145315 145319
145666 145671
146005 146010
146442 146443
146884 146915
146948 146994
147260 147301
147445 147501
147998 148016
148036 148086
148361 148425
148563 148616
148710 148730
148888 148889
149141 149199
149392 149427
149439 149494
149793 149896
150200 150277
150518 150569
150909 150939
151353 151378
151758 151923
152390 152477
152751 152765
153215 153216
153405 153406
153875 153912
154323 154331
154560 154562
154743 154779
154873 154891
155226 155287
155763 156019
156034 156133
156199 156256
156590 156673
156771 157015
157243 157353
157570 157677
157968 157993
158140 158160
158323 158350
158714 158735
159119 159143
159461 159482
159626 159653
159878 159929
160218 160410
160672 160702
161056 161072
161448 161454
161766 161767
162184 162237
162595 162624
162816 162864
162908 162942
163178 163185
163318 163327
163455 163463
163721 163752
164005 164016
164476 164500
164678 164701
164708 164710
164847 164848
164864 164867
165243 165255
165354 165369
165403 165461
165669 165673
165704 165705
165778 165800
166038 166043
166339 166359
166753 166763
167259 167262
167752 167753
168056 168057
168257 168330
168755 168783
169270 169291
169449 169454
169797 169801
169890 169898
170159 170163
170455 170467
170804 170810
171165 171175
171486 171495
171759 171774
171790 171818
172120 172157
172296 172302
172462 172471
172579 172592
172810 172820
173305 173325
173726 173801
174294 174469
174614 174661
174896 174928
175308 175322
175463 175499
175555 175563
175734 175738
175804 175808
176264 176409
176623 176861
177167 177672
178061 179301
179312 180580
180618 180643
180754 180818
180951 181024
181337 181344
181501 181502
181507 181573
181743 181798
181865 181938
182223 182303
182304 182310
182715 182717
182854 182894
183201 183205
183485 183495
183565 183566
183698 183787
183903 183991
184390 184461
184769 184795
184947 184949
185244 185252
185253 185255
185708 185712
185949 185959
186371 186379
186393 186397
186837 186840
187261 187264
187734 187738
188088 188089
188367 188368
188631 188632
188848 188873
189297 189301
189777 189787
190169 190177
190281 190282
190490 190502
190716 190722
191045 191046
191524 191525
191781 191793
192249 192472
192772 192996
193491 193569
193834 193874
194006 194019
194051 194109
194572 194576
194954 194958
195384 195385
195725 195726
195760 195871
196048 196171
196270 196357
196651 196716
197110 197188
197373 197414
197909 197927
197928 197934
197959 197965
198068 198069
198494 198517
198617 198635
198869 198952
199409 199470
199814 199819
200053 200056
200226 200268
200724 200726
200781 200784
200979 200990
201113 201119
201360 201362
201685 201687
201813 201815
202271 202275
202632 202636
202919 203031
203305 203380
203797 204043
204213 204380
204404 204429
204884 204885
204984 204989
205148 205161
205451 205455
205722 205738
206100 206110
206443 206456
206511 206528
206709 206743
206882 206917
207393 207414
207774 207778
208265 208406
208786 209091
209314 210569
210872 211174
211262 211600
211922 211963
212134 212135
212286 212287
212376 212377
212650 212735
212977 213015
213343 213401
213887 213951
213990 213997
214219 214221
214557 214564
214857 214866
215249 215251
215502 215503
215561 215614
215716 215721
215965 215974
216457 216465
216820 216821
216869 216870
217343 217345
217825 217826
217938 217956
218028 218049
218166 218175
218440 218445
218590 218597
219025 219039
219296 219297
219712 219739
220072 220081
220447 220483
220608 220635
220705 220709
220765 220766
220830 220831
220960 220978
221121 221168
221240 221283
221775 221778
221976 221979
222024 222026
222208 222210
222224 222296
222771 222890
222914 222999
223251 223258
223572 223603
223889 223915
223969 223984
224230 224239
224524 224533
224614 224619
224945 224961
225349 225364
225414 225444
225614 225681
225852 225869
225994 226000
226348 226364
226638 226639
227133 227176
227302 227334
227577 227591
227612 227625
228087 228116
228233 228239
228651 228653
228946 228962
229420 229433
229806 229811
230223 230247
230692 230712
230832 230888
231285 231409
231690 231729
232110 232122
232127 232157
232396 232409
232773 232826
233303 233319
233326 233356
233812 233825
234269 234308
234699 234735
235071 235126
235248 235356
235801 236055
236237 236450
236783 236811
237045 237067
237458 237469
237753 237760
237951 237957
238451 238466
238468 238472
238723 238724
239134 239153
239263 239281
239390 239417
239746 239756
240138 240178
240589 240621
240753 240761
240951 240961
240996 241005
241292 241294
241400 241402
241433 241435
241475 241476
241500 241501
241751 241811
242307 242399
242424 242448
242509 242513
242838 242844
242964 242992
243377 243379
243851 243854
244161 244164
244189 244193
244497 244503
244814 244842
245325 245327
245566 245568
245673 245709
245848 245869
246233 246277
246532 246534
246645 246699
246780 246869
246954 246965
247029 247046
247381 247382
247399 247402
247806 247808
247861 247863
247981 247987
248117 248124
248500 248504
248792 248798
248828 248830
249276 249304
249618 249660
250054 250084
250422 250468
250492 250503
250692 250734
250823 250843
251253 251266
251619 251684
251863 251945
252015 252164
252657 253110
253421 254594
254971 255968
256427 256727
256753 256866
257352 257481
257814 258008
258484 258539
259009 259012
259094 259097
259495 259499
259577 259579
259639 259641
259835 259837
260227 260230
260587 260588
261013 261048
261338 261379
261689 261732
261779 261789
261969 261976
262416 262426
262582 262626
262644 262681
262928 263085
263099 263147
263512 263528
263915 263940
263987 263990
264448 264450
264679 264686
264700 264707
265156 265222
265537 265639
265858 265889
266330 266351
266610 266613
266861 266866
267149 267160
267578 267579
267948 267955
268237 268239
268389 268392
268859 268862
269217 269219
269423 269443
269603 269622
269809 269813
270121 270125
270275 270276
270363 270436
270849 270963
271436 271459
271691 271702
272052 272065
272081 272088
272460 272465
272686 272697
272859 272860
273242 273256
273436 273440
273561 273637
273994 274004
274175 274185
274311 274329
274366 274374
274868 274872
275057 275064
275329 275352
275834 275851
276255 276263
276543 276546
276689 276691
276875 276877
277359 277440
277673 277719
278108 278134
278206 278226
278356 278367
278791 278794
279028 279034
279502 279505
279631 279635
279730 279732
280092 280147
280333 280383
280650 280681
280951 280962
281318 281334
281504 281510
281550 281555
281891 281892
281895 281896
282363 282426
282836 282892
283075 283084
283422 283446
283727 283745
284199 284201
284287 284291
284505 284507
284736 284747
285108 285112
285156 285162
285413 285433
285662 285679
285683 285720
285993 286031
286105 286117
286318 286339
286394 286411
286682 286690
286875 286879
287220 287221
287281 287287
287355 287373
287716 287727
288071 288077
288205 288273
288529 288557
288805 288808
289205 289206
289557 289579
289840 289860
290333 290353
290688 290760
291210 291400
291435 291550
291978 292013
292432 292465
292745 292799
293002 293042
293496 293498
293847 293916
294406 294426
294885 294887
295127 295314
295604 295634
295894 295899
296382 296383
296472 296475
296492 296495
296508 296516
296663 296672
296812 296825
297075 297081
297398 297405
297430 297441
297680 297684
298158 298161
298475 298519
298849 298864
299132 299151
299223 299236
299448 299461
299682 299692
299979 299985
300209 300212
300449 300451
300845 300847
301181 301183
301286 301323
301809 301820
302117 302124
302518 302530
302537 302538
302668 302706
303071 303077
303433 303438
303779 303788
304257 304274
304720 304728
304803 304809
304854 304855
304910 304911
305372 305439
305718 305722
305984 305985
306385 306399
306647 306664
306869 306924
306996 307055
307503 307565
307912 307945
308056 308149
308203 308319
308661 308910
309191 309215
309603 309648
309857 309914
309985 310024
310344 310360
310639 310664
310804 310848
311104 311120
311383 311387
311436 311437
311648 311650
311796 311799
312242 312245
312473 312490
312951 312953
313393 313396
313683 313688
313788 313797
313839 313842
313929 314012
314437 314607
315028 315198
315260 315367
315766 315800
316004 316061
316536 316575
316990 317060
317375 317380
317860 317864
317883 317994
318122 318123
318611 318612
318774 318775
319057 319058
319408 319427
319856 319945
320189 320191
320438 320439
320798 320845
321207 321253
321270 321274
321574 321590
321921 321942
322429 322432
322468 322589
322974 323052
323374 323446
323476 323499
323603 323618
324015 324022
324044 324054
324467 324473
324819 324829
325064 325067
325295 325299
325446 325459
325590 325593
325761 325762
326215 326237
326344 326346
326426 326497
326574 326605
327075 327220
327445 327544
327682 327686
327725 327774
328245 328246
328543 328578
329022 329041
329441 329511
329655 329679
329723 329787
330284 330308
330569 330574
331006 331013
331413 331414
331881 331882
332247 332348
332736 332902
333002 333025
333152 333190
333563 333631
333831 333958
334301 334419
334559 334665
334839 334992
335044 335396
335729 336185
336511 337044
337420 337699
337964 338870
339273 340743
340896 341545
341781 342395
342480 342495
342894 342952
343426 343458
343832 343861
343943 343946
343969 343974
344395 344396
344412 344520
344822 344907
345322 345332
345683 345685
345817 345824
346268 346281
346706 346711
346974 346978
347076 347078
347090 347096
347328 347331
347419 347421
347437 347438
347516 347518
347632 347635
347850 347860
347957 347958
348316 348450
348725 348799
349024 349184
349517 349697
350097 350305
350414 350622
350878 351071
351162 351707
352110 353726
353815 354282
354556 355197
355201 355848
355915 356193
356611 356656
356713 356714
356837 356840
356842 356848
357318 357344
357745 357784
357941 357946
358181 358189
358380 358388
358673 358674
358983 358984
359151 359166
359537 359557
360046 360049
360234 360260
360500 360520
360659 360683
361006 361065
361405 361415
361735 361780
361980 362002
362306 362307
362553 362554
362728 362785
363005 363058
363174 363213
363541 363563
364059 364061
364428 364433
364582 364584
364619 364622
365015 365097
365303 365414
365767 365781
366105 366108
366208 366213
366675 366683
366753 366755
367166 367170
367447 367449
367786 367787
368109 368110
368271 368272
368497 368498
368538 368583
369074 369099
369175 369203
369312 369320
369463 369532
369662 369699
370147 370167
370491 370504
370880 370889
371279 371293
371581 371598
371782 371793
372095 372101
372386 372392
372481 372483
372720 372723
372901 372906
373360 373390
373494 373601
373897 374124
374538 374892
375005 375188
375318 375360
375658 375664
375949 375964
376411 376426
376733 376748
377144 377155
377487 377489
377659 377789
378128 378207
378320 378493
378716 378742
378836 378858
378879 378889
379205 379213
379382 379389
379628 379637
379734 379742
380099 380109
380416 380433
380857 380877
381119 381126
381334 381336
381363 381392
381692 381704
381819 381820
382291 382292
382450 382454
382500 382535
382826 382832
383197 383211
383445 383469
383868 383886
384252 384257
384466 384486
384820 384838
385171 385173
385478 385481
385857 385858
386191 386343
386772 386804
386819 386962
387399 387540
387737 387859
388105 388281
388470 388692
389132 389555
389813 390037
390181 390309
390680 390721
390893 390980
391042 391045
391382 391387
391403 391418
391553 391570
392043 392049
392281 392283
392515 392520
392877 392879
392892 392927
393314 393326
393591 393604
393748 393755
394144 394145
394386 394389
394701 394704
394885 394887
395351 395364
395747 395757
395965 395974
396301 396313
396762 396766
397228 397230
397314 397315
397432 397534
397916 398044
398171 398202
398415 398440
398638 398654
398898 398942
399269 399288
399599 399608
399787 399815
399974 400011
400115 400162
400595 400619
400807 400821
400822 400826
401229 401237
401692 401698
401877 401883
401983 402003
402304 402314
402440 402445
402593 402596
402814 402815
403005 403006
403144 403146
403326 403327
403408 403409
403692 403791
403816 404087
404255 404959
405174 405785
406257 406572
406791 407203
407453 407680
407840 408318
408723 408968
409454 409724
410080 410176
410290 410299
410309 410313
410473 410491
410499 410564
410699 410738
410854 410915
411190 411394
411498 411550
412006 412044
412098 412211
412516 412614
412778 412880
413211 413243
413360 413401
413697 413726
413734 413760
413789 413796
413825 413839
413978 413994
414290 414312
414573 414589
414716 414795
414814 414838
414949 414963
415040 415080
415097 415175
415616 415746
416225 416440
416739 416744
416987 417021
417292 417329
417823 417832
417854 417868
418285 418288
418323 418332
418604 418618
418899 418904
418937 419039
419210 419344
419648 419736
420082 420140
420627 420636
420994 421000
421489 421507
421687 421712
421822 421826
422249 422250
422500 422501
422720 422721
422950 422994
423195 423251
423593 423600
424000 424003
424104 424112
424561 424583
424682 424683
424762 424767
425222 425225
425280 425281
425642 425702
425925 426034
426055 426171
426505 426690
427099 427100
427580 427583
427748 427751
428202 428222
428279 428293
428662 428674
429037 429047
429539 429551
429955 429963
430456 430459
430618 430663
431047 431051
431298 431409
431849 431871
431943 431970
432252 432265
432621 432657
432987 432989
433017 433032
433167 433169
433418 433419
433715 433744
433813 433814
433857 433859
433979 434029
434208 434265
434476 434491
434571 434573
434906 435001
435201 435208
435210 435256
435435 435448
435748 435769
435894 435924
435933 435934
436143 436144
436573 436574
436588 436623
436700 436715
436880 436909
436974 436991
437006 437020
437172 437192
437655 437682
437723 437741
437780 437795
437986 437997
438193 438222
438678 438710
438747 438815
438899 438919
439211 439234
439249 439251
439664 439734
440060 440082
440401 440430
440478 440499
440940 440948
441447 441457
441552 441568
441973 441975
442422 442503
442663 442665
443058 443062
443431 443434
443829 443837
444293 444311
444542 444563
444706 444710
445058 445060
445462 445490
445675 445678
446063 446071
446127 446148
446330 446345
446811 446825
447257 447271
447396 447400
447745 447768
448043 448132
448614 448617
449064 449068
449462 449463
449952 449995
450442 450480
450736 450750
450911 450913
451283 451292
451584 451598
451743 451757
452183 452197
452515 452527
452554 452610
452960 452983
453151 453153
453480 453492
453712 453713
453941 453989
454035 454109
454379 454571
454969 455613
455787 455899
456294 456300
456630 456637
456964 456973
457113 457121
457254 457255
457637 457716
458192 458230
458560 458570
458873 458899
459287 459298
459742 459745
460117 460118
460379 460409
460893 460902
461082 461096
461313 461320
461753 461816
462001 462007
462459 462461
462826 462830
463256 463257
463261 463263
463462 463542
463779 463805
463871 463876
464015 464016
464409 464410
464456 464531
464790 464823
465086 465110
465138 465184
465328 465431
465731 465984
466218 466272
466381 466511
466638 466671
466791 466815
467083 467139
467160 467202
467664 467689
468128 468130
468281 468282
468447 468448
468800 468818
469280 469290
469508 469510
469609 469630
469728 469748
469845 469854
470338 470341
470781 470788
471087 471088
471513 471532
471916 471938
472336 472386
472506 472640
473007 473100
473390 473516
473602 473640
473847 473879
474305 474335
474431 474442
474574 474576
474606 474607
474903 474904
475024 475226
475669 476455
476832 476962
477387 478198
478442 478948
478993 479928
480197 480984
481125 481727
482048 482070
482173 482179
482256 482308
482725 482733
483010 483017
483265 483269
483724 483733
483769 483783
484261 484264
484540 484541
484953 485151
485327 485395
485863 485958
486321 486362
486563 486648
487055 487099
487382 487391
487761 487769
487867 487870
487969 487971
488257 488315
488420 488470
488807 488969
489322 489323
489603 489605
489646 489648
489923 489932
490341 490342
490611 490612
490691 490694
490960 490964
491460 491461
491612 491613
492013 492023
492028 492033
492123 492124
492287 492304
492760 492812
492981 493065
493308 493325
493594 493595
493657 493697
493930 493941
494434 494463
494502 494520
494703 494709
495049 495051
495061 495062
495329 495351
495710 495725
496172 496175
496588 496589
496655 496659
497135 497225
497276 497419
497767 497791
498053 498077
498105 498120
498553 498590
498988 499030
499078 499121
499498 499550
499582 499614
499898 499910
500390 500395
500683 500710
500955 500961
501253 501265
501561 501579
501877 501923
502419 502424
502878 502884
502969 502973
503096 503108
503480 503484
503869 503870
504033 504059
504235 504256
504681 504686
505175 505181
505427 505480
505833 505874
506120 506234
506711 506858
507328 507398
507539 507601
507929 507951
508405 508430
508744 508817
509246 509356
509533 509538
509874 509883
510049 510050
510334 510335
510597 510601
510905 511001
511355 511358
511839 511848
512099 512100
512127 512333
512552 512627
512671 512715
513087 513094
513123 513138
513478 513506
513907 513923
513990 514005
514397 514461
514937 514996
515273 515285
515656 515663
515748 515751
516091 516092
516294 516295
516369 516372
516510 516511
516902 516904
517288 517349
517829 517851
518105 518120
518594 518605
519033 519038
519166 519178
519378 519390
519735 519751
519752 519817
519858 520124
520150 520492
520531 520534
520930 520935
521395 521408
521525 521588
521856 521873
521917 521926
522298 522299
522513 522514
522788 522820
523143 523149
523444 523446
523755 523760
523848 523869
524053 524097
524313 524358
524856 524873
524935 524957
525036 525069
525080 525110
525143 525180
525634 525635
526068 526069
526097 526139
526351 526370
526611 526618
526784 526797
527062 527143
527238 527365
527635 527643
528003 528007
528071 528076
528219 528225
528525 528537
528794 528806
528917 528941
529211 529236
529297 529305
529725 529734
530000 530018
530311 530321
530769 530804
530970 531047
531432 531463
531882 531892
532042 532048
532079 532100
532477 532485
532547 532564
532748 532768
533089 533090
533589 533590
533999 534209
534690 535045
535423 535841
536072 536326
536777 537163
537324 537370
537404 537424
537565 537590
537875 537909
538306 538357
538658 538679
538919 538953
539184 539198
539580 539590
539913 539940
540004 540011
540170 540171
540627 540661
540810 540855
541215 541229
541490 541499
541735 541748
542049 542056
542189 542204
542448 542455
542922 542923
543122 543124
543239 543240
543366 543387
543799 543838
543906 544193
544287 544305
544351 544353
544659 544661
544890 544900
545005 545031
545422 545455
545954 545965
545991 545997
546398 546401
546816 546818
546884 546886
546899 546901
547115 547118
547216 547217
547388 547480
547967 548319
548633 548673
548774 548827
548956 548974
549163 549169
549361 549369
549636 549638
550012 550013
550364 550400
550821 550839
551263 551276
551712 551751
552098 552141
552195 552211
552548 552563
552734 552805
553297 553364
553567 553614
553616 553662
553702 553759
553859 553874
554309 554546
554970 556093
556413 556535
556702 557072
557315 557358
557451 557492
557873 557901
558091 558099
558153 558157
558405 558411
558701 558709
559110 559117
559584 559598
559886 559889
560203 560215
560270 560281
560594 560622
560815 560922
560995 561015
561379 561412
561820 561823
562106 562108
562535 562538
562685 562690
563039 563040
563046 563065
563097 563158
563313 563332
563552 563562
563871 563892
564040 564055
564315 564317
564449 564450
564897 564921
565243 565312
565721 565777
565850 566043
566357 566694
566714 567236
567373 567496
567987 568048
568115 568161
568199 568263
568373 568416
568701 568721
569065 569070
569569 569571
570069 570077
570468 570470
570720 570722
570760 570763
570866 570880
571182 571242
571341 571353
571669 571683
572065 572091
572163 572228
572615 572701
573074 573114
573178 573183
573651 573663
573817 573826
574089 574125
574534 574586
574840 574842
575053 575055
575176 575194
575255 575283
575590 575610
575856 575872
576184 576185
576268 576295
576314 576395
576476 576619
576957 576979
577260 577274
577750 577768
578172 578178
578493 578577
578983 579015
579320 579326
579758 579759
579768 579792
580195 580245
580562 580627
581002 581044
581294 581305
581560 581570
581710 581716
582056 582061
582085 582086
582427 582720
582932 583120
583371 583401
583589 583597
583832 583836
584074 584079
584492 584495
584736 584738
584842 584874
585145 585158
585184 585198
585530 585538
585829 585832
586240 586336
586780 586803
587048 587083
587292 587432
587925 588000
588192 588206
588697 588774
589262 589344
589530 589605
589924 590175
590451 590637
590849 590868
590945 590980
591312 591331
591372 591423
591554 591557
592006 592070
592230 592233
592499 592504
592818 592840
593127 593140
593318 593341
593751 593781
594191 594233
594514 594528
594728 594754
595085 595112
595565 595664
595889 595989
596072 596214
596557 596615
596725 596812
596876 596883
597200 597206
597387 597391
597504 597509
597826 597835
598244 598250
598559 598565
599043 599109
599233 599452
599739 599868
599995 599997
600204 600205
600596 600624
600667 600692
601087 601105
601294 601353
601718 601808
602286 602296
602774 602786
602857 602893
603356 603381
603678 603685
604018 604032
604167 604174
604599 604600
604798 604899
605335 605531
605931 606174
606435 606600
606924 606946
607052 607055
607352 607355
607539 607545
607706 607708
607930 607939
608403 608426
608774 608780
609227 609229
609334 609337
609611 609639
609705 609770
609797 609847
609898 609908
610351 610365
610440 610462
610751 610832
611152 611163
611383 611387
611619 611627
611922 611935
611945 611951
612376 612377
612627 612697
613101 613184
613298 613396
613444 613554
613623 613941
614410 614710
615080 615333
615530 615581
615706 615731
615908 615911
615986 615987
616101 616102
616309 616332
616610 616678
616958 617087
617129 617448
617860 618499
618848 619842
620052 620252
620599 620618
620999 621017
621071 621089
621484 621486
621558 621579
621627 621640
621778 621814
622066 622139
622321 622381
622787 622797
623106 623113
623231 623233
623403 623411
623692 623694
623822 623863
624116 624126
624419 624553
624593 625016
625512 626052
626130 626468
626929 627513
627879 628199
628539 628660
629094 629206
629576 629581
630008 630031
630350 630358
630604 630615
630995 631073
631566 631861
631925 632745
632900 634707
634730 636418
636815 638677
638893 640570
640695 641838
642004 642533
642760 643609
643682 647246
647452 650689
651135 654099
654320 654412
654468 654741
654980 655097
655503 655663
655881 655915
656347 656411
656649 656664
656955 656959
657412 657413
657866 657880
658191 658201
658597 658605
658768 658803
659021 659023
659380 659381
659646 659665
659965 659994
660359 660468
660647 660751
661110 661212
661270 661327
661369 661413
661862 661907
662077 662154
662392 662815
662974 663615
663852 663921
664289 664292
664733 664735
665000 665051
665539 665627
665831 666112
666152 666533
666752 666824
667029 667094
667265 667276
667631 667637
667752 667755
668028 668033
668088 668100
668179 668180
668205 668228
668708 668710
669077 669078
669314 669315
669365 669369
669765 669769
670187 670188
670269 670326
670441 670476
670891 670909
671245 671257
671377 671381
671692 671695
671918 671925
672104 672121
672267 672293
672365 672398
672787 672830
673311 673326
673572 673583
673970 673974
674107 674109
674337 674348
674715 674723
675172 675175
675436 675437
675627 675635
675866 675876
676208 676234
676620 676633
677062 677064
677320 677323
677810 677811
677855 677873
678276 678285
678634 678636
678984 678986
679201 679229
679486 679491
679722 679732
679959 679966
680225 680236
680336 680339
680676 680741
680755 680808
680931 680935
681278 681279
681318 681374
681813 681817
682082 682085
682499 682500
682879 682899
683130 683233
683531 683649
683657 683741
684144 684260
684707 684737
685236 685241
685709 685710
686016 686019
686400 686421
686723 686727
686986 686990
687297 687300
687309 687347
687453 687459
687911 687915
688321 688337
688731 688738
688976 688983
689067 689085
689136 689183
689544 689546
689945 689946
690101 690182
690574 690580
691059 691080
691306 691323
691425 691459
691463 691502
691887 691938
692148 692167
692216 692220
692281 692331
692368 692395
692516 692546
692691 692706
693058 693102
693171 693239
693476 693490
693609 693622
693976 693993
694428 694431
694620 694622
694942 694990
695259 695399
695815 696435
696869 698167
698477 698734
699117 699234
699699 699702
700002 700005
700460 700472
700581 700605
700932 700964
701035 701058
701193 701211
701414 701440
701897 701932
702343 702362
702633 702638
703023 703025
703222 703284
703562 703635
703643 703813
704275 704472
704803 704974
705271 705361
705459 705509
705583 705604
706095 706097
706273 706274
706334 706335
706705 706758
707028 707054
707199 707247
707252 707309
707675 707733
707872 707914
708357 708402
708563 708592
708683 708716
709179 709216
709268 709290
709762 709768
710144 710147
710447 710448
710463 710627
710863 710991
711004 711455
711934 712365
712793 713176
713430 713851
714164 714408
714604 714672
714807 714881
714981 714991
715114 715127
715490 715496
715782 715802
715910 715922
716278 716301
716587 716625
716838 717004
717340 717836
717908 718644
719036 720425
720742 721087
721571 723683
724169 728568
728726 731046
731058 731908
732153 732177
732627 732633
732854 732857
732962 732966
733335 733336
733540 733542
734017 734024
734443 734455
734735 734737
735033 735034
735421 735512
735828 735895
735966 735986
736133 736140
736455 736456
736479 736662
736859 736906
737327 737379
737607 737692
738015 738057
738119 738149
738327 738354
738643 738753
739062 739105
739516 739636
740132 740240
740704 741288
741370 741869
742133 742369
742656 742691
743001 743011
743175 743183
743421 743433
743710 743713
744078 744081
744087 744091
744304 744305
744328 744329
744568 744595
744811 744824
745123 745124
745484 745509
745941 745945
746210 746211
746650 746761
747214 747475
747816 748109
748474 748797
749083 749907
749916 750290
750496 750768
751217 751367
751864 751980
752309 752351
752370 752374
752753 752756
752885 753014
753270 753473
753564 753588
753646 753659
753928 753933
754344 754347
754458 754464
754951 754972
755250 755263
755453 755455
755681 755685
756080 756082
756243 756245
756647 756915
757314 757334
757523 757624
758110 758181
758545 758579
758594 758650
759067 759134
759450 759498
759865 760027
760448 760529
760944 760985
761254 761259
761688 761693
762019 762024
762516 762523
762775 762778
762857 762862
763241 763245
763289 763292
763661 763818
763852 763908
764037 764128
764498 764590
764797 764982
764995 765246
765701 765836
765929 765998
766401 766461
766719 766730
766889 766914
767049 767064
767411 767425
767486 767497
767899 767906
768301 768303
768545 768548
768659 768661
769113 769114
769429 769431
769527 769528
769629 769807
769853 769858
769879 769886
770276 770282
770666 770676
770909 770922
771212 771232
771718 771738
771825 771834
772254 772282
772628 772699
773197 773279
773505 773519
773665 773694
774143 774175
774503 774530
775006 775014
775076 775084
775522 775530
775973 775978
776091 776096
776495 776498
776710 776712
777024 777027
777387 777496
777839 777843
777949 777955
778383 778385
778787 778796
778975 778990
779093 779102
779492 779494
779676 779680
779706 779707
780031 780032
780282 780283
780626 780632
781090 781095
781345 781346
781612 781613
782065 782078
782492 782499
782663 782674
782798 782819
782850 782854
783122 783165
783309 783320
783425 783431
783706 783713
783733 783738
784201 784221
784241 784244
784337 784338
784451 784548
784755 784824
785260 785280
785718 785733
785973 785997
786198 786279
786707 786973
787421 787555
787911 787937
788053 788127
788211 788253
788677 788688
788826 788856
789267 789290
789409 789413
789514 789515
789679 789707
789795 789822
790117 790132
790157 790158
790534 790549
790802 790804
791250 791255
791530 791534
791887 791912
792064 792084
792268 792283
792536 792553
792932 792939
792947 792952
793086 793096
793495 793510
793858 793910
794311 794398
794728 794766
794977 795074
795190 795230
795272 795321
795383 795443
795805 795808
795827 795829
796015 796016
796081 796085
796548 796557
796608 796628
797055 797126
797485 797516
797657 797664
798027 798029
798522 798526
798958 798967
799385 799431
799505 799612
799785 799819
799926 799948
800187 800196
800350 800358
800497 800498
800819 800822
800927 800928
801347 801554
801979 802261
802422 802678
802844 803013
803015 803201
803206 803703
803872 804306
804327 805011
805419 805949
806156 806208
806648 806680
806890 806908
806960 806973
807154 807193
807355 807376
807708 807727
807784 807792
807837 807839
808222 808242
808339 808345
808539 808549
809010 809028
809255 809257
809728 809729
809896 809897
810211 810268
810616 810622
810726 810732
811071 811091
811427 811464
811587 811649
811751 811861
812135 812189
812190 812206
812514 812521
812657 812674
812725 812737
812767 812770
813200 813226
813301 813302
813465 813469
813504 813520
813681 813708
813738 813750
814054 814066
814178 814183
814639 814643
814866 814872
815090 815091
815170 815176
815178 815179
815657 815658
816033 816034
816094 816096
816573 816574
816635 816643
816722 816723
816894 816929
817199 817235
817245 817254
817703 817705
818027 818031
818478 818481
818822 818827
818948 818959
819144 819150
819220 819225
819284 819311
819748 819789
820037 820039
820293 820295
820510 820511
820994 820995
821400 821401
821464 821517
821886 821897
822155 822158
822251 822256
822452 822639
823074 823134
823165 823196
823480 823505
823540 823541
823908 823910
824367 824368
824681 824780
825171 825203
825329 825413
825864 825895
826361 826363
826609 826615
827110 827113
827570 827572
827897 827898
828067 828079
828497 828511
828616 828622
828924 828930
829181 829184
829675 829676
830037 830039
830318 830320
830572 830575
830748 830902
831278 831390
831704 831855
831961 832039
832406 832465
832680 832693
833063 833087
833178 833183
833640 833641
833698 833701
834020 834021
834331 834346
834799 834801
835153 835267
835718 835752
836143 836145
836323 836330
836362 836374
836452 836458
836495 836507
836991 836996
837479 837501
837760 837774
837779 837798
838102 838106
838499 838503
838917 838926
839303 839308
839645 839647
839960 839961
840286 840388
840792 840800
841294 841300
841521 841528
841844 841868
842119 842123
842316 842321
842443 842444
842586 842608
842702 842704
843072 843073
843399 843554
843746 844098
844300 844798
844947 844999
845465 845476
845641 845643
845719 845722
846105 846206
846357 846532
846653 846822
846999 847107
847319 847384
847433 847478
847948 848049
848311 848335
848549 848562
848725 848740
848993 849017
849445 849495
849506 849513
849721 849727
850153 850157
850168 850176
850194 850209
850506 850509
850546 850549
850555 850558
850582 850600
850759 850773
851198 851221
851600 851612
851974 851985
852419 852436
852512 852533
852932 852956
853392 853400
853416 853418
853856 853857
853907 853941
854386 854485
854976 855013
855415 855434
855559 855576
855970 855988
856311 856319
856444 856449
856511 856512
856546 856594
857047 857106
857230 857259
857468 857471
857938 857939
858212 858269
858693 858699
858835 858840
858867 858868
858990 859084
859092 859108
859607 859611
859730 859744
860117 860140
860229 860242
860559 860560
860874 860875
860976 861023
861378 861505
861856 861931
862037 862208
862314 862579
862922 863041
863123 863153
863444 863459
863606 863610
863733 863873
864244 864327
864330 864370
864851 864997
865024 865054
865156 865173
865254 865267
865489 865495
865987 865991
866206 866210
866546 866547
866936 867095
867367 867387
867618 867668
868049 868111
868471 868478
868854 868858
869103 869104
869418 869421
869531 869536
869561 869566
869896 869910
870090 870113
870482 870499
870712 870744
870970 870976
871175 871183
871306 871310
871732 871733
871821 871823
872314 872321
872779 872785
873129 873133
873475 873489
873751 873779
874158 874190
874251 874253
874403 874521
874623 874680
875097 875195
875641 875748
876093 876106
876272 876277
876656 876657
876659 876660
876837 876840
877170 877171
877214 877285
877650 877767
878023 878108
878557 878588
878655 878658
878925 878928
878979 878981
879023 879030
879153 879166
879359 879361
879831 879832
880233 880314
880388 880424
880474 880485
880623 880625
880722 880723
880914 880915
881347 881367
881653 881676
881940 881955
882032 882046
882168 882170
882292 882294
882469 882473
882601 882602
882843 882846
883167 883168
883268 883281
883772 883775
884155 884159
884316 884318
884790 884791
884850 884979
885372 885623
885981 886020
886284 886390
886698 886801
887029 887351
887574 888639
888726 888996
889329 890193
890508 892371
892566 894175
894572 895077
895129 895801
895908 896506
896751 897852
898089 898174
898253 898416
898602 898677
898916 898971
899396 899558
899672 899759
900068 900287
900404 900846
900901 902248
902405 910022
910184 926145
926556 928409
928532 934753
935090 935177
935352 935368
935500 935543
935594 935640
936135 936147
936627 936628
936773 936801
936841 936850
937097 937102
937318 937322
937357 937369
937659 937664
937762 937767
938017 938020
938161 938162
938449 938451
938876 938878
939003 939005
939401 939536
939925 939935
940209 940212
940652 940661
940717 940723
940902 940905
941052 941059
941466 941470
941679 941683
941979 941986
942420 942426
942660 942667
942779 942782
942798 942835
943163 943193
943392 943396
943650 943653
943975 943977
944226 944675
945013 945110
945400 945568
945763 945947
946245 946729
946850 947058
947184 947202
947293 947297
947395 947401
947795 947813
947944 947969
948451 948480
948809 948812
948861 948871
949263 949270
949427 949429
949440 949442
949752 949756
950034 950036
950355 950372
950403 950409
950540 950556
950676 950688
950836 950840
951094 951098
951408 951438
951625 951626
951686 951687
951824 951825
952254 952332
952379 952421
952442 952444
952561 952562
952927 952991
953081 953245
953533 953552
953610 953613
953878 953883
954262 954265
954698 954702
954850 954852
955262 955263
955613 955615
956112 956115
956536 956544
956821 956825
957088 957091
957536 957538
957814 957853
958331 958342
958441 958450
958522 958580
959056 959186
959475 959641
959910 960176
960674 961687
961897 962081
962215 962665
963020 963982
964055 964328
964669 964862
965236 965315
965599 965652
966003 966039
966305 966331
966735 966759
966815 966861
967153 967211
967363 967380
967543 967562
967751 967778
967986 968046
968116 968136
968511 968540
968715 968743
968744 968750
969090 969096
969189 969212
969235 969237
969453 969493
969956 970060
970189 970197
970212 970214
970496 970606
970929 970938
971201 971205
971430 971433
971668 971671
971999 972031
972284 972294
972669 972685
972925 972950
973448 973464
973917 973929
974214 974221
974378 974395
974498 974512
974810 974816
975224 975233
975491 975509
975990 976005
976480 976481
976929 977182
977507 977583
977927 978003
978198 978208
978239 978260
978715 978716
978916 978917
979034 979035
979346 979496
979574 979583
980050 980061
980273 980293
980762 980779
981245 981253
981670 981685
981943 981956
982407 982411
982471 982479
982939 982944
983166 983168
983569 983607
984030 984075
984275 984323
984512 984589
985047 985218
985388 985499
985717 985820
986194 986236
986283 986303
986534 986584
986765 986786
987257 987268
987375 987390
987438 987439
987575 987634
987947 988031
988076 988083
988459 988463
988737 988739
989048 989049
989100 989164
989538 989643
989775 989822
989946 989952
990194 990247
990395 990402
990439 990445
990737 990771
991141 991154
991480 991517
991623 991643
992112 992117
992192 992204
992396 992409
992635 992649
992766 992767
993217 993256
993731 993819
993844 993847
994070 994117
994467 994471
994552 994557
994809 994821
994862 994872
994986 994992
995443 995450
995748 995751
995914 995924
995971 995987
996170 996174
996495 996507
996918 996947
997096 997125
997208 997251
997750 997831
997984 998100
998349 998571
998581 998642
999096 999268
999526 999772
999945 1000096
1000179 1000275
1000385 1000539
1000997 1001189
1001492 1001509
1001718 1001725
1001759 1001761
1001848 1001849
1002140 1002141
1002315 1002316
1002696 1002817
1002946 1002980
1003006 1003015
1003094 1003100
1003219 1003287
1003780 1003816
1004193 1004229
1004377 1004436
1004675 1004773
1004876 1005387
1005439 1005690
1005839 1006215
1006696 1006953
1007105 1007403
1007762 1008079
1008321 1008342
1008814 1008817
1009075 1009081
1009446 1009447
1009931 1010013
1010351 1010470
1010705 1010748
1010977 1011093
1011395 1011535
1011947 1011988
1012323 1012334
1012453 1012536
1012806 1012908
1013107 1013173
1013629 1013713
1014011 1014012
1014300 1014301
1014467 1014501
1014966 1014991
1015423 1015429
1015727 1015729
1016043 1016045
1016346 1016363
1016474 1016518
1016720 1016806
1017085 1017141
1017181 1017240
1017589 1017715
1017746 1017862
1018070 1018123
1018422 1018511
1019002 1019134
1019319 1019324
1019336 1019349
1019789 1019796
1020286 1020293
1020304 1020306
1020718 1020719
1021035 1021069
1021510 1021559
1021812 1021846
1022243 1022254
1022474 1022475
1022489 1022504
1022571 1022574
1022702 1022705
1023157 1023250
1023353 1023403
1023437 1023447
1023764 1023765
1024006 1024015
1024500 1024501
1024819 1024925
1025016 1025075
1025440 1025444
1025602 1025610
1026050 1026056
1026375 1026381
1026439 1026440
1026823 1026862
1027160 1027203
1027583 1027673
1028075 1028093
1028523 1028564
1028916 1028963
1029236 1029257
1029292 1029304
1029698 1029705
1029902 1029911
1030224 1030231
1030403 1030405
1030544 1030547
1030946 1030947
1031100 1031101
1031212 1031216
1031578 1031583
1031915 1031919
1032059 1032062
1032214 1032216
1032528 1032529
1032712 1032866
1033286 1033299
1033447 1033474
1033533 1033546
1033616 1033621
1033723 1033731
1034216 1034222
1034643 1034651
1035129 1035133
1035262 1035266
1035436 1035442
1035820 1035829
1035884 1035885
1036032 1036087
1036200 1036320
1036585 1036635
1036782 1036799
1037039 1037090
1037454 1037460
1037912 1037916
1038041 1038044
1038223 1038285
1038439 1038470
1038670 1038690
1038961 1038964
1039116 1039167
1039528 1039574
1039758 1039771
1039791 1039793
1040225 1040228
1040380 1040393
1040685 1040702
1040719 1040721
1040899 1040904
1041362 1041363
1041542 1041557
1041722 1041743
1042160 1042182
1042438 1042475
1042901 1042915
1043316 1043328
1043796 1043804
1044219 1044221
1044480 1044485
1044852 1044862
1045136 1045140
1045476 1045477
1045702 1045704
1046099 1046101
1046483 1046491
1046540 1046542
1046863 1046893
1047022 1047054
1047082 1047084
1047581 1047731
1047903 1048535
1048716 1050143
1050160 1050490
1050676 1051036
1051120 1051158
1051343 1051347
1051759 1051763
1052184 1052186
1052291 1052293
1052670 1052672
1052739 1052943
1053111 1053244
1053698 1053786
1054065 1054117
1054147 1054148
1054170 1054173
1054204 1054212
1054486 1054489
1054551 1054556
1054795 1054823
1054851 1054872
1055109 1055121
1055470 1055482
1055787 1055788
1056222 1056251
1056279 1056302
1056384 1056398
1056654 1056657
1056666 1056755
1056860 1056867
1056955 1056957
1057107 1057109
1057117 1057119
1057389 1057433
1057701 1057707
1057914 1057916
1058280 1058281
1058353 1058455
1058833 1058867
1058938 1058970
1059065 1059075
1059407 1059412
1059551 1059552
1059949 1059958
1060317 1060320
1060704 1060707
1060715 1060720
1061084 1061119
1061129 1061157
1061384 1061437
1061497 1061501
1061813 1061824
1062304 1062332
1062713 1062725
1062812 1062818
1062828 1062840
1063120 1063135
1063211 1063255
1063704 1063712
1063871 1063872
1063906 1063907
1063951 1063953
1064418 1064573
1064804 1064839
1064844 1064858
1065244 1065259
1065303 1065316
1065728 1065734
1065910 1065915
1066185 1066190
1066344 1066345
1066462 1066483
1066534 1066558
1066624 1066637
1067057 1067060
1067361 1067363
1067482 1067487
1067543 1067545
1067675 1067843
1068093 1068200
1068357 1068413
1068767 1068805
1068877 1068894
1068964 1068965
1069160 1069176
1069595 1069605
1069751 1069755
1069886 1069889
1069954 1069955
1070064 1070065
1070201 1070202
1070455 1070463
1070727 1070729
1070940 1070942
1071073 1071075
1071561 1071562
1071645 1071717
1072093 1072115
1072321 1072331
1072378 1072405
1072562 1072575
1072643 1072655
1072815 1072822
1073176 1073186
1073539 1073540
1073698 1073756
1074149 1074187
1074385 1074488
1074889 1075075
1075253 1075269
1075388 1075406
1075737 1075743
1076077 1076084
1076388 1076409
1076741 1076757
1077139 1077164
1077333 1077345
1077684 1077689
1078050 1078116
1078546 1078663
1078746 1078830
1079170 1079319
1079793 1079916
1080144 1080306
1080740 1081042
1081337 1081667
1081732 1081898
1082300 1082500
1082546 1082666
1083059 1083080
1083145 1083163
1083169 1083183
1083378 1083399
1083551 1083561
1083668 1083677
1083918 1083923
1083972 1083975
1084368 1084370
1084425 1084647
1084980 1085000
1085368 1085373
1085775 1085781
1085951 1085957
1086248 1086250
1086263 1086264
1086475 1086489
1086516 1086540
1086967 1086995
1087001 1087002
1087230 1087304
1087415 1087453
1087563 1087634
1088097 1088147
1088492 1088579
1088630 1088735
1089012 1089084
1089190 1089244
1089387 1089389
1089590 1089598
1090062 1090078
1090185 1090259
1090644 1090645
1090788 1090789
1090847 1090907
1091389 1091422
1091727 1091778
1091915 1091964
1092026 1092064
1092219 1092227
1092470 1092473
1092610 1092634
1093028 1093058
1093139 1093153
1093348 1093368
1093412 1093434
1093707 1093736
1093946 1093962
1094138 1094151
1094398 1094412
1094510 1094539
1094780 1094816
1094985 1094986
1095307 1095308
1095518 1095520
1095811 1095845
1095969 1095993
1096414 1096477
1096625 1096679
1097023 1097122
1097471 1097626
1097687 1097755
1098115 1098171
1098191 1098249
1098659 1098709
1098964 1098970
1099222 1099224
1099246 1099286
1099454 1099493
1099794 1099845
1099977 1100008
1100445 1100478
1100500 1100555
1100660 1100664
1100780 1100783
1101260 1101263
1101518 1101757
1101971 1102119
1102260 1102284
1102462 1102501
1102823 1102829
1102994 1102997
1103291 1103342
1103812 1103849
1104270 1104311
1104683 1104792
1104925 1105035
1105318 1105548
1105659 1105688
1105831 1105853
1105975 1105989
1106430 1106433
1106588 1106809
1107164 1107456
1107528 1107694
1108140 1108227
1108345 1108379
1108578 1108589
1108725 1108763
1108884 1108965
1109385 1109392
1109758 1109767
1109967 1109968
1110358 1110424
1110556 1110630
1110775 1110790
1110809 1110836
1111317 1111404
1111828 1111927
1112351 1112483
1112692 1112724
1113163 1113197
1113662 1113671
1113862 1113894
1114358 1114359
1114625 1114626
1114891 1114892
1115000 1115003
1115178 1115180
1115450 1115462
1115728 1115730
1115884 1115891
1116024 1116038
1116075 1116089
1116323 1116328
1116331 1116333
1116764 1116880
1116889 1116975
1117081 1117122
1117383 1117384
1117414 1117416
1117566 1117568
1117866 1117867
1118017 1118098
1118231 1118236
1118342 1118365
1118591 1118608
1118985 1119020
1119159 1119216
1119445 1119492
1119632 1119660
1119683 1119739
1119901 1119966
1120087 1120089
1120202 1120205
1120676 1120692
1120776 1120784
1121140 1121146
1121615 1121617
1121991 1121992
1122244 1122252
1122439 1122447
1122888 1122890
1123311 1123343
1123481 1123528
1123933 1123993
1124045 1124080
1124248 1124253
1124500 1124518
1124776 1124832
1125146 1125162
1125256 1125287
1125408 1125471
1125595 1125870
1125929 1125943
1125955 1125957
1126375 1126377
1126758 1126759
1127087 1127088
1127340 1127359
1127774 1127776
1128195 1128198
1128424 1128425
1128465 1128551
1128672 1128837
1129016 1129371
1129548 1129907
1130341 1130634
1130737 1130774
1130775 1130875
1131120 1131266
1131639 1131653
1132059 1132088
1132169 1132170
1132517 1132653
1132893 1133193
1133646 1133818
1133998 1134048
1134172 1134205
1134661 1134663
1134725 1134731
1135143 1135227
1135419 1135512
1135694 1135709
1135896 1135902
1136038 1136043
1136327 1136329
1136400 1136401
1136561 1136573
1136654 1136685
1137017 1137073
1137350 1137384
1137413 1137443
1137940 1137948
1138384 1138387
1138819 1138830
1139069 1139073
1139523 1139524
1139955 1140090
1140263 1140378
1140681 1140696
1141069 1141072
1141267 1141288
1141747 1141757
1141888 1141915
1142155 1142170
1142629 1142631
1142711 1142713
1142856 1142857
1143055 1143056
1143397 1143410
1143887 1143892
1144002 1144006
1144287 1144297
1144307 1144424
1144623 1144636
1144790 1144800
1144873 1144886
1145130 1145155
1145570 1145611
1145807 1145811
1146065 1146074
1146201 1146203
1146427 1146484
1146762 1146793
1147212 1147250
1147603 1147616
1148049 1148100
1148199 1148251
1148501 1148522
1148955 1148966
1149154 1149157
1149612 1149655
1149955 1149985
1150406 1150417
1150457 1150459
1150943 1150961
1151422 1151460
1151643 1151670
1151913 1151974
1152415 1152579
1152984 1153667
1153907 1154636
1154755 1154909
1155015 1155115
1155508 1155545
1155618 1155728
1155990 1156096
1156220 1156258
1156452 1156455
1156489 1156493
1156981 1156989
1157354 1157356
1157512 1157515
1157747 1157762
1158171 1158204
1158503 1158548
1158910 1158956
1158989 1159003
1159330 1159332
1159788 1159790
1160011 1160013
1160286 1160289
1160623 1160630
1161039 1161042
1161418 1161421
1161834 1161836
1161922 1161923
1162314 1162316
1162633 1162635
1163030 1163031
1163126 1163128
1163230 1163234
1163540 1163556
1163872 1163884
1164070 1164076
1164105 1164108
1164271 1164274
1164409 1164413
1164740 1164744
1164835 1164840
1164873 1164878
1165120 1165124
1165612 1165616
1165992 1165997
1166325 1166343
1166818 1166844
1166936 1166947
1166989 1166995
1167431 1167436
1167876 1167891
1168270 1168288
1168537 1168575
1169049 1169053
1169288 1169289
1169577 1169580
1169615 1169616
1170020 1170022
1170126 1170127
1170129 1170130
1170296 1170398
1170766 1171156
1171422 1171512
1171841 1171889
1171913 1171968
1172096 1172110
1172534 1172542
1172616 1172639
1172699 1172756
1173019 1173069
1173086 1173179
1173231 1173632
1173806 1174432
1174813 1175162
1175286 1175418
1175554 1175824
1176098 1176196
1176243 1176445
1176743 1176772
1177022 1177097
1177181 1177353
1177390 1177484
1177870 1177891
1178143 1178183
1178591 1178610
1178644 1178702
1178812 1178962
1179357 1179408
1179622 1179648
1179919 1179923
1180131 1180135
1180494 1180495
1180629 1180652
1181006 1181139
1181170 1181218
1181322 1181411
1181643 1181689
1181717 1181867
1182302 1182425
1182597 1182635
1182805 1182949
1183200 1183239
1183346 1183379
1183541 1183611
1183970 1183996
1184063 1184081
1184396 1184402
1184472 1184480
1184811 1184815
1184901 1184902
1185372 1185456
1185944 1185990
1186474 1186538
1186893 1186895
1187318 1187320
1187462 1187490
1187667 1187678
1188035 1188038
1188082 1188085
1188092 1188094
1188479 1188480
1188730 1188731
1188782 1188937
1189081 1189119
1189207 1189259
1189280 1189281
1189595 1189670
1190096 1190139
1190485 1190610
1190792 1190983
1190994 1191412
1191557 1191793
1192042 1192082
1192161 1192176
1192646 1192648
1192914 1192916
1193385 1193387
1193560 1193697
1193727 1193773
1194196 1194198
1194488 1194552
1195048 1195062
1195144 1195151
1195289 1195309
1195799 1195833
1195852 1195854
1195970 1195971
1196318 1196394
1196725 1196788
1196930 1196984
1197137 1197203
1197334 1197415
1197613 1197657
1197832 1197887
1198223 1198290
1198741 1198742
1198909 1198921
1198965 1198984
1199195 1199200
1199402 1199415
1199679 1199685
1200020 1200038
1200169 1200177
1200212 1200215
1200704 1200705
1201020 1201022
1201221 1201223
1201649 1201650
1201854 1201856
1201944 1202056
1202457 1202638
1202719 1203404
1203473 1204165
1204656 1205145
1205493 1205603
1205738 1205848
1206344 1206355
1206447 1206570
1206592 1206632
1206898 1206907
1207101 1207115
1207409 1207411
1207433 1207434
1207570 1207615
1208072 1208206
1208437 1208924
1209140 1209328
1209332 1209346
1209769 1209787
1210105 1210110
1210293 1210297
1210382 1210385
1210700 1210713
1210824 1210827
1210927 1210973
1211187 1211237
1211650 1211690
1211882 1211901
1212387 1212392
1212613 1212659
1212872 1212874
1213255 1213257
1213401 1213402
1213433 1213435
1213450 1213496
1213949 1214090
1214537 1214856
1215223 1215570
1215758 1216401
1216441 1216560
1216878 1216953
1217333 1217617
1217940 1218080
1218097 1218190
1218450 1218504
1218714 1218776
1218891 1218983
1219441 1219657
1219744 1220299
1220461 1220502
1220931 1220965
1221180 1221184
1221423 1221435
1221790 1221821
1222136 1222213
1222231 1222322
1222366 1222625
1222950 1222977
1223083 1223092
1223357 1223363
1223680 1223682
1223729 1223730
1223751 1223780
1224161 1224185
1224542 1224549
1224936 1224947
1224994 1225003
1225185 1225193
1225525 1225528
1225531 1225534
1225631 1225634
1225830 1225832
1226171 1226182
1226411 1226420
1226877 1226898
1227361 1227388
1227667 1227670
1227891 1227901
1228379 1228382
1228846 1228849
1229134 1229161
1229230 1229265
1229304 1229334
1229492 1229493
1229852 1229925
1230385 1230386
1230743 1230745
1231188 1231189
1231572 1231577
1231901 1231911
1232272 1232276
1232372 1232374
1232866 1232867
1233296 1233350
1233527 1233574
1233640 1233643
1233787 1233790
1234203 1234205
1234584 1234587
1234679 1234687
1235007 1235035
1235427 1235468
1235818 1235887
1236167 1236170
1236320 1236413
1236540 1236593
1236787 1236869
1237077 1237168
1237323 1237460
1237503 1237549
1238011 1238017
1238363 1238366
1238420 1238552
1239027 1239810
1239984 1243152
1243535 1245588
1245879 1247193
1247321 1248645
1248780 1249678
1250062 1250890
1251232 1251530
1251815 1252004
1252417 1252570
1252685 1252724
1252938 1252976
1253131 1253170
1253269 1253283
1253285 1253291
1253538 1253544
1253869 1253875
1253968 1253977
1254465 1254472
1254667 1254673
1255106 1255138
1255306 1255534
1255973 1256131
1256495 1256692
1257035 1257085
1257414 1257434
1257845 1257855
1257894 1257910
1258276 1258281
1258691 1258695
1259092 1259095
1259447 1259448
1259474 1259475
1259895 1259986
1260166 1260191
1260287 1260289
1260600 1260605
1260762 1260770
1261166 1261171
1261318 1261319
1261361 1261484
1261763 1261765
1261961 1262022
1262068 1262103
1262511 1262534
1262770 1262791
1262921 1262939
1263243 1263248
1263709 1263716
1263760 1263778
1263870 1263874
1264086 1264114
1264304 1264322
1264488 1264537
1264769 1264812
1264948 1265071
1265183 1265247
1265445 1265465
1265739 1265740
1266234 1266283
1266298 1266369
1266749 1266905
1267194 1267256
1267534 1267588
1267852 1267903
1268392 1268476
1268517 1268534
1268909 1268911
1269163 1269205
1269538 1269546
1269572 1269582
1269592 1269610
1269733 1269747
1270006 1270019
1270433 1270435
1270571 1270704
1270945 1271149
1271447 1271460
1271626 1271627
1272123 1272125
1272352 1272353
1272729 1272758
1273249 1273265
1273668 1273679
1274150 1274152
1274645 1274649
1274685 1274686
1274765 1274766
1274867 1274881
1275136 1275152
1275382 1275390
1275567 1275581
1275672 1275679
1276047 1276052
1276085 1276093
1276426 1276430
1276681 1276685
1277070 1277072
1277130 1277202
1277498 1277504
1277949 1277963
1278252 1278263
1278671 1278675
1278720 1278729
1279044 1279051
1279204 1279212
1279524 1279525
1280004 1280006
1280048 1280049
1280460 1280658
1280764 1281019
1281096 1281513
1281985 1282438
1282519 1282997
1283415 1284118
1284162 1285475
1285796 1288298
1288703 1289149
1289622 1289631
1289842 1289856
1290047 1290122
1290189 1290235
1290595 1290658
1291045 1291073
1291542 1291600
1291627 1291656
1291690 1291705
1292170 1292190
1292288 1292348
1292465 1292555
1292821 1292896
1293135 1293167
1293478 1293545
1293828 1293896
1293971 1294006
1294350 1294352
1294715 1294717
1295022 1295025
1295253 1295255
1295683 1295684
1295930 1295981
1296051 1296109
1296130 1296145
1296270 1296274
1296461 1296468
1296881 1296903
1297185 1297228
1297725 1297754
1297865 1297901
1298267 1298312
1298499 1298519
1298912 1298913
1299145 1299244
1299709 1299795
1300160 1300403
1300758 1301151
1301429 1301560
1301640 1301722
1302064 1302078
1302391 1302395
1302555 1302559
1302863 1302865
1302894 1302899
1303205 1303208
1303423 1303425
1303863 1303864
1304067 1304090
1304397 1304398
1304427 1304428
1304514 1304515
1304788 1304789
1304948 1304949
1305052 1305084
1305430 1305461
1305926 1305955
1306138 1306145
1306324 1306325
1306745 1306746
1306879 1306880
1307096 1307098
1307203 1307205
1307483 1307484
1307808 1307809
1307811 1307814
1308089 1308099
1308171 1308227
1308603 1308620
1309047 1309063
1309324 1309352
1309465 1309494
1309989 1309993
1310138 1310298
1310628 1310665
1310874 1310876
1311245 1311256
1311582 1311590
1311740 1311744
1311764 1311765
1311878 1311882
1312140 1312153
1312455 1312460
1312696 1312697
1313128 1313131
1313427 1313433
1313580 1313582
1313904 1313905
1313992 1313994
1314474 1314477
1314506 1314510
1314656 1314674
1314748 1314749
1315232 1315239
1315283 1315297
1315372 1315392
1315768 1315776
1316153 1316162
1316421 1316430
1316600 1316607
1316986 1317002
1317264 1317265
1317465 1317485
1317730 1317761
1318108 1318115
1318307 1318315
1318390 1318403
1318693 1318696
1318964 1318969
1318977 1318980
1319071 1319107
1319401 1319412
1319499 1319502
1319831 1319836
1320026 1320084
1320136 1320159
1320458 1320460
1320699 1320700
1320784 1320788
1321190 1321198
1321632 1321657
1321666 1321717
1321727 1321809
1322193 1322297
1322410 1322450
1322537 1322542
1322883 1322885
1322979 1322985
1323077 1323083
1323313 1323326
1323419 1323424
1323737 1323745
1324121 1324125
1324415 1324417
1324424 1324425
1324769 1324831
1324860 1324916
1325211 1325261
1325573 1325595
1325702 1325706
1325937 1325940
1326343 1326346
1326374 1326375
1326786 1326790
1326820 1326830
1327171 1327178
1327394 1327395
1327754 1327757
1328095 1328100
1328586 1328590
1328627 1328631
1328675 1328676
1329146 1329166
1329267 1329276
1329574 1329577
1329755 1329760
1329968 1329969
1330368 1330434
1330520 1330776
1331022 1331023
1331086 1331088
1331330 1331380
1331781 1331804
1331965 1332019
1332162 1332172
1332174 1332178
1332463 1332520
1332969 1333012
1333428 1333455
1333748 1333753
1333777 1333782
1334088 1334095
1334303 1334312
1334437 1334438
1334469 1334470
1334553 1334659
1334777 1334797
1335012 1335025
1335418 1335422
1335593 1335594
1336011 1336014
1336102 1336115
1336247 1336251
1336594 1336695
1336896 1337133
1337621 1337946
1338261 1339053
1339283 1341064
1341417 1342161
1342347 1342513
1342977 1343376
1343819 1343908
1344009 1344011
1344057 1344060
1344223 1344226
1344712 1344768
1345266 1345390
1345610 1345785
1346136 1346380
1346385 1346535
1346884 1347068
1347240 1347328
1347762 1348004
1348078 1348360
1348560 1348602
1349076 1349136
1349249 1349293
1349437 1349464
1349836 1349884
1349941 1350004
1350060 1350071
1350553 1350559
1350760 1350819
1351019 1351052
1351449 1351456
1351813 1351815
1351935 1351937
1352019 1352020
1352104 1352177
1352575 1352612
1352732 1352765
1353206 1353233
1353286 1353336
1353630 1353638
1353884 1353902
1354309 1354357
1354436 1354498
1354767 1354795
1355142 1355158
1355217 1355223
1355576 1355582
1356021 1356028
1356384 1356398
1356600 1356610
1357105 1357131
1357606 1357620
1357796 1357797
1358054 1358113
1358390 1358400
1358447 1358501
1358823 1358885
1359332 1359412
1359761 1359817
1360035 1360044
1360307 1360308
1360590 1360591
1360697 1360742
1361092 1361110
1361241 1361247
1361541 1361543
1361947 1361948
1362027 1362032
1362392 1362395
1362586 1362623
1362919 1362959
1363359 1363383
1363457 1363467
1363561 1363566
1363817 1363820
1364280 1364308
1364443 1364466
1364922 1364954
1365401 1365405
1365725 1365736
1365924 1365927
1366191 1366196
1366674 1366785
1367226 1367283
1367643 1367736
1367759 1367828
1367937 1367942
1368206 1368216
1368691 1368692
1368790 1368791
1369240 1369241
1369705 1369716
1369991 1369999
1370377 1370390
1370517 1370520
1370589 1370590
1370749 1370769
1371046 1371077
1371157 1371165
1371512 1371538
1371834 1371840
1372136 1372137
1372606 1372607
1373049 1373050
1373384 1373535
1373905 1374098
1374200 1374262
1374759 1374778
1374939 1374966
1375342 1375392
1375514 1375588
1375614 1375702
1375705 1375801
1376036 1376064
1376349 1376360
1376649 1376651
1376774 1376775
1376858 1376859
1376882 1377015
1377065 1377298
1377731 1377794
1378065 1378086
1378363 1378417
1378852 1378888
1379176 1379226
1379420 1379429
1379447 1379448
1379748 1379756
1380186 1380198
1380379 1380384
1380689 1380691
1381011 1381016
1381458 1381462
1381927 1381928
1382197 1382232
1382479 1382488
1382631 1382633
1383040 1383042
1383106 1383118
1383389 1383392
1383773 1383782
1383822 1383828
1384066 1384070
1384317 1384333
1384794 1384803
1385019 1385026
1385175 1385179
1385274 1385285
1385294 1385295
1385584 1385607
1386057 1386081
1386278 1386280
1386520 1386528
1386601 1386603
1386658 1386662
1386844 1386853
1386986 1386997
1387295 1387315
1387419 1387422
1387508 1387511
1387625 1387626
1387803 1387885
1388090 1388108
1388556 1388557
1388984 1388988
1389232 1389234
1389611 1389613
1389898 1389899
1389975 1389976
1390237 1390309
1390645 1390646
1390790 1390791
1390891 1390930
1391390 1391416
1391486 1391490
1391923 1391934
1392413 1392419
1392421 1392422
1392699 1392700
1392736 1392965
1393313 1393648
1393689 1393833
1393988 1394136
1394343 1394390
1394655 1394706
1394814 1394828
1394921 1394940
1395336 1395375
1395502 1395519
1395609 1395611
1395644 1395672
1395849 1395861
1396078 1396089
1396488 1396491
1396798 1396841
1397023 1397035
1397052 1397075
1397532 1397538
1398033 1398050
1398345 1398359
1398384 1398399
1398586 1398589
1398903 1398912
1399188 1399226
1399632 1399646
1400035 1400048
1400199 1400211
1400366 1400389
1400751 1400752
1400932 1400936
1400937 1400944
1401224 1401236
1401418 1401419
1401489 1401499
1401748 1401783
1402192 1402264
1402611 1402698
1403179 1403276
1403767 1403952
1404393 1404550
1404858 1404949
1404990 1405017
1405021 1405056
1405119 1405142
1405538 1405557
1405719 1405727
1405809 1405816
1405890 1405891
1405928 1405931
1406375 1406378
1406821 1406827
1406975 1406976
1407112 1407268
1407756 1407989
1408029 1408241
1408306 1408552
1408565 1408753
1408791 1408822
1408852 1408854
1408947 1408981
1409336 1409339
1409590 1409603
1410038 1410042
1410541 1410555
1410615 1410628
1410648 1410652
1411005 1411007
1411316 1411317
1411678 1411747
1412102 1412110
1412135 1412136
1412591 1412681
1412767 1412847
1412918 1412978
1413440 1413482
1413578 1413699
1413801 1413917
1414383 1414424
1414921 1414928
1415171 1415175
1415205 1415210
1415654 1415663
1415930 1415940
1416142 1416187
1416225 1416310
1416539 1416702
1416709 1416828
1417088 1417258
1417264 1418010
1418028 1418496
1418939 1418957
1419067 1419097
1419289 1419303
1419716 1419728
1420179 1420215
1420701 1420755
1421123 1421199
1421201 1421387
1421591 1422462
1422478 1422807
1423105 1423129
1423585 1423588
1423942 1423945
1424441 1424449
1424763 1424780
1424942 1424947
1425224 1425229
1425392 1425406
1425656 1425657
1426140 1426141
1426168 1426203
1426301 1426304
1426364 1426369
1426405 1426423
1426855 1426888
1427329 1427341
1427628 1427678
1427740 1427834
1428245 1428274
1428475 1428489
1428576 1428583
1428586 1428589
1428597 1428598
1428946 1428956
1429368 1429378
1429488 1429510
1429869 1429886
1430256 1430289
1430726 1430731
1430944 1430953
1431260 1431267
1431344 1431345
1431543 1431544
1431771 1431788
1431789 1431792
1432115 1432119
1432483 1432485
1432818 1432841
1433133 1433163
1433611 1433643
1434124 1434128
1434148 1434160
1434563 1434569
1434645 1434646
1434823 1434849
1435274 1435288
1435294 1435300
1435456 1435458
1435731 1435797
1435916 1436040
1436529 1436616
1436763 1436822
1436846 1436874
1437156 1437184
1437498 1437590
1437906 1437991
1438407 1438626
1438966 1439056
1439097 1439219
1439398 1439412
1439704 1439732
1440069 1440075
1440319 1440323
1440791 1440792
1441247 1441278
1441483 1441492
1441561 1441586
1442012 1442024
1442441 1442456
1442596 1442607
1442713 1442718
1443202 1443246
1443553 1443585
1443612 1443630
1443968 1443976
1444071 1444118
1444180 1444233
1444450 1444454
1444577 1444579
1444830 1444832
1444891 1445053
1445446 1445501
1445943 1445994
1446393 1446430
1446927 1446973
1447330 1447361
1447660 1447690
1447727 1447764
1447959 1447968
1448104 1448109
1448279 1448281
1448283 1448317
1448624 1448640
1448994 1449009
1449181 1449214
1449544 1449568
1449831 1449835
1450309 1450382
1450494 1450575
1450928 1450958
1451145 1451152
1451355 1451384
1451683 1451694
1451951 1451973
1452030 1452040
1452334 1452338
1452727 1452733
1452748 1452751
1453122 1453124
1453457 1453458
1453947 1453962
1454160 1454193
1454277 1454315
1454738 1454746
1454907 1454914
1455156 1455158
1455441 1455442
1455480 1455481
1455832 1455836
1456031 1456039
1456432 1456439
1456441 1456455
1456686 1456715
1456774 1456776
1457203 1457205
1457311 1457424
1457858 1458013
1458482 1458688
1458940 1458984
1459381 1459402
1459845 1459891
1460195 1460196
1460232 1460234
1460725 1460733
1460782 1460830
1460967 1460968
1461201 1461279
1461619 1461953
1461980 1462190
1462626 1463036
1463151 1463322
1463648 1464016
1464420 1464448
1464452 1464472
1464529 1464556
1465017 1465034
1465060 1465105
1465178 1465255
1465375 1465376
1465395 1465407
1465557 1465565
1465867 1466006
1466080 1466179
1466212 1466260
1466322 1466404
1466653 1466673
1467049 1467142
1467602 1467706
1468057 1468070
1468189 1468208
1468626 1468627
1468975 1469030
1469092 1469131
1469513 1469545
1469955 1470054
1470414 1470653
1470847 1471298
1471603 1472172
1472277 1472548
1472754 1473183
1473330 1473360
1473457 1473483
1473900 1473908
1474147 1474170
1474218 1474242
1474323 1474420
1474589 1474686
1475023 1475129
1475187 1475288
1475634 1475742
1476146 1476171
1476590 1476614
1476686 1476688
1476992 1476994
1477459 1477461
1477646 1477647
1477660 1477661
1478046 1478068
1478533 1478538
1478908 1478912
1479185 1479186
1479384 1479386
1479436 1479443
1479766 1479775
1479818 1479865
1480056 1480128
1480517 1480544
1480729 1480747
1481002 1481007
1481345 1481365
1481504 1481517
1481722 1481746
1481896 1481907
1481955 1481958
1482310 1482494
1482536 1482614
1483107 1483269
1483679 1483981
1484434 1484729
1484755 1484859
1485250 1485384
1485485 1485593
1485620 1485890
1486309 1487371
1487771 1488593
1488792 1489207
1489258 1489357
1489792 1489868
1490262 1490293
1490403 1490446
1490575 1490581
1490940 1490941
1491258 1491329
1491754 1491764
1491871 1491880
1492003 1492010
1492282 1492285
1492509 1492538
1492763 1492767
1493064 1493070
1493138 1493143
1493434 1493553
1493943 1494087
1494543 1494562
1494696 1494723
1494825 1494826
1495299 1495315
1495692 1495693
1495779 1495780
1496263 1496360
1496783 1496802
1497300 1497305
1497698 1497701
1498070 1498072
1498197 1498209
1498497 1498509
1498751 1498780
1499109 1499120
1499355 1499363
1499608 1499612
1499903 1499905
1500129 1500130
1500393 1500413
1500520 1500554
1500781 1500789
1500881 1500888
1501237 1501270
1501658 1501706
1501825 1501917
1502071 1502348
1502707 1503118
1503308 1503405
1503474 1503497
1503520 1503530
1503923 1503924
1504182 1504244
1504269 1504271
1504693 1504695
1504728 1504731
1504837 1504843
1504940 1504944
1505156 1505216
1505661 1505689
1505860 1505924
1506041 1506071
1506180 1506195
1506585 1506613
1507068 1507075
1507264 1507407
1507473 1507578
1507613 1507908
1507926 1508262
1508471 1508475
1508663 1508666
1509110 1509111
1509554 1509557
1509754 1509766
1509979 1510003
1510011 1510066
1510384 1510397
1510485 1510503
1510758 1510780
1510804 1510831
1511330 1511342
1511449 1511454
1511922 1511924
1512218 1512256
1512469 1512506
1512739 1512764
1512849 1512911
1512954 1513058
1513176 1513273
1513521 1513591
1513763 1513785
1513817 1513825
1514160 1514171
1514490 1514496
1514532 1514534
1514808 1514860
1515029 1515195
1515666 1516077
1516149 1516975
1517428 1518734
1519151 1519546
1520042 1520159
1520171 1520385
1520573 1521036
1521047 1521198
1521231 1521452
1521751 1521893
1522031 1522040
1522393 1522396
1522599 1522601
1522925 1522926
1522940 1522980
1523404 1523473
1523602 1523796
1524120 1524347
1524644 1524742
1524783 1524964
1525144 1525163
1525288 1525295
1525580 1525597
1525908 1525912
1526238 1526242
1526618 1526641
1527054 1527079
1527313 1527345
1527822 1527831
1528112 1528162
1528518 1528572
1528623 1528786
1529119 1529241
1529620 1530027
1530048 1533279
1533475 1533640
1533881 1533912
1533913 1533932
1534030 1534043
1534141 1534151
1534609 1534628
1534801 1534824
1535015 1535029
1535446 1535450
1535478 1535479
1535698 1535937
1536364 1536373
1536455 1536460
1536762 1536768
1537184 1537186
1537679 1537782
1537997 1538059
1538252 1538347
1538555 1538892
1539308 1539315
1539345 1539347
1539787 1539788
1540018 1540067
1540182 1540239
1540721 1540736
1540737 1540741
1541019 1541023
1541346 1541348
1541371 1541509
1541516 1541520
1541625 1541631
1541859 1541861
1542001 1542140
1542226 1542238
1542242 1542243
1542278 1542306
1542660 1542681
1543039 1543052
1543145 1543146
1543524 1543567
1544020 1544034
1544225 1544232
1544469 1544470
1544832 1544833
1545133 1545336
1545443 1545654
1546080 1546157
1546330 1546405
1546859 1546866
1547120 1547302
1547441 1547768
1547987 1548000
1548308 1548317
1548410 1548417
1548861 1548958
1548991 1549042
1549089 1549115
1549300 1549301
1549468 1549489
1549882 1549897
1550278 1550307
1550691 1550720
1550774 1550826
1550903 1551032
1551087 1551118
1551414 1551450
1551455 1551463
1551791 1551800
1551834 1551840
1551956 1551966
1552395 1552418
1552827 1552829
1553106 1553107
1553500 1553501
1553696 1553708
1554001 1554003
1554377 1554380
1554625 1554660
1554990 1555014
1555124 1555153
1555270 1555275
1555709 1555710
1555775 1555810
1556264 1556296
1556620 1556621
1556867 1556901
1557114 1557156
1557180 1557189
1557552 1557558
1557790 1557803
1557805 1557823
1557832 1557853
1557945 1557957
1558449 1558452
1558618 1558623
1558998 1559001
1559129 1559135
1559563 1559578
1559692 1559710
1559787 1559797
1560272 1560279
1560477 1560480
1560582 1560583
1560611 1560640
1561122 1561198
1561453 1561517
1561558 1561563
1561949 1561963
1562255 1562277
1562712 1562723
1562747 1562765
1563049 1563105
1563147 1563242
1563404 1563481
1563960 1564152
1564225 1564303
1564572 1564661
1565116 1565135
1565286 1565287
1565720 1565729
1565866 1565873
1566111 1566115
1566294 1566297
1566553 1566591
1567081 1567097
1567306 1567350
1567387 1567449
1567493 1567498
1567671 1567672
1568043 1568044
1568471 1568520
1568810 1568824
1568896 1568899
1568937 1569136
1569633 1569753
1570195 1570400
1570528 1570574
1570969 1570973
1571379 1571383
1571680 1571682
1572008 1572035
1572467 1572516
1572567 1572612
1572920 1572926
1573252 1573254
1573727 1573733
1573893 1573905
1574318 1574322
1574667 1574678
1574957 1574965
1575212 1575219
1575508 1575515
1575793 1575794
1576214 1576280
1576519 1576550
1576737 1576740
1577136 1577137
1577580 1577581
1577737 1577741
1578020 1578021
1578200 1578264
1578547 1578718
1579207 1579259
1579508 1579621
1579995 1580167
1580463 1581152
1581626 1581763
1581880 1581898
1582162 1582168
1582458 1582459
1582599 1582600
1582954 1582969
1583390 1583406
1583459 1583485
1583738 1583750
1584034 1584044
1584260 1584266
1584463 1584473
1584940 1584945
1585202 1585205
1585212 1585213
1585427 1585428
1585684 1585734
1585760 1585817
1586266 1586271
1586353 1586429
1586656 1586661
1587051 1587055
1587538 1587547
1587914 1587932
1588188 1588195
1588254 1588259
1588711 1588755
1588865 1588896
1589070 1589117
1589517 1589537
1589712 1589714
1589880 1589881
1589963 1589964
1590269 1590289
1590758 1590806
1590993 1591053
1591106 1591137
1591486 1591516
1591893 1591910
1592302 1592316
1592478 1592495
1592807 1592819
1593085 1593091
1593555 1593560
1593919 1593921
1594013 1594019
1594031 1594033
1594430 1594432
1594923 1594925
1594974 1594976
1595140 1595227
1595667 1595707
1595916 1595930
1596129 1596159
1596620 1596651
1597080 1597114
1597293 1597316
1597407 1597423
1597748 1597749
1598181 1598182
1598382 1598383
1598765 1598767
1599045 1599074
1599084 1599088
1599246 1599249
1599430 1599433
1599463 1599466
1599528 1599532
1599853 1599855
1600294 1600296
1600512 1600515
1600649 1600650
1601004 1601060
1601167 1601255
1601652 1601816
1602131 1602221
1602393 1602458
1602657 1602675
1602988 1602991
1603275 1603276
1603616 1603661
1604002 1604020
1604149 1604150
1604628 1604663
1604804 1604808
1605062 1605064
1605197 1605264
1605457 1605477
1605561 1605579
1606004 1606019
1606399 1606435
1606467 1606520
1606632 1606688
1606792 1606824
1607238 1607402
1607424 1607437
1607714 1607726
1607909 1607916
1608340 1608344
1608822 1608823
1608967 1608997
1609367 1609371
1609592 1609595
1609697 1609725
1609849 1609884
1610352 1610416
1610578 1610612
1611038 1611062
1611148 1611168
1611337 1611342
1611662 1611680
1612095 1612097
1612396 1612398
1612578 1612585
1613058 1613061
1613460 1613462
1613611 1613613
1613857 1613866
1613933 1613936
1614099 1614144
1614248 1614267
1614719 1614724
1615211 1615213
1615446 1615448
1615703 1615820
1616101 1616240
1616613 1617010
1617220 1617611
1617979 1618795
1619289 1619601
1619793 1620078
1620236 1621609
1621943 1623770
1623849 1624862
1625206 1625504
1625712 1625747
1625831 1625847
1626286 1626288
1626689 1626691
1627076 1627078
1627524 1627527
1627551 1627553
1627685 1627686
1627852 1627866
1628266 1628271
1628401 1628408
1628853 1628858
1629348 1629371
1629497 1629572
1629635 1629676
1629823 1629825
1629899 1629903
1630375 1630380
1630764 1630765
1630825 1630917
1630980 1631042
1631432 1631566
1631744 1631812
1632225 1632243
1632400 1632404
1632419 1632421
1632697 1632698
1633122 1633125
1633256 1633259
1633686 1633687
1633894 1633895
1634204 1634230
1634354 1634361
1634832 1634836
1634876 1634877
1635323 1635393
1635662 1635734
1636121 1636261
1636522 1636547
1636860 1636913
1637164 1637294
1637793 1637803
1638231 1638233
1638681 1638692
1638887 1638889
1639345 1639346
1639569 1639582
1639908 1639912
1640302 1640309
1640456 1640457
1640476 1640477
1640815 1640817
1641202 1641212
