133 150
419 447
690 777
875 897
1148 1184
1563 1568
1754 1772
1892 1902
2034 2122
2230 2280
2586 2609
3043 3120
3475 3549
4028 4045
4126 4155
4157 4180
4205 4248
4533 4605
4641 4653
5094 5119
5312 5394
5768 5852
6050 6073
6289 6371
6511 6582
7033 7132
7150 7178
7390 7448
7744 7824
8037 8114
8184 8234
8668 8682
8802 8821
8958 9015
9501 9540
9986 10003
10223 10270
10457 10526
10666 10750
10877 10879
11354 11424
11656 11752
11784 11848
12106 12157
12306 12381
12788 12849
13106 13131
13145 13229
13402 13466
13770 13826
13899 13938
13996 14008
14176 14214
14653 14655
14878 14953
15071 15129
15291 15322
15602 15661
15819 15865
16046 16078
16292 16335
16416 16504
16554 16588
16980 16996
17126 17159
17492 17557
18042 18127
18209 18217
18525 18569
18674 18731
18900 18927
19016 19021
19257 19302
19715 19754
20154 20231
20238 20337
20720 20743
20801 20817
21194 21201
21647 21746
22078 22149
22247 22299
22784 22865
23036 23077
23361 23437
23585 23680
24092 24146
24314 24386
24645 24705
24718 24798
24824 24886
25077 25170
25637 25662
26148 26167
26620 26673
26808 26870
27106 27178
27474 27492
27863 27935
28282 28377
28572 28638
28860 28883
29153 29202
29547 29639
29696 29751
30094 30139
30224 30229
30381 30455
30791 30801
31167 31222
31449 31511
31932 31991
32151 32196
32516 32594
32897 32975
33342 33401
33610 33666
34144 34221
34315 34353
34848 34922
35126 35167
35569 35632
35716 35740
35826 35922
36385 36477
36874 36928
37377 37468
37604 37695
38000 38064
38353 38371
38666 38699
39124 39163
39234 39257
39290 39319
39535 39605
39988 40052
40512 40565
41013 41029
41383 41389
41439 41466
41884 41932
42151 42242
42695 42702
42859 42956
43398 43449
43814 43883
44340 44349
44790 44804
45156 45224
45714 45806
46305 46354
46573 46621
46888 46957
46978 47067
47327 47353
47412 47490
47516 47570
47683 47767
48054 48153
48472 48479
48730 48751
49013 49038
49105 49143
49266 49276
49750 49784
50209 50248
50649 50712
50780 50829
51299 51384
51396 51493
51756 51835
52036 52103
52535 52617
52657 52756
53064 53082
53314 53386
53538 53566
53646 53725
54158 54228
54627 54690
54721 54742
54747 54815
55205 55292
55515 55602
55801 55884
56101 56165
56638 56723
57076 57081
57241 57306
57605 57689
58106 58162
58396 58480
58508 58573
58852 58882
59313 59316
59444 59537
59703 59784
60053 60142
60580 60674
60815 60837
61310 61338
61723 61759
62099 62163
62654 62726
62871 62896
62905 62936
63019 63117
63576 63658
63853 63899
63915 63967
64324 64361
64645 64704
65063 65113
65549 65553
65740 65755
65815 65895
66304 66379
66611 66709
66764 66829
66915 67009
67155 67247
67507 67544
67696 67716
67896 67961
68336 68375
68450 68465
68742 68830
69149 69162
69620 69668
69684 69693
69699 69756
69777 69849
70272 70283
70626 70630
70885 70974
71414 71443
71590 71628
71666 71734
71960 72035
72430 72507
72706 72736
73063 73080
73167 73186
73402 73453
73533 73592
73818 73909
73934 73957
74053 74072
74275 74282
74704 74763
75200 75242
75419 75495
75810 75883
76106 76141
76191 76289
76758 76811
77161 77202
77435 77523
77718 77805
78140 78218
78272 78287
78478 78499
78977 79015
79378 79467
79870 79966
80347 80445
80514 80583
80586 80662
81007 81036
81245 81294
81450 81502
81700 81746
82061 82148
82207 82244
82598 82627
82904 82944
83260 83315
83376 83440
83651 83686
83929 83991
84304 84374
84381 84441
84453 84490
84978 85011
85462 85498
85677 85699
85727 85747
86073 86116
86249 86292
86788 86858
87347 87408
87744 87789
87987 88041
88395 88407
88778 88834
89193 89271
89698 89792
90240 90299
90310 90384
90484 90507
90625 90652
90710 90743
90870 90895
90970 91017
91246 91345
91416 91495
91983 92029
92519 92606
92794 92853
93006 93030
93295 93377
93557 93653
93936 93948
94206 94238
94492 94566
95014 95033
95488 95490
95727 95779
95793 95854
95909 95984
96436 96515
96694 96696
97009 97052
97135 97202
97509 97513
97535 97625
97961 97982
98197 98255
98405 98456
98797 98806
99249 99342
99740 99820
100174 100228
100675 100749
100987 101072
101383 101392
101571 101657
101926 101941
102072 102081
102191 102212
102334 102362
102430 102454
102818 102856
103055 103084
103505 103604
103682 103749
103811 103900
103978 104050
104391 104417
104422 104499
104789 104810
104988 105028
105293 105355
105792 105862
106247 106346
106741 106817
107088 107125
107340 107392
107716 107718
107808 107856
108222 108300
108373 108412
108738 108807
109096 109140
109571 109659
109773 109782
109921 109940
110296 110335
110384 110448
110490 110559
110888 110903
111073 111117
111486 111577
111934 111954
112371 112464
112674 112773
112812 112837
112839 112924
113135 113193
113576 113658
113718 113798
114060 114159
114217 114251
114611 114654
115060 115078
115325 115412
115754 115834
116070 116101
116264 116290
116541 116589
116867 116884
117366 117450
117645 117660
117661 117759
117933 117942
117987 118017
118205 118228
118349 118438
118796 118828
119309 119331
119428 119447
119753 119776
120062 120093
120592 120598
121049 121083
121437 121526
121879 121881
122345 122381
122867 122928
123167 123264
123701 123737
123867 123901
123964 123967
124126 124178
124647 124660
125001 125024
125514 125536
125952 126047
126068 126119
126371 126460
126647 126709
126931 126994
127070 127108
127252 127329
127542 127641
127745 127790
127888 127942
128308 128324
128494 128498
128621 128719
128969 129036
129302 129321
129761 129772
130166 130178
130663 130695
130921 130946
131090 131164
131445 131541
131952 131975
132274 132289
132758 132836
133184 133260
133634 133705
134055 134071
134419 134466
134927 134935
135412 135458
135615 135650
135998 136071
136399 136468
136583 136622
137029 137086
137295 137362
137841 137927
138350 138392
138628 138716
138897 138904
138940 139031
139257 139321
139431 139508
139770 139837
140203 140232
140385 140460
140497 140592
141033 141086
141511 141555
141985 142037
142412 142415
142911 142967
143386 143475
143650 143660
144002 144019
144344 144395
144883 144978
145041 145132
145585 145640
146121 146184
146259 146318
146784 146802
146930 146971
147134 147224
147508 147590
147982 148032
148419 148453
148638 148659
149033 149040
149406 149439
149726 149786
150094 150174
150645 150739
151025 151028
151454 151465
151736 151750
152202 152221
152490 152559
152666 152693
153121 153214
153355 153425
153593 153676
153678 153744
153804 153828
154274 154292
154300 154334
154589 154671
155131 155156
155530 155606
155937 155941
156308 156333
156774 156850
157118 157125
157295 157385
157635 157729
158190 158279
158744 158826
159002 159073
159531 159573
160001 160019
160348 160364
160597 160638
160892 160981
161359 161454
161460 161479
161556 161575
162074 162126
162361 162380
162510 162534
162734 162791
162963 163005
163217 163276
163709 163800
163870 163922
164300 164325
164400 164437
164676 164735
165012 165058
165271 165367
165563 165583
165715 165791
165923 166020
166236 166283
166668 166675
166891 166945
166996 166999
167497 167534
167555 167577
168066 168099
168241 168251
168518 168570
168933 169012
169505 169586
169987 170073
170106 170191
170496 170585
170594 170675
171106 171158
171473 171476
171937 171980
172352 172402
172488 172507
172632 172663
172779 172803
173024 173115
173418 173427
173534 173556
173656 173700
174181 174224
174245 174306
174782 174871
175121 175136
175551 175632
175799 175866
176100 176124
176453 176491
176937 177014
177317 177411
177878 177922
178364 178368
178456 178493
178821 178848
179329 179382
179733 179791
180256 180324
180461 180543
180544 180575
180981 181044
181107 181198
181543 181568
182027 182106
182511 182566
182746 182845
183054 183125
183214 183310
183359 183442
183612 183632
183701 183800
184297 184370
184763 184775
184973 185006
185284 185344
185786 185840
186239 186259
186413 186495
186810 186843
187119 187149
187237 187317
187674 187719
187906 187943
188163 188218
188499 188544
188714 188742
189135 189193
189388 189448
189703 189792
189850 189894
190392 190450
190805 190890
191117 191134
191507 191519
191631 191711
192077 192092
192106 192115
192362 192371
192533 192563
192899 192965
193344 193432
193900 193965
194298 194389
194399 194487
194726 194797
194999 195049
195123 195204
195450 195458
195863 195948
196279 196348
196809 196837
196987 197021
197202 197208
197485 197500
197518 197534
197915 197970
198401 198494
198834 198908
198937 198978
199088 199155
199440 199518
199792 199804
200174 200255
200353 200360
200820 200833
201188 201281
201557 201584
201704 201797
202155 202185
202433 202442
202648 202692
203180 203203
203461 203515
203771 203818
204280 204368
204781 204846
204950 204960
205308 205402
205557 205589
205667 205759
206088 206121
206279 206373
206728 206759
206880 206938
207272 207344
207688 207730
208145 208184
208596 208684
209048 209050
209395 209484
209785 209796
210230 210307
210440 210451
210544 210598
210698 210702
210868 210887
211310 211398
211869 211919
212074 212120
212164 212180
212672 212702
213134 213209
213619 213668
213828 213829
213853 213890
214176 214266
214737 214778
215274 215290
215764 215849
216149 216186
216238 216255
216395 216451
216510 216524
216593 216644
217098 217173
217215 217269
217684 217757
218228 218305
218535 218572
218624 218706
218708 218796
219110 219189
219502 219535
219843 219942
219986 220041
220242 220249
220262 220330
220428 220458
220734 220742
221043 221084
221456 221477
221936 221970
222047 222085
222533 222627
223002 223046
223435 223483
223869 223935
224288 224326
224369 224415
224555 224614
224756 224805
225154 225158
225159 225203
225303 225343
225660 225662
226109 226138
226510 226585
226772 226847
227194 227265
227291 227317
227714 227805
228233 228283
228657 228754
229210 229278
229580 229618
229730 229788
229838 229911
230148 230177
230244 230313
230711 230782
231112 231114
231532 231575
231905 231988
232313 232351
232506 232602
232843 232888
233267 233302
233748 233803
234219 234296
234302 234318
234374 234416
234902 234950
235182 235217
235687 235718
236215 236265
236575 236613
236930 236959
237126 237181
237254 237274
237537 237588
237640 237675
237844 237941
238137 238187
238235 238302
238413 238459
238789 238817
239107 239176
239365 239413
239547 239592
240056 240135
240373 240426
240912 240952
241107 241189
241298 241349
241351 241383
241788 241815
241965 242044
242520 242614
242908 242920
243101 243142
243566 243574
243645 243669
243811 243859
244131 244160
244426 244440
244687 244766
245147 245165
245614 245624
246120 246204
246293 246338
246813 246845
247292 247309
247645 247657
247997 248052
248130 248219
248434 248517
248900 248996
249111 249188
249290 249305
249773 249833
249886 249948
250380 250452
250813 250840
250974 251034
251196 251261
251516 251532
251889 251939
252091 252126
252296 252310
252742 252770
253199 253226
253295 253362
253545 253595
253983 254051
254336 254341
254624 254706
254874 254920
255217 255305
255426 255502
255933 255963
256199 256264
256502 256511
256792 256845
256857 256915
257295 257373
257535 257630
257996 258076
258399 258475
258871 258947
259429 259513
259687 259724
260069 260113
260138 260226
260642 260675
260858 260911
261215 261251
261462 261546
261814 261902
262074 262094
262415 262457
262801 262842
262979 263048
263221 263228
263297 263312
263428 263487
263533 263592
263611 263650
264108 264119
264421 264478
264626 264695
265117 265147
265468 265522
265657 265716
266205 266220
266511 266552
266967 266991
267273 267346
267700 267787
267903 267914
268209 268281
268534 268593
268627 268650
268669 268722
268768 268791
268935 269031
269448 269543
269677 269684
269695 269735
270018 270074
270360 270366
270648 270667
271089 271112
271447 271508
271641 271715
271797 271801
271902 271958
272032 272074
272512 272600
272633 272725
272805 272866
273168 273204
273350 273449
273519 273586
273633 273670
274073 274112
274463 274543
274904 274940
275280 275368
275736 275810
275829 275887
275907 275977
276213 276256
276559 276575
276629 276660
277044 277058
277176 277207
277653 277685
277970 278034
278073 278133
278630 278669
278943 279029
279135 279224
279246 279320
279595 279676
280061 280098
280300 280368
280580 280663
280943 281009
281264 281355
281832 281888
282137 282220
282662 282748
282797 282836
283128 283145
283263 283301
283658 283692
283740 283796
284171 284209
284355 284398
284824 284870
285287 285352
285620 285622
285801 285833
286330 286343
286551 286607
287067 287107
287132 287197
287334 287395
287691 287775
287807 287820
287900 287978
287995 288091
288112 288128
288243 288257
288576 288620
289021 289111
289604 289615
289798 289833
290237 290261
290682 290697
291019 291049
291433 291515
291795 291860
292157 292250
292607 292689
292756 292818
292959 293025
293426 293461
293789 293859
293861 293869
293956 294002
294358 294388
294460 294535
294647 294704
294812 294891
295183 295266
295456 295514
295801 295829
296109 296147
296630 296714
296798 296815
297216 297289
297541 297579
297900 297919
297937 298014
298487 298495
298609 298655
298736 298823
299190 299249
299578 299579
299787 299858
300002 300015
300173 300175
300668 300688
301126 301199
301304 301379
301703 301744
301885 301914
302034 302037
302297 302324
302679 302776
303153 303233
303639 303722
303816 303895
304374 304441
304722 304740
304910 304979
305433 305434
305435 305447
305942 306014
306385 306402
306624 306704
306827 306912
307086 307166
307292 307353
307703 307745
307943 307965
308297 308356
308508 308544
308616 308680
308686 308703
308750 308807
308890 308948
309423 309460
309815 309887
310053 310148
310341 310348
310436 310517
310528 310568
310902 310924
311035 311111
311337 311420
311902 311996
312197 312295
312550 312601
312849 312899
312942 312975
313248 313303
313518 313523
313761 313860
314329 314359
314545 314583
314737 314792
315139 315212
315495 315502
315634 315678
315965 316054
316505 316511
316851 316900
316917 316938
316989 317001
317419 317504
317750 317825
317854 317885
318101 318125
318325 318417
318778 318824
319127 319133
319476 319516
319703 319783
320060 320084
320207 320235
320434 320461
320570 320642
320919 321007
321281 321333
321589 321593
321610 321669
321759 321853
322065 322127
322283 322296
322552 322559
323046 323047
323479 323481
323720 323751
324231 324245
324458 324485
324932 324985
325381 325408
325659 325702
325879 325914
326313 326377
326804 326882
327124 327207
327643 327726
327731 327751
328048 328118
328429 328498
328912 328927
329200 329213
329311 329372
329697 329783
329795 329886
330297 330347
330404 330421
330648 330650
330780 330856
330924 331021
331314 331329
331477 331559
331774 331801
332069 332104
332540 332618
333111 333123
333173 333203
333342 333358
333631 333710
333922 333930
334401 334472
334666 334682
334695 334786
334936 335009
335331 335376
335552 335622
335764 335860
336210 336225
336670 336706
337120 337166
337610 337651
337929 337963
338048 338120
338610 338659
338778 338782
339197 339234
339606 339630
339782 339808
340267 340348
340579 340598
340818 340856
340878 340951
341430 341443
341710 341805
342227 342291
342404 342464
342521 342610
342933 342965
343368 343400
343509 343608
344037 344104
344570 344592
344832 344898
345171 345243
345672 345712
345754 345784
345976 346030
346479 346494
346718 346790
347221 347274
347350 347408
347461 347467
347953 348047
348244 348282
348404 348407
348661 348741
349060 349101
349327 349332
349582 349659
349835 349903
350001 350007
350290 350350
350514 350597
350750 350844
350978 351040
351494 351498
351680 351776
352146 352210
352616 352709
353005 353014
353172 353248
353393 353406
353899 353951
354202 354265
354677 354763
355035 355084
355378 355437
355492 355567
355984 356055
356388 356391
356577 356590
356776 356867
357076 357109
357453 357508
357617 357688
358058 358104
358476 358493
358911 358931
359244 359313
359385 359483
359972 360048
360232 360331
360332 360342
360506 360583
360696 360748
360859 360861
361300 361377
361419 361477
361884 361932
362026 362048
362307 362308
362311 362366
362824 362897
363358 363359
363521 363580
363733 363757
364175 364208
364336 364397
364755 364822
364890 364927
365330 365420
365829 365921
365971 366017
366335 366430
366716 366781
367209 367301
367417 367433
367622 367682
368179 368227
368584 368678
368964 368995
369360 369404
369708 369790
370006 370091
370264 370345
370628 370658
370677 370772
371165 371167
371177 371191
371393 371408
371503 371584
372060 372123
372328 372383
372514 372575
372594 372641
372761 372825
373239 373246
373617 373646
373801 373848
374182 374239
374355 374399
374831 374913
375087 375139
375451 375459
375645 375725
376143 376162
376293 376349
376718 376743
377209 377296
377758 377775
377831 377907
377929 377950
378197 378229
378294 378370
378490 378522
378889 378980
379376 379475
379519 379599
380075 380131
380140 380208
380433 380460
380667 380719
381141 381152
381295 381374
381421 381509
381688 381718
381798 381883
382127 382185
382246 382317
382539 382567
382694 382719
383079 383145
383391 383409
383740 383839
384326 384386
384776 384817
385135 385173
385490 385578
386075 386102
386363 386444
386562 386618
387067 387163
387343 387422
387771 387835
387880 387949
387973 388052
388397 388487
388958 389002
389245 389321
389780 389874
390073 390166
390597 390631
390916 390942
391248 391294
391518 391534
391603 391628
391776 391843
391907 391992
392025 392036
392444 392497
392872 392890
393267 393279
393544 393610
393929 393988
394052 394114
394500 394566
394818 394866
395180 395228
395590 395611
396071 396167
396295 396370
396561 396608
396746 396816
396998 397031
397157 397203
397303 397401
397553 397615
397647 397695
397974 398030
398095 398113
398536 398568
398696 398736
399054 399064
399106 399173
399301 399364
399833 399918
400393 400416
400463 400560
400594 400609
400822 400888
401232 401234
401329 401376
401541 401562
401799 401879
402195 402206
402705 402791
403116 403215
403390 403404
403767 403836
404126 404197
404440 404535
404882 404932
405099 405147
405267 405348
405636 405679
405821 405897
406267 406273
406418 406499
406695 406775
407126 407140
407226 407242
407358 407413
407671 407701
408039 408134
408278 408366
408715 408749
408780 408808
409132 409135
409620 409680
409682 409731
409840 409910
410372 410379
410671 410723
411075 411145
411227 411268
411303 411320
411643 411683
411925 412018
412252 412327
412571 412657
413024 413121
413425 413473
413764 413797
414201 414287
414363 414421
414424 414447
414469 414561
414940 415005
415346 415400
415722 415770
416159 416208
416285 416368
416728 416798
417261 417355
417726 417767
418000 418088
418491 418548
418774 418834
419040 419069
419433 419462
419754 419776
420125 420203
420669 420677
421090 421138
421635 421712
421783 421850
422280 422342
422422 422485
422760 422787
423252 423313
423687 423737
424098 424173
424195 424206
424671 424701
425025 425109
425588 425679
425810 425885
426294 426347
426681 426699
427103 427199
427390 427449
427480 427509
427728 427776
428037 428082
428211 428286
428677 428759
429130 429138
429172 429248
429439 429488
429680 429723
430219 430312
430566 430601
430672 430740
430872 430910
431100 431152
431387 431482
431523 431541
431928 432023
432324 432376
432407 432424
432628 432673
433008 433063
433369 433399
433624 433708
434083 434148
434336 434366
434421 434510
434892 434968
435369 435460
435688 435702
435853 435913
435950 436043
436402 436497
436881 436938
437154 437216
437395 437435
437484 437577
438021 438114
438237 438287
438587 438633
438813 438867
439008 439015
439375 439458
439654 439660
439947 439974
440062 440085
440089 440106
440516 440550
440919 440989
441361 441445
441759 441789
441792 441839
441944 442011
442272 442300
442392 442489
442961 443050
443348 443355
443655 443746
444205 444304
444779 444837
445244 445292
445755 445772
445939 445964
446182 446228
446447 446528
446987 447021
447255 447319
447552 447561
447924 447970
448449 448486
448808 448844
449065 449090
449392 449419
449887 449956
450174 450222
450271 450297
450503 450567
450578 450617
450864 450900
451154 451231
451333 451362
451761 451839
452048 452085
452540 452637
452739 452784
452885 452951
453115 453211
453552 453568
453923 454022
454173 454198
454569 454651
454964 455002
455349 455388
455777 455809
456123 456182
456619 456620
457099 457160
457345 457398
457619 457665
457752 457808
458034 458041
458404 458499
458927 458990
459432 459468
459626 459708
459741 459766
460214 460267
460658 460720
460821 460911
461295 461336
461782 461806
462225 462243
462597 462600
463052 463133
463503 463584
463632 463672
464132 464209
464514 464556
464558 464593
464949 464979
465336 465383
465629 465678
465733 465769
466181 466226
466590 466621
466890 466907
467228 467250
467477 467491
467569 467661
467734 467776
467844 467929
468105 468151
468447 468517
468777 468876
469132 469188
469392 469439
469787 469808
469858 469873
469929 469934
470360 470438
470740 470773
470849 470866
471307 471325
471671 471724
471921 471953
472196 472272
472604 472692
472841 472926
472938 473020
473394 473446
473829 473894
473909 473988
474306 474318
474726 474785
475220 475312
475460 475509
475572 475647
475878 475923
476320 476417
476453 476456
476921 476938
476986 477054
477181 477228
477627 477710
478000 478020
478420 478424
478767 478800
479056 479150
479231 479288
479648 479734
480165 480188
480436 480526
480895 480897
481280 481357
481589 481684
481723 481759
482132 482149
482641 482733
483042 483068
483182 483211
483449 483487
483722 483779
483901 483985
484400 484402
484411 484509
484625 484657
484802 484901
485301 485327
485608 485640
485854 485922
486403 486427
486660 486701
487026 487087
487176 487234
487684 487750
488123 488128
488385 488389
488886 488966
489034 489101
489188 489233
489306 489351
489578 489624
490110 490172
490180 490183
490401 490486
490680 490773
491214 491234
491258 491272
491449 491471
491918 491948
492042 492130
492372 492388
492542 492631
493116 493174
493256 493319
493621 493694
493755 493793
494191 494225
494290 494388
494393 494404
494618 494656
494969 495023
495406 495433
495648 495703
495955 496034
496223 496289
496717 496762
497183 497263
497706 497721
497976 497996
498204 498294
498717 498729
498767 498808
499032 499082
499178 499206
499588 499686
499881 499882
500053 500132
500569 500627
500696 500795
501236 501325
501545 501593
502031 502036
502410 502435
502629 502722
502724 502773
503064 503075
503235 503301
503608 503625
504071 504167
504606 504670
504713 504797
504897 504950
505118 505158
505349 505358
505367 505460
505739 505776
505800 505803
505962 505998
506342 506347
506644 506651
506706 506790
506952 506953
507108 507179
507479 507499
507867 507950
508095 508119
508615 508636
508766 508832
509126 509191
509430 509431
509444 509480
509870 509889
509907 509938
510160 510248
510432 510492
510724 510750
511196 511213
511655 511728
512206 512297
512739 512776
512811 512909
513195 513277
513424 513449
513539 513577
513744 513765
514046 514056
514294 514366
514592 514644
514759 514831
514856 514947
515199 515270
515606 515684
516026 516092
516581 516649
517004 517080
517474 517548
517971 518024
518467 518542
518896 518984
519297 519387
519830 519903
520378 520399
520669 520702
521047 521118
521529 521605
521990 522005
522267 522341
522735 522794
522884 522981
523226 523297
523427 523488
523885 523974
524446 524509
524998 525090
525554 525571
525859 525908
526038 526055
526324 526410
526624 526677
526702 526733
526747 526790
527125 527189
527456 527552
528043 528126
528448 528485
528983 529062
529144 529165
529441 529532
529949 529976
530119 530155
530366 530433
530434 530495
530581 530605
531097 531184
531337 531405
531788 531822
532047 532065
532174 532254
532603 532667
532982 533051
533411 533458
533817 533881
533906 533985
534255 534311
534502 534528
534974 535068
535285 535374
535697 535784
535899 535974
536306 536380
536487 536549
536733 536743
536862 536933
536970 537033
537268 537366
537662 537725
538035 538078
538518 538614
538864 538927
539257 539259
539722 539769
539959 539993
540411 540412
540622 540707
541182 541211
541656 541676
541833 541851
541885 541954
542369 542404
542903 542946
543093 543152
543320 543392
543887 543932
544242 544246
544530 544607
544840 544881
545253 545282
545438 545513
545625 545720
545864 545959
546218 546260
546332 546424
546913 547008
547274 547358
547759 547773
547993 548063
548508 548582
548763 548807
548920 548925
548979 549000
549395 549473
549625 549679
550176 550228
550384 550399
550659 550756
550992 551068
551470 551556
551705 551748
551893 551945
552387 552446
552544 552631
553078 553136
553538 553584
553814 553861
554296 554392
554470 554547
554909 554935
554966 554998
555462 555498
555609 555679
556083 556151
556162 556204
556438 556463
556806 556826
557035 557086
557241 557291
557333 557338
557367 557396
557734 557811
558146 558206
558254 558350
558774 558845
559272 559315
559403 559462
559910 559957
559988 560075
560120 560182
560533 560592
560865 560953
561116 561160
561189 561221
561696 561702
562151 562225
562550 562602
563093 563139
563518 563530
563816 563862
564107 564204
564463 564524
564814 564849
564880 564946
565085 565103
565463 565496
565695 565783
565960 565984
566340 566430
566438 566473
566732 566775
567100 567193
567271 567362
567466 567476
567682 567748
568149 568239
568561 568613
568817 568891
569061 569146
569331 569398
569416 569427
569674 569704
570126 570174
570480 570496
570698 570725
571084 571153
571601 571673
572121 572189
572403 572444
572475 572527
572925 572994
573408 573489
573674 573727
574025 574094
574403 574420
574652 574751
575092 575117
575324 575379
575568 575598
575804 575811
575894 575912
575913 575938
576328 576336
576617 576622
577012 577041
577268 577272
577507 577574
577642 577702
577763 577787
577913 577983
578403 578447
578799 578860
579091 579127
579318 579361
579661 579692
580161 580242
580543 580580
580785 580786
581171 581241
581584 581601
581958 581997
582191 582282
582688 582755
582842 582872
582923 582970
582996 583011
583461 583546
583834 583921
584224 584252
584493 584516
584698 584760
584923 584950
585037 585070
585335 585337
585361 585425
585445 585535
585785 585872
586071 586081
586388 586424
586521 586561
586755 586821
587205 587250
587612 587617
588005 588101
588380 588407
588603 588677
588754 588850
589126 589154
589283 589352
589802 589839
590265 590313
590572 590610
591069 591074
591489 591531
591624 591656
592103 592134
592393 592448
592593 592607
592950 593033
593217 593289
593705 593740
594183 594275
594309 594389
594793 594862
595246 595334
595473 595554
595751 595764
595841 595854
596109 596150
596178 596245
596351 596382
596499 596537
596726 596813
597085 597108
597484 597576
598006 598066
598108 598158
598172 598253
598443 598452
598508 598554
598655 598676
599152 599225
599558 599656
600028 600111
600173 600200
600297 600299
600582 600602
600759 600769
601062 601123
601545 601603
601792 601848
602147 602170
602417 602425
602463 602535
602704 602775
603109 603135
603411 603434
603511 603518
603738 603769
603996 604024
604059 604147
604555 604572
604621 604697
605185 605275
605501 605588
605794 605845
606119 606134
606186 606210
606706 606757
606808 606834
606977 607005
607082 607156
607311 607353
607730 607822
608245 608263
608266 608359
608831 608874
609110 609130
609297 609346
609393 609441
609509 609525
609740 609827
609981 610026
610421 610506
610509 610607
610855 610875
611180 611230
611698 611705
611714 611729
612209 612308
612469 612490
612892 612959
613223 613256
613650 613689
614169 614184
614432 614496
614565 614574
614595 614633
614821 614828
614851 614934
614985 614988
615414 615484
615630 615704
615883 615919
616350 616359
616811 616846
617121 617184
617207 617249
617738 617783
618116 618192
618247 618283
618391 618414
618512 618552
618730 618742
619240 619290
619451 619519
619903 619999
620003 620087
620339 620345
620348 620399
620506 620508
620796 620882
621159 621169
621277 621371
621672 621732
622023 622113
622310 622392
622539 622585
623008 623046
623170 623218
623339 623369
623377 623439
623867 623965
623988 624019
624319 624368
624600 624642
625016 625060
625287 625333
625371 625385
625464 625467
625659 625678
625796 625884
626048 626085
626128 626141
626478 626562
626876 626944
627186 627227
627277 627303
627378 627436
627825 627859
628098 628191
628578 628582
628866 628912
629103 629119
629146 629220
629332 629349
629694 629717
629753 629791
630204 630253
630707 630744
630917 630937
631216 631262
631374 631458
631502 631576
631579 631591
631997 632085
632283 632321
632544 632558
632652 632679
632710 632754
632825 632851
633271 633313
633531 633592
634007 634026
634325 634413
634739 634783
634902 634934
634992 635058
635449 635535
635619 635677
635960 635962
636190 636237
636589 636605
637073 637162
637396 637482
637552 637591
638021 638083
638298 638354
638848 638876
639219 639289
639582 639615
639682 639733
640177 640190
640489 640574
641043 641125
641422 641438
641578 641630
641695 641786
642081 642105
642524 642558
643022 643066
643318 643345
643813 643816
644049 644148
644618 644696
645006 645011
645305 645394
645604 645660
646142 646143
646610 646686
646891 646958
647312 647364
647534 647618
647934 647982
648151 648158
648569 648583
648647 648728
648891 648979
649035 649038
649062 649065
649145 649225
649286 649306
649679 649695
649890 649925
650327 650413
650836 650934
651030 651082
651494 651576
651775 651873
652017 652057
652337 652418
652658 652705
653155 653197
653587 653622
653866 653907
653910 653936
654094 654123
654362 654397
654642 654649
654977 654990
655367 655408
655430 655433
655760 655811
656269 656333
656736 656798
657258 657301
657367 657378
657472 657547
657783 657786
658194 658227
658637 658704
658738 658820
659142 659151
659203 659222
659321 659375
659519 659549
659972 660034
660301 660312
660445 660448
660932 660969
660978 661069
661379 661472
661646 661732
661858 661912
662185 662229
662569 662601
662796 662797
663079 663153
663220 663227
663350 663415
663823 663865
664316 664384
664467 664496
664657 664731
665140 665211
665455 665466
665707 665740
666138 666167
666343 666408
666436 666501
666752 666782
667105 667161
667266 667318
667339 667415
667708 667798
667976 667993
668221 668277
668616 668655
668927 668989
669104 669185
669676 669732
669738 669748
669900 669940
670223 670233
670446 670526
670606 670660
670759 670815
671021 671038
671518 671571
672027 672115
672234 672299
672661 672716
673211 673273
673637 673702
673768 673840
673951 674022
674359 674408
674758 674828
675066 675131
675612 675700
675878 675918
676228 676301
676536 676628
676852 676906
677314 677321
677764 677833
678135 678205
678571 678657
679114 679160
679504 679565
679918 680002
680148 680237
680652 680727
680754 680800
681231 681280
681713 681762
682122 682142
682244 682312
682514 682543
682617 682651
682967 682982
683019 683055
683395 683413
683748 683763
684032 684127
684156 684234
684318 684416
684615 684686
685139 685164
685208 685304
685790 685804
686169 686254
686534 686536
686862 686914
687285 687346
687709 687754
688253 688347
688508 688583
689082 689110
689531 689582
689844 689846
689944 689996
690204 690214
690601 690662
691085 691108
691206 691222
691689 691766
692098 692106
692386 692460
692544 692612
692718 692801
693196 693203
693566 693612
693694 693748
693802 693880
694223 694279
694723 694818
695053 695098
695261 695287
695468 695553
695919 695928
696101 696151
696630 696643
696850 696879
696942 696957
697229 697250
697666 697672
697986 698069
698211 698285
698675 698718
698797 698828
699222 699276
699705 699736
699751 699826
700009 700041
700280 700374
700775 700794
701059 701092
701560 701608
701677 701736
701744 701752
702088 702096
702215 702292
702466 702516
702558 702566
702769 702854
703088 703171
703663 703668
703965 704031
704058 704068
704272 704292
704699 704707
705164 705194
705434 705501
705992 706039
706068 706142
706374 706411
706870 706956
707162 707179
707410 707500
707590 707596
707967 708036
708198 708239
708646 708657
708976 708998
709478 709508
709723 709777
710100 710132
710421 710475
710748 710819
710915 711009
711390 711452
711742 711770
712175 712248
712630 712706
712767 712846
713052 713095
713417 713496
713529 713582
713806 713900
713975 713983
714294 714302
714370 714384
714849 714857
715268 715333
715646 715653
715904 715913
716323 716416
716706 716725
717195 717294
717563 717584
717607 717619
717681 717711
717765 717857
718298 718350
718695 718749
718945 719039
719397 719489
719924 720004
720025 720088
720341 720356
720591 720689
721158 721184
721233 721318
721793 721812
722043 722132
722301 722350
722789 722830
723264 723297
723617 723626
724038 724053
724229 724233
724494 724523
724573 724611
725056 725126
725145 725243
725671 725715
725905 725925
726083 726146
726296 726378
726447 726526
726775 726819
727300 727355
727661 727666
727793 727846
727860 727948
728126 728133
728165 728172
728508 728594
728794 728862
729181 729265
729540 729597
730055 730129
730445 730539
730652 730724
731194 731201
731681 731725
731932 731943
732405 732406
732869 732956
733148 733162
733648 733652
733842 733864
733985 734047
734212 734264
734747 734794
734948 734971
735333 735431
735591 735627
735805 735826
736061 736106
736189 736258
736488 736493
736909 736925
737234 737269
737326 737381
737509 737601
737699 737758
738053 738066
738359 738393
738451 738507
738695 738738
739039 739120
739304 739319
739715 739755
739976 740054
740386 740394
740566 740595
741079 741106
741109 741187
741652 741706
741895 741920
742267 742297
742502 742557
743051 743115
743341 743362
743374 743388
743645 743744
743918 743920
744087 744150
744483 744566
744961 744985
745382 745449
745686 745697
746150 746236
746408 746507
746583 746623
746659 746742
746812 746898
747307 747318
747802 747807
747964 748042
748176 748273
748695 748755
748787 748828
749312 749390
749758 749760
750094 750133
750612 750645
751018 751055
751411 751488
751820 751836
752301 752354
752734 752739
752810 752896
753136 753179
753507 753589
753727 753791
753963 754012
754181 754248
754538 754550
754879 754927
755232 755297
755326 755410
755507 755541
755868 755909
756241 756303
756460 756506
756976 756994
757212 757239
757730 757817
758084 758121
758274 758289
758302 758334
758384 758405
758569 758627
758736 758829
759165 759225
759401 759495
759756 759789
759886 759981
760280 760308
760629 760719
761118 761213
761349 761387
761639 761714
762164 762173
762180 762224
762597 762683
763147 763177
763297 763369
763468 763471
763836 763930
763970 764005
764200 764233
764529 764594
764767 764828
765149 765159
765384 765410
765417 765451
765795 765887
765935 765956
766397 766398
766512 766521
766765 766786
766868 766937
767130 767221
767668 767670
767740 767759
767857 767906
767927 767953
768047 768104
768105 768199
768564 768599
768767 768819
769270 769319
769698 769759
770209 770220
770677 770684
771105 771128
771598 771653
771855 771877
772234 772299
772639 772646
772999 773017
773404 773490
773687 773689
773760 773805
774182 774257
774641 774659
774852 774926
775056 775061
775095 775171
775322 775383
775735 775803
775827 775851
776102 776144
776298 776337
776442 776457
776903 776912
777062 777129
777548 777614
777769 777806
778230 778282
778468 778566
778707 778738
778936 779029
779047 779145
779389 779418
779895 779896
779906 779938
780288 780332
780349 780418
780509 780580
780981 781060
781181 781230
781530 781624
781799 781826
781951 781968
782230 782305
782498 782559
782767 782856
782971 783028
783296 783380
783680 783771
784156 784221
784585 784683
785165 785240
785499 785529
785712 785739
786199 786239
786573 786671
786699 786745
787239 787333
787711 787775
788006 788014
788071 788142
788571 788666
788754 788842
789245 789314
789575 789589
789993 790082
790295 790377
790685 790769
791011 791025
791095 791145
791285 791319
791429 791472
791860 791938
792043 792059
792357 792406
792851 792900
793372 793393
793854 793951
794336 794363
794499 794505
795000 795001
795407 795423
795633 795689
795807 795848
796173 796206
796418 796442
796884 796960
797295 797393
797759 797787
797830 797883
797922 797989
798142 798200
798335 798363
798545 798553
798899 798948
799119 799211
799495 799533
799681 799772
800180 800276
800719 800800
800845 800862
801201 801289
801662 801688
801791 801838
801866 801951
802449 802534
802878 802974
803283 803295
803631 803689
803724 803796
803920 804017
804502 804600
804929 804935
805252 805349
805740 805839
805916 805962
806210 806239
806243 806279
806507 806555
806989 807052
807431 807494
807546 807558
807709 807755
808159 808204
808680 808759
809174 809186
809220 809295
809469 809484
809608 809612
809631 809716
809843 809930
810394 810401
810733 810815
811193 811279
811438 811525
811577 811623
811991 812036
812207 812282
812470 812505
812657 812702
813046 813074
813272 813289
813617 813705
813785 813830
814006 814088
814185 814264
814745 814758
815236 815335
815384 815466
815931 815954
816399 816491
816969 817000
817003 817034
817437 817525
817598 817599
817723 817725
818017 818091
818184 818269
818689 818752
818817 818866
819337 819409
819839 819875
820128 820216
820330 820411
820753 820799
820988 821021
821228 821283
821340 821370
821544 821558
821570 821616
821884 821914
822184 822215
822336 822406
822695 822776
823269 823300
823431 823473
823480 823499
823798 823876
824347 824419
824450 824496
824682 824742
825128 825163
825651 825736
825841 825936
826378 826472
826866 826870
827325 827415
827585 827639
827642 827691
828008 828010
828310 828395
828596 828643
829083 829130
829321 829411
829427 829451
829831 829898
830351 830431
830905 831003
831252 831323
831646 831717
831764 831800
831995 832052
832475 832564
832788 832823
832957 832986
833021 833120
833505 833555
833572 833627
834108 834201
834685 834724
835096 835168
835609 835646
835822 835871
835976 836030
836174 836182
836283 836375
836800 836843
836988 836989
837084 837096
837160 837241
837526 837607
837917 837974
838206 838282
838694 838729
839168 839218
839519 839540
839686 839712
839744 839770
840107 840132
840501 840524
840854 840942
841116 841153
841353 841394
841477 841525
841991 842009
842367 842423
842461 842531
842576 842645
842927 842941
842945 842966
843321 843324
843736 843814
844073 844154
844351 844397
844494 844501
844912 845007
845478 845516
845814 845829
845856 845950
846199 846242
846570 846575
847039 847044
847052 847085
847108 847122
847290 847347
847493 847566
847852 847889
848037 848094
848421 848509
848699 848783
849074 849094
849473 849535
849636 849646
849814 849833
850015 850021
850487 850562
850938 850991
851149 851227
851529 851557
851797 851879
852140 852202
852266 852330
852822 852908
853046 853065
853523 853560
853761 853787
853905 853934
854116 854176
854520 854540
854707 854804
855087 855127
855451 855541
855548 855637
855784 855865
855974 855994
856464 856528
856880 856910
857276 857320
857701 857703
858115 858169
858648 858734
859180 859216
859712 859743
860122 860214
860518 860536
860779 860801
860965 861056
861309 861384
861843 861922
861999 862087
862560 862596
862951 863025
863520 863563
863758 863857
863907 863908
864407 864495
864594 864654
864659 864722
864991 864998
865140 865209
865512 865608
865952 866026
866326 866377
866379 866382
866880 866958
866988 867064
867277 867354
867414 867486
867667 867673
867685 867723
868144 868165
868264 868348
868426 868482
868515 868522
868938 869007
869307 869360
869726 869792
870102 870197
870418 870439
870618 870628
870804 870844
871064 871087
871425 871446
871710 871781
871917 871959
872052 872136
872183 872195
872400 872431
872856 872893
873317 873357
873568 873580
873943 874038
874485 874507
874925 874970
875366 875444
875720 875733
875761 875769
876107 876205
876484 876544
876964 877014
877454 877518
877564 877618
877874 877939
878184 878223
878443 878444
878791 878808
878890 878902
879010 879011
879066 879161
879288 879373
879403 879428
879462 879476
879481 879483
879807 879819
880227 880325
880538 880575
880970 881064
881364 881456
881584 881613
881790 881874
882188 882271
882768 882824
883215 883223
883656 883658
883752 883800
884201 884282
884389 884471
884781 884811
884969 885008
885258 885337
885507 885527
886000 886010
886099 886134
886358 886429
886658 886753
886830 886889
886946 887027
887049 887087
887579 887604
887928 888012
888085 888119
888331 888363
888648 888716
888899 888976
889430 889497
889867 889958
890042 890133
890359 890397
890862 890925
891174 891191
891273 891333
891627 891701
892005 892049
892517 892600
893004 893045
893162 893205
893613 893663
893716 893760
894140 894165
894427 894455
894651 894744
895176 895202
895693 895734
895916 895995
896275 896298
896745 896779
897190 897274
897649 897696
898108 898202
898628 898694
898715 898739
899144 899234
899354 899376
899456 899468
899783 899865
900237 900319
900724 900778
900976 901018
901306 901374
901691 901759
902035 902045
902066 902091
902182 902203
902437 902486
902847 902875
902938 902984
903378 903383
903614 903685
903946 904023
904262 904331
904486 904492
904741 904763
904847 904920
905137 905167
905431 905485
905639 905664
906135 906228
906257 906288
906326 906333
906418 906516
906662 906704
906770 906826
906845 906860
907105 907139
907241 907289
907726 907825
908219 908298
908591 908593
908594 908638
908856 908932
909340 909438
909931 910010
910162 910223
910542 910587
910892 910912
910951 910995
911309 911321
911362 911453
911596 911600
911930 911963
912419 912483
912555 912627
913025 913101
913581 913647
914125 914193
914278 914368
914644 914668
914798 914817
914913 914931
915255 915328
915368 915397
915713 915720
915990 916023
916139 916144
916381 916435
916892 916977
917188 917271
917698 917701
917824 917902
917955 918052
918482 918501
918660 918714
919190 919240
919355 919377
919620 919687
920129 920196
920537 920621
920915 920970
921079 921124
921358 921405
921728 921807
922133 922142
922273 922331
922672 922758
922762 922770
923114 923135
923312 923390
923445 923477
923795 923868
924195 924214
924303 924394
924855 924931
924976 924996
925213 925277
925487 925501
925938 925969
926055 926116
926228 926233
926484 926573
926949 926971
927436 927443
927733 927754
927873 927881
928213 928247
928692 928775
928972 928988
929122 929188
929366 929404
929595 929615
929706 929792
930044 930072
930216 930242
930458 930549
930653 930678
931077 931176
931568 931607
931647 931668
932157 932210
932611 932692
933139 933165
933645 933695
933909 933994
934195 934235
934241 934294
934744 934776
934847 934914
935311 935374
935542 935577
935611 935659
935976 936035
936258 936291
936347 936437
936776 936823
936899 936988
937470 937563
938044 938070
938121 938141
938578 938628
938635 938659
939002 939069
939422 939436
939924 939951
940236 940257
940502 940545
940795 940799
941160 941203
941576 941625
942087 942186
942616 942625
942845 942884
943273 943349
943776 943867
943932 944006
944089 944164
944183 944275
944333 944425
944491 944521
944586 944600
944937 944946
945198 945274
945540 945546
945891 945989
946052 946110
946552 946555
946599 946621
946836 946886
947285 947322
947539 947566
948056 948064
948347 948364
948712 948801
948906 948986
949402 949499
949675 949681
950001 950032
950115 950158
950463 950549
950717 950719
951001 951083
951097 951145
951411 951507
951868 951891
952382 952475
952712 952717
952791 952812
953217 953280
953686 953694
953964 954033
954167 954250
954669 954712
954957 954968
955316 955347
955774 955832
955943 956040
956085 956179
956596 956654
956902 956940
957429 957430
957609 957686
957978 958065
958210 958286
958605 958679
958793 958889
959298 959346
959725 959818
960146 960154
960461 960525
960536 960549
960996 961061
961206 961275
961643 961675
962166 962250
962497 962563
962986 963014
963485 963487
963692 963785
963925 963928
964286 964301
964446 964477
964488 964553
964900 964956
964997 965024
965062 965100
965481 965538
965945 965976
966244 966326
966811 966884
966899 966968
967193 967258
967437 967446
967651 967731
967742 967750
968129 968208
968328 968366
968649 968669
969089 969137
969248 969304
969358 969450
969912 969992
970169 970221
970674 970696
971001 971080
971108 971178
971197 971242
971257 971342
971757 971852
972120 972202
972453 972531
972921 972922
973409 973481
973685 973753
973782 973831
973910 973982
974031 974087
974553 974621
974951 975018
975480 975517
976007 976098
976538 976636
977037 977067
977224 977322
977677 977695
977740 977813
977897 977989
978332 978347
978541 978587
978955 978980
979473 979547
980040 980056
980257 980326
980775 980784
980920 980949
981271 981281
981454 981523
981860 981931
982290 982374
982697 982743
982800 982806
983273 983275
983659 983678
983992 984065
984168 984190
984602 984656
985030 985104
985396 985446
985943 985959
986429 986513
986657 986746
987050 987061
987100 987136
987516 987569
987843 987923
988406 988480
988701 988734
988843 988890
988998 989042
989074 989108
989353 989436
989733 989790
990111 990179
990386 990470
990916 991007
991376 991439
991706 991735
992010 992035
992513 992581
992687 992784
992839 992931
993220 993231
993460 993478
993756 993840
994290 994383
994457 994468
994664 994696
995156 995185
995536 995539
995932 996028
996159 996204
996483 996520
996931 996946
997293 997377
997694 997789
998066 998164
998565 998586
998594 998653
999086 999174
999522 999524
1000019 1000033
1000078 1000132
1000343 1000370
1000720 1000810
1001215 1001223
1001494 1001587
1001731 1001784
1002203 1002275
1002774 1002863
1003232 1003330
1003548 1003576
1004053 1004095
1004439 1004495
1004576 1004666
1005129 1005206
1005443 1005497
1005846 1005897
1006347 1006436
1006838 1006926
1007318 1007396
1007679 1007711
1007901 1007963
1008309 1008313
1008618 1008637
1008841 1008848
1009030 1009120
1009441 1009468
1009949 1010039
1010489 1010578
1011071 1011089
1011174 1011255
1011460 1011523
1011875 1011919
1012327 1012391
1012740 1012808
1013129 1013135
1013606 1013663
1014075 1014124
1014268 1014343
1014653 1014716
1015165 1015247
1015362 1015423
1015717 1015797
1015840 1015937
1016198 1016235
1016368 1016424
1016570 1016618
1017109 1017183
1017494 1017519
1017822 1017915
1018413 1018493
1018552 1018594
1018691 1018728
1019190 1019200
1019409 1019503
1019873 1019963
1020316 1020395
1020879 1020975
1021469 1021509
1021775 1021871
1022368 1022450
1022882 1022979
1023069 1023163
1023584 1023602
1023742 1023784
1023942 1024010
1024161 1024251
1024740 1024784
1025215 1025278
1025684 1025697
1025892 1025942
1026412 1026423
1026614 1026681
1026878 1026904
1027228 1027249
1027596 1027673
1027945 1027997
1028266 1028297
1028390 1028480
1028649 1028744
1028995 1029006
1029037 1029114
1029167 1029230
1029237 1029309
1029507 1029517
1030010 1030032
1030424 1030495
1030883 1030902
1030980 1030981
1031158 1031176
1031241 1031324
1031432 1031492
1031752 1031822
1032119 1032152
1032221 1032242
1032605 1032662
1033003 1033051
1033452 1033546
1033810 1033877
1034369 1034416
1034426 1034463
1034961 1035013
1035024 1035088
1035447 1035534
1035953 1035995
1036032 1036088
1036434 1036514
1036978 1036992
1037152 1037154
1037226 1037304
1037666 1037732
1037804 1037821
1038043 1038059
1038095 1038116
1038315 1038388
1038671 1038729
1039039 1039108
1039161 1039241
1039567 1039632
1040117 1040141
1040173 1040231
1040509 1040597
1040651 1040670
1040674 1040699
1040885 1040886
1041084 1041133
1041414 1041456
1041535 1041614
1041909 1041997
1042375 1042466
1042521 1042616
1043004 1043090
1043098 1043185
1043392 1043407
1043867 1043942
1044252 1044348
1044770 1044805
1045017 1045029
1045334 1045372
1045714 1045798
1046244 1046287
1046334 1046341
1046560 1046566
1046999 1047044
1047482 1047523
1047528 1047580
1047845 1047881
1048262 1048269
1048306 1048352
1048527 1048584
1048904 1048958
1049100 1049134
1049230 1049278
1049305 1049308
1049314 1049316
1049609 1049641
1050035 1050074
1050553 1050595
1050686 1050783
1051093 1051097
1051379 1051419
1051758 1051851
1051924 1051982
1052115 1052197
1052424 1052521
1052673 1052700
1052975 1053043
1053139 1053160
1053648 1053711
1054121 1054211
1054545 1054593
1055069 1055107
1055396 1055447
1055696 1055741
1055966 1056022
1056426 1056486
1056826 1056895
1057366 1057391
1057505 1057520
1057534 1057630
1057820 1057828
1057979 1058072
1058450 1058496
1058986 1059038
1059131 1059157
1059349 1059443
1059668 1059734
1060076 1060121
1060502 1060598
1060990 1061004
1061259 1061337
1061372 1061469
1061712 1061780
1062279 1062349
1062706 1062725
1063172 1063208
1063321 1063370
1063436 1063464
1063713 1063789
1064216 1064306
1064320 1064337
1064338 1064394
1064726 1064777
1064800 1064855
1065070 1065161
1065473 1065512
1065631 1065690
1066151 1066225
1066531 1066554
1066999 1067040
1067205 1067259
1067620 1067668
1067775 1067874
1068325 1068360
1068812 1068890
1069200 1069209
1069660 1069698
1069762 1069769
1070069 1070135
1070626 1070667
1070961 1071039
1071527 1071540
1071781 1071823
1071971 1072044
1072504 1072515
1072625 1072718
1072864 1072895
1073174 1073245
1073261 1073312
1073717 1073794
1073866 1073926
1074352 1074398
1074660 1074729
1075111 1075124
1075233 1075278
1075647 1075696
1075896 1075910
1076083 1076158
1076292 1076332
1076634 1076691
1077018 1077106
1077353 1077406
1077556 1077616
1077797 1077871
1078054 1078150
1078458 1078463
1078817 1078866
1079024 1079123
1079479 1079570
1079699 1079729
1080152 1080158
1080645 1080648
1080963 1081016
1081359 1081409
1081429 1081449
1081711 1081713
1081856 1081955
1082106 1082152
1082518 1082531
1082790 1082837
1083073 1083143
1083417 1083428
1083490 1083569
1083632 1083729
1084181 1084195
1084634 1084681
1084820 1084857
1085044 1085080
1085571 1085634
1085981 1086062
1086440 1086510
1086622 1086661
1086873 1086892
1087176 1087186
1087189 1087192
1087561 1087658
1088153 1088208
1088310 1088386
1088684 1088758
1089231 1089330
1089432 1089449
1089778 1089809
1090139 1090194
1090374 1090419
1090820 1090843
1091074 1091136
1091185 1091273
1091333 1091347
1091460 1091494
1091841 1091894
1091981 1092005
1092133 1092204
1092241 1092242
1092694 1092695
1093126 1093170
1093262 1093296
1093450 1093489
1093777 1093828
1094177 1094218
1094350 1094437
1094739 1094758
1095120 1095182
1095333 1095334
1095529 1095623
1095629 1095698
1095936 1095997
1096085 1096140
1096171 1096243
1096328 1096392
1096516 1096598
1096610 1096695
1096854 1096857
1097018 1097047
1097447 1097517
1097698 1097793
1097879 1097931
1098008 1098092
1098132 1098219
1098258 1098295
1098740 1098822
1099106 1099115
1099176 1099215
1099671 1099749
1100160 1100185
1100431 1100473
1100652 1100671
1100719 1100778
1101193 1101288
1101345 1101362
1101776 1101810
1101991 1102064
1102529 1102544
1102967 1102968
1103013 1103069
1103482 1103556
1103856 1103892
1103900 1103999
1104304 1104355
1104452 1104515
1104850 1104866
1105065 1105075
1105243 1105317
1105682 1105717
1105800 1105827
1106247 1106290
1106681 1106690
1107094 1107149
1107637 1107693
1107836 1107863
1108171 1108246
1108379 1108474
1108762 1108782
1109199 1109276
1109584 1109626
1109645 1109733
1109862 1109904
1110255 1110313
1110539 1110549
1110944 1111000
1111069 1111112
1111331 1111390
1111729 1111798
1112157 1112185
1112387 1112437
1112828 1112863
1112996 1113085
1113337 1113436
1113469 1113509
1114005 1114102
1114404 1114478
1114827 1114846
1115108 1115170
1115624 1115712
1115878 1115958
1116185 1116216
1116672 1116705
1117090 1117171
1117566 1117611
1117717 1117740
1117898 1117986
1118093 1118117
1118241 1118322
1118582 1118674
1118735 1118819
1119278 1119337
1119645 1119723
1120126 1120201
1120516 1120561
1120673 1120720
1121084 1121149
1121370 1121389
1121594 1121656
1122095 1122156
1122188 1122279
1122591 1122673
1123019 1123026
1123138 1123150
1123616 1123649
1123712 1123735
1124117 1124205
1124337 1124388
1124693 1124711
1125074 1125114
1125570 1125649
1126034 1126071
1126341 1126355
1126615 1126710
1126945 1126992
1127351 1127373
1127636 1127713
1128008 1128052
1128295 1128392
1128645 1128714
1128940 1128981
1129438 1129481
1129821 1129903
1129987 1129999
1130022 1130090
1130534 1130542
1130737 1130831
1131168 1131196
1131399 1131423
1131913 1132003
1132463 1132536
1133022 1133096
1133158 1133181
1133250 1133308
1133319 1133359
1133725 1133761
1134255 1134306
1134415 1134513
1134887 1134912
1134955 1135049
1135251 1135313
1135676 1135691
1135909 1135953
1136014 1136064
1136323 1136422
1136807 1136831
1137058 1137099
1137440 1137513
1137847 1137899
1138216 1138307
1138404 1138422
1138647 1138703
1139087 1139119
1139342 1139371
1139475 1139555
1139996 1140017
1140371 1140372
1140818 1140845
1141303 1141395
1141495 1141571
1141779 1141826
1142192 1142261
1142583 1142607
1142924 1142953
1143204 1143271
1143291 1143388
1143409 1143493
1143560 1143589
1144013 1144049
1144369 1144448
1144700 1144764
1144830 1144891
1145282 1145298
1145315 1145324
1145436 1145449
1145452 1145508
1145559 1145636
1146022 1146038
1146141 1146162
1146313 1146330
1146395 1146446
1146701 1146785
1147063 1147147
1147276 1147350
1147732 1147828
1148297 1148375
1148707 1148737
1148896 1148897
1149113 1149119
1149350 1149419
1149471 1149479
1149786 1149865
1149890 1149966
1150302 1150389
1150842 1150858
1151351 1151358
1151568 1151584
1151850 1151871
1152002 1152045
1152262 1152328
1152428 1152451
1152592 1152655
1152882 1152929
1153356 1153368
1153490 1153567
1154039 1154073
1154080 1154111
1154169 1154203
1154289 1154372
1154446 1154460
1154878 1154933
1155412 1155495
1155531 1155627
1155662 1155681
1155716 1155801
1155898 1155969
1155996 1156090
1156572 1156612
1156651 1156664
1157004 1157057
1157290 1157323
1157822 1157902
1158372 1158387
1158578 1158636
1158936 1158990
1159050 1159062
1159356 1159451
1159519 1159616
1159905 1159956
1159968 1160062
1160231 1160278
1160736 1160773
1160805 1160870
1161156 1161203
1161290 1161334
1161677 1161770
1161836 1161880
1162231 1162300
1162584 1162615
1162722 1162803
1162869 1162887
1162980 1162998
1163092 1163108
1163260 1163281
1163625 1163684
1164125 1164149
1164260 1164263
1164650 1164661
1164880 1164917
1165110 1165168
1165271 1165367
1165834 1165900
1166307 1166362
1166539 1166567
1166827 1166918
1167307 1167405
1167809 1167862
1167964 1167980
1168441 1168501
1168758 1168850
1169103 1169107
1169588 1169659
1170041 1170074
1170267 1170327
1170548 1170581
1170675 1170759
1170899 1170996
1171146 1171190
1171397 1171451
1171641 1171705
1171909 1171918
1172242 1172289
1172460 1172516
1172665 1172711
1173142 1173232
1173500 1173589
1173624 1173686
1173793 1173886
1174245 1174303
1174440 1174515
1174984 1175052
1175547 1175560
1175596 1175684
1175787 1175828
1176078 1176121
1176151 1176223
1176647 1176673
1176987 1177072
1177099 1177103
1177249 1177257
1177319 1177409
1177430 1177468
1177742 1177796
1177924 1177994
1178488 1178582
1178994 1179040
1179095 1179188
1179557 1179646
1179673 1179771
1179952 1180042
1180119 1180215
1180359 1180442
1180701 1180711
1181001 1181085
1181366 1181455
1181562 1181647
1182038 1182134
1182432 1182507
1182930 1182946
1183124 1183143
1183184 1183219
1183592 1183625
1183666 1183763
1184105 1184168
1184487 1184489
1184837 1184913
1185128 1185145
1185598 1185694
1185866 1185920
1186347 1186446
1186759 1186767
1186920 1186955
1187069 1187091
1187128 1187209
1187383 1187456
1187921 1187988
1188287 1188320
1188617 1188697
1188963 1188967
1189391 1189455
1189941 1190012
1190364 1190403
1190665 1190687
1191148 1191150
1191522 1191550
1191562 1191620
1191942 1192036
1192422 1192477
1192824 1192835
1193058 1193124
1193237 1193285
1193660 1193696
1194074 1194115
1194583 1194669
1194807 1194871
1195278 1195315
1195640 1195696
1196079 1196099
1196583 1196613
1196764 1196770
1197239 1197335
1197361 1197390
1197492 1197552
1197828 1197884
1198192 1198234
1198531 1198589
1198773 1198830
1199080 1199145
1199184 1199215
1199672 1199720
1199987 1200046
1200281 1200285
1200330 1200418
1200741 1200767
1201198 1201265
1201730 1201800
1201920 1202002
1202051 1202084
1202296 1202367
1202461 1202542
1202940 1202986
1203223 1203260
1203474 1203481
1203555 1203559
1203699 1203786
1204115 1204202
1204230 1204318
1204377 1204437
1204660 1204681
1205039 1205042
1205185 1205268
1205478 1205520
1205715 1205808
1205824 1205888
1206301 1206344
1206785 1206867
1207088 1207160
1207403 1207464
1207659 1207743
1207987 1208027
1208267 1208282
1208302 1208346
1208700 1208701
1208960 1208988
1209316 1209359
1209845 1209868
1209932 1209984
1210364 1210380
1210683 1210736
1211067 1211083
1211488 1211560
1212029 1212124
1212362 1212389
1212628 1212671
1212887 1212910
1213358 1213444
1213512 1213526
1213549 1213619
1213711 1213798
1214288 1214380
1214679 1214754
1214809 1214863
1214974 1215047
1215088 1215139
1215310 1215346
1215505 1215543
1215634 1215732
1215978 1216026
1216378 1216450
1216698 1216779
1217261 1217321
1217691 1217716
1218010 1218038
1218402 1218439
1218885 1218900
1219312 1219374
1219622 1219717
1219970 1220064
1220493 1220498
1220874 1220960
1221122 1221155
1221477 1221538
1221844 1221865
1222216 1222284
1222520 1222545
1223021 1223088
1223477 1223552
1223665 1223745
1223773 1223808
1224152 1224238
1224356 1224423
1224596 1224618
1225018 1225090
1225517 1225541
1225942 1226013
1226295 1226344
1226684 1226713
1227068 1227100
1227377 1227468
1227667 1227725
1227823 1227911
1228097 1228150
1228371 1228466
1228909 1228996
1229332 1229379
1229833 1229916
1230080 1230157
1230577 1230642
1230924 1230986
1231028 1231086
1231584 1231659
1231809 1231847
1232224 1232322
1232454 1232511
1232687 1232716
1232889 1232916
1233041 1233053
1233152 1233215
1233448 1233520
1233791 1233795
1233883 1233913
1234149 1234234
1234464 1234521
1234760 1234785
1234894 1234988
1235423 1235433
1235550 1235577
1235580 1235679
1235899 1235921
1236275 1236374
1236545 1236616
1236727 1236740
1237072 1237153
1237302 1237313
1237699 1237736
1237782 1237836
1238219 1238297
1238491 1238515
1238666 1238674
1239064 1239152
1239480 1239506
1239744 1239802
1240245 1240251
1240497 1240578
1240937 1241017
1241177 1241212
1241469 1241540
1241985 1242000
1242071 1242137
1242520 1242534
1242760 1242775
1243013 1243015
1243224 1243304
1243390 1243468
1243879 1243955
1244254 1244320
1244650 1244726
1244743 1244763
1244780 1244846
1244956 1244987
1245467 1245482
1245552 1245622
1245886 1245891
1246305 1246376
1246388 1246464
1246484 1246577
1246838 1246876
1247122 1247162
1247313 1247326
1247818 1247823
1247953 1248024
1248357 1248391
1248527 1248549
1248679 1248686
1248942 1248961
1249001 1249019
1249483 1249565
1249679 1249716
1249874 1249905
1250224 1250233
1250311 1250360
1250377 1250437
1250685 1250776
1251193 1251239
1251439 1251462
1251899 1251993
1252470 1252543
1252944 1252981
1253316 1253372
1253744 1253753
1254245 1254324
1254506 1254548
1254619 1254689
1255042 1255098
1255172 1255211
1255360 1255401
1255490 1255583
1255685 1255777
1255963 1255992
1256252 1256331
1256462 1256557
1257037 1257049
1257183 1257212
1257558 1257602
1257618 1257686
1257874 1257957
1258358 1258433
1258448 1258502
1258742 1258788
1259168 1259229
1259412 1259482
1259730 1259814
1259929 1259975
1260189 1260204
1260561 1260571
1260967 1261013
1261221 1261229
1261715 1261791
1262195 1262223
1262423 1262442
1262915 1262980
1263051 1263102
1263232 1263264
1263475 1263537
1263634 1263677
1264147 1264234
1264619 1264620
1264647 1264654
1264785 1264876
1265053 1265103
1265469 1265516
1265895 1265918
1265941 1265958
1266316 1266366
1266676 1266684
1266777 1266804
1267074 1267170
1267376 1267432
1267841 1267927
1268064 1268110
1268587 1268622
1268657 1268711
1269035 1269050
1269280 1269372
1269573 1269629
1269649 1269671
1269988 1270071
1270510 1270520
1270953 1271035
1271073 1271126
1271243 1271278
1271749 1271785
1271898 1271986
1272030 1272038
1272190 1272227
1272654 1272753
1273018 1273054
1273438 1273481
1273694 1273742
1274221 1274294
1274444 1274527
1274884 1274949
1275094 1275156
1275368 1275462
1275477 1275550
1275935 1276026
1276205 1276299
1276574 1276668
1276848 1276868
1277001 1277036
1277401 1277410
1277886 1277894
1278374 1278409
1278450 1278549
1278667 1278766
1279189 1279275
1279307 1279329
1279732 1279809
1280031 1280067
1280133 1280193
1280440 1280531
1280960 1281034
1281105 1281144
1281433 1281473
1281605 1281632
1281873 1281906
1282353 1282404
1282759 1282821
1282985 1282989
1283091 1283124
1283575 1283576
1283761 1283855
1283912 1283920
1284024 1284083
1284187 1284190
1284622 1284714
1285027 1285056
1285256 1285324
1285472 1285476
1285829 1285831
1286076 1286163
1286478 1286511
1286699 1286792
1287191 1287246
1287464 1287469
1287730 1287821
1288141 1288191
1288428 1288441
1288824 1288874
1288965 1289000
1289032 1289034
1289529 1289583
1289785 1289869
1290258 1290338
1290344 1290345
1290677 1290739
1291178 1291224
1291657 1291695
1291850 1291897
1292056 1292108
1292597 1292693
1293089 1293169
1293233 1293314
1293586 1293641
1293684 1293714
1294155 1294248
1294578 1294639
1294781 1294871
1295361 1295375
1295639 1295730
1295788 1295830
1295944 1295999
1296244 1296318
1296531 1296612
1297106 1297172
1297307 1297311
1297439 1297452
1297850 1297870
1298189 1298216
1298429 1298447
1298894 1298982
1299014 1299088
1299266 1299363
1299748 1299781
1299957 1300018
1300505 1300507
1300690 1300692
1301048 1301083
1301182 1301239
1301311 1301397
1301848 1301907
1302008 1302072
1302379 1302426
1302554 1302641
1302992 1303040
1303309 1303384
1303848 1303928
1304078 1304109
1304376 1304427
1304495 1304560
1304906 1304915
1305406 1305479
1305960 1306045
1306382 1306481
1306582 1306599
1306604 1306639
1306950 1306958
1307304 1307344
1307657 1307741
1308000 1308014
1308415 1308488
1308601 1308677
1309133 1309205
1309231 1309321
1309579 1309599
1309783 1309850
1310085 1310124
1310359 1310384
1310569 1310579
1310595 1310669
1310965 1311061
1311321 1311420
1311586 1311603
1312071 1312077
1312554 1312636
1313134 1313225
1313550 1313595
1313774 1313836
1314263 1314353
1314805 1314895
1315333 1315381
1315501 1315514
1315682 1315700
1315838 1315927
1316418 1316477
1316866 1316887
1317314 1317344
1317373 1317425
1317514 1317603
1317998 1318047
1318173 1318228
1318553 1318637
1318915 1319005
1319123 1319169
1319267 1319359
1319367 1319416
1319449 1319472
1319517 1319545
1319927 1319930
1320240 1320301
1320742 1320837
1321192 1321228
1321426 1321469
1321717 1321774
1321955 1321999
1322446 1322526
1322578 1322654
1323017 1323036
1323167 1323265
1323468 1323544
1323822 1323891
1324325 1324370
1324582 1324604
1325089 1325150
1325533 1325556
1326001 1326043
1326491 1326574
1326837 1326890
1327031 1327100
1327283 1327379
1327646 1327739
1327937 1327972
1328278 1328279
1328474 1328543
1328943 1328952
1329171 1329266
1329602 1329644
1329974 1330034
1330186 1330265
1330722 1330804
1331032 1331035
1331117 1331131
1331548 1331612
1332030 1332118
1332531 1332576
1333033 1333088
1333438 1333517
1333921 1333931
1334243 1334255
1334371 1334454
1334544 1334623
1334659 1334682
1335113 1335209
1335373 1335380
1335666 1335735
1335814 1335849
1336052 1336100
1336520 1336597
1336939 1336962
1337334 1337346
1337800 1337873
1338226 1338255
1338680 1338712
1338913 1338952
1339049 1339111
1339534 1339590
1339666 1339705
1340042 1340112
1340247 1340321
1340340 1340397
1340447 1340503
1340611 1340678
1341037 1341121
1341125 1341185
1341494 1341516
1341928 1341951
1342078 1342162
1342170 1342174
1342265 1342352
1342425 1342453
1342947 1342955
1343150 1343195
1343316 1343364
1343770 1343812
1344251 1344334
1344649 1344707
1344820 1344827
1344862 1344887
1345033 1345039
1345352 1345397
1345433 1345508
1345922 1346015
1346351 1346394
1346596 1346682
1346924 1347023
1347261 1347273
1347709 1347773
1347956 1348005
1348488 1348575
1348817 1348852
1349187 1349235
1349622 1349671
1350139 1350145
1350446 1350465
1350709 1350717
1350789 1350800
1351043 1351083
1351473 1351565
1351970 1351994
1352051 1352123
1352302 1352342
1352489 1352572
1352878 1352955
1353357 1353371
1353796 1353807
1353838 1353883
1353987 1354083
1354381 1354475
1354952 1355032
1355041 1355078
1355555 1355648
1355707 1355715
1356140 1356231
1356483 1356549
1356977 1356987
1357352 1357387
1357449 1357543
1357689 1357712
1357996 1358036
1358449 1358459
1358872 1358953
1359069 1359120
1359608 1359704
1359842 1359846
1360030 1360053
1360298 1360329
1360596 1360613
1361092 1361117
1361125 1361129
1361273 1361371
1361393 1361419
1361737 1361798
1361879 1361908
1362172 1362192
1362504 1362535
1362545 1362616
1362626 1362706
1362820 1362900
1363165 1363204
1363394 1363430
1363565 1363581
1363642 1363675
1363824 1363884
1364278 1364329
1364706 1364735
1364816 1364841
1364930 1365001
1365007 1365040
1365185 1365208
1365628 1365655
1365781 1365856
1366295 1366341
1366521 1366575
1366927 1366952
1367274 1367293
1367323 1367394
1367680 1367731
1367767 1367840
1368277 1368280
1368544 1368581
1368643 1368697
1369016 1369053
1369524 1369603
1370021 1370029
1370294 1370378
1370738 1370823
1370929 1371021
1371161 1371237
1371620 1371666
1371889 1371928
1372405 1372464
1372672 1372733
1373119 1373157
1373603 1373638
1373881 1373933
1374261 1374295
1374719 1374738
1374746 1374752
1374992 1375024
1375334 1375420
1375566 1375645
1376091 1376138
1376252 1376279
1376756 1376819
1377190 1377269
1377677 1377698
1377874 1377928
1378143 1378209
1378673 1378744
1378926 1379014
1379349 1379356
1379726 1379802
1380073 1380079
1380542 1380641
1380768 1380778
1380875 1380955
1381132 1381136
1381380 1381394
1381780 1381861
1382299 1382363
1382691 1382771
1383220 1383277
1383339 1383379
1383772 1383827
1384063 1384133
1384476 1384570
1384644 1384656
1384797 1384827
1384869 1384927
1385008 1385025
1385099 1385115
1385207 1385292
1385748 1385793
1385946 1386016
1386025 1386074
1386417 1386474
1386843 1386891
1387192 1387199
1387525 1387564
1387828 1387867
1388310 1388352
1388708 1388731
1389201 1389214
1389362 1389437
1389899 1389998
1390486 1390508
1390561 1390628
1390924 1390936
1391225 1391229
1391672 1391729
1391850 1391900
1392380 1392391
1392741 1392839
1393216 1393308
1393609 1393683
1393808 1393878
1394013 1394025
1394182 1394233
1394369 1394408
1394781 1394853
1394888 1394906
1395207 1395253
1395537 1395581
1395752 1395823
1395869 1395936
1396337 1396372
1396795 1396857
1396938 1396980
1397141 1397149
1397579 1397623
1397705 1397764
1398138 1398168
1398393 1398482
1398977 1399076
1399448 1399528
1399689 1399742
1400230 1400249
1400660 1400741
1400793 1400802
1400805 1400877
1401266 1401360
1401835 1401845
1401889 1401965
1402232 1402264
1402474 1402529
1402763 1402772
1402828 1402872
1403117 1403164
1403648 1403663
1403846 1403917
1404281 1404361
1404841 1404852
1405196 1405274
1405502 1405568
1405573 1405644
1405999 1406070
1406075 1406147
1406630 1406664
1406825 1406841
1406936 1406971
1407083 1407111
1407363 1407375
1407855 1407861
1407937 1408028
1408247 1408311
1408447 1408546
1408820 1408852
1408996 1409049
1409285 1409296
1409465 1409522
1409779 1409830
1409984 1410009
1410407 1410450
1410730 1410784
1411240 1411305
1411711 1411782
1412050 1412096
1412538 1412637
1412903 1412931
1413089 1413165
1413190 1413240
1413347 1413392
1413590 1413649
1413956 1413986
1414480 1414571
1414899 1414978
1415184 1415221
1415358 1415391
1415830 1415848
1415879 1415883
1415968 1415980
1416262 1416330
1416829 1416900
1417297 1417342
1417577 1417619
1418083 1418087
1418389 1418439
1418759 1418799
1418935 1418946
1418993 1419056
1419277 1419331
1419439 1419449
1419544 1419575
1419605 1419704
1420067 1420154
1420436 1420495
1420657 1420707
1420767 1420835
1420999 1421021
1421195 1421263
1421732 1421765
1421963 1422045
1422486 1422557
1422802 1422852
1422933 1422949
1423111 1423172
1423319 1423346
1423405 1423450
1423582 1423642
1423934 1423969
1424144 1424225
1424467 1424506
1424767 1424775
1424945 1425013
1425417 1425514
1425773 1425831
1425981 1426014
1426412 1426436
1426541 1426551
1426971 1427002
1427367 1427461
1427754 1427833
1428084 1428154
1428348 1428439
1428846 1428881
1428901 1428977
1429003 1429033
1429104 1429163
1429268 1429352
1429389 1429420
1429599 1429686
1429688 1429692
1430173 1430241
1430281 1430305
1430385 1430432
1430881 1430976
1431019 1431043
1431118 1431216
1431238 1431297
1431333 1431374
1431601 1431680
1431759 1431817
1432310 1432406
1432668 1432683
1433027 1433088
1433155 1433156
1433631 1433650
1433815 1433900
1434232 1434331
1434594 1434638
1434943 1434958
1435066 1435139
1435157 1435249
1435705 1435734
1435851 1435927
1436375 1436434
1436480 1436579
1436892 1436977
1437403 1437437
1437580 1437593
1437765 1437821
1437971 1437998
1438321 1438346
1438396 1438428
1438853 1438875
1439013 1439112
1439312 1439373
1439757 1439810
1439898 1439927
1440015 1440060
1440315 1440374
1440418 1440470
1440899 1440928
1441110 1441133
1441254 1441347
1441827 1441885
1442159 1442228
1442293 1442364
1442798 1442890
1443078 1443163
1443499 1443562
1443641 1443678
1444033 1444075
1444527 1444593
1444854 1444891
1444935 1445024
1445486 1445561
1445806 1445896
1445921 1446017
1446279 1446365
1446532 1446570
1446599 1446642
1446827 1446855
1447240 1447263
1447432 1447501
1447721 1447728
1448007 1448017
1448179 1448246
1448477 1448517
1448769 1448799
1449188 1449242
1449657 1449743
1449843 1449846
1449938 1449949
1449972 1450012
1450459 1450483
1450654 1450696
1450921 1450968
1451387 1451455
1451463 1451555
1451895 1451979
1452322 1452350
1452453 1452497
1452972 1453070
1453148 1453172
1453364 1453392
1453769 1453829
1453972 1454035
1454221 1454286
1454485 1454513
1454938 1454953
1455198 1455282
1455298 1455378
1455756 1455760
1455822 1455892
1456067 1456089
1456404 1456413
1456456 1456461
1456615 1456687
1456838 1456903
1457145 1457230
1457304 1457323
1457695 1457700
1458178 1458264
1458739 1458834
1459200 1459219
1459378 1459418
1459429 1459485
1459556 1459566
1459957 1460009
1460284 1460309
1460491 1460493
1460760 1460820
1460885 1460982
1461240 1461268
1461676 1461705
1461755 1461854
1462337 1462356
1462691 1462787
1462893 1462899
1463303 1463328
1463334 1463424
1463449 1463479
1463674 1463729
1463887 1463903
1464280 1464330
1464423 1464501
1464600 1464609
1464856 1464951
1465424 1465462
1465860 1465936
1465951 1466023
1466468 1466488
1466522 1466537
1466956 1467014
1467245 1467344
1467632 1467668
1467724 1467771
1468013 1468039
1468535 1468559
1468781 1468878
1469057 1469152
1469224 1469271
1469605 1469669
1469845 1469891
1470300 1470380
1470707 1470718
1471097 1471105
1471132 1471154
1471618 1471624
1472104 1472141
1472497 1472536
1472702 1472726
1472964 1473015
1473320 1473360
1473612 1473616
1473947 1474035
1474278 1474371
1474827 1474887
1475095 1475193
1475426 1475505
1475777 1475828
1476287 1476298
1476582 1476643
1476772 1476819
1477260 1477282
1477321 1477359
1477722 1477809
1478082 1478155
1478488 1478541
1478871 1478944
1479113 1479183
1479568 1479646
1479770 1479868
1480291 1480353
1480652 1480683
1480738 1480805
1481133 1481172
1481322 1481360
1481491 1481544
1481994 1482073
1482440 1482498
1482790 1482797
1483025 1483060
1483215 1483279
1483584 1483662
1483708 1483715
1483789 1483856
1484273 1484358
1484435 1484517
1484981 1484982
1485121 1485189
1485332 1485378
1485546 1485599
1486091 1486124
1486176 1486229
1486421 1486441
1486722 1486796
1487032 1487066
1487271 1487278
1487685 1487705
1488037 1488085
1488218 1488274
1488385 1488466
1488631 1488638
1489064 1489126
1489620 1489685
1490036 1490055
1490113 1490149
1490590 1490642
1490663 1490757
1491154 1491189
1491598 1491653
1491879 1491906
1492246 1492279
1492486 1492524
1492886 1492917
1493243 1493281
1493534 1493603
1493625 1493703
1493887 1493949
1494135 1494198
1494398 1494486
1494935 1495030
1495209 1495219
1495717 1495768
1495796 1495891
1496029 1496063
1496165 1496254
1496315 1496349
1496632 1496674
1496824 1496827
1496869 1496883
1497293 1497298
1497541 1497574
1497688 1497722
1497888 1497930
1498166 1498208
1498631 1498689
1499013 1499045
1499177 1499263
1499611 1499705
1500101 1500175
1500269 1500311
1500599 1500679
1500900 1500935
1500973 1501025
1501245 1501267
1501438 1501479
1501762 1501832
1502077 1502107
1502371 1502419
1502800 1502814
1503149 1503165
1503511 1503582
1503922 1503978
1504331 1504360
1504467 1504510
1504693 1504789
1505208 1505306
1505653 1505675
1505772 1505812
1505960 1505976
1506289 1506376
1506416 1506508
1506561 1506659
1506661 1506755
1506878 1506909
1507273 1507292
1507325 1507341
1507744 1507777
1507871 1507919
1508043 1508063
1508072 1508164
1508199 1508256
1508536 1508586
1509016 1509104
1509569 1509610
1509999 1510024
1510418 1510498
1510779 1510791
1510860 1510875
1511237 1511254
1511529 1511559
1511804 1511829
1512086 1512169
1512470 1512549
1512998 1513089
1513572 1513663
1513762 1513821
1514257 1514279
1514434 1514456
1514636 1514734
1514986 1515016
1515437 1515522
1515695 1515793
1515990 1516062
1516486 1516557
1517034 1517045
1517363 1517387
1517844 1517884
1518150 1518154
1518414 1518437
1518529 1518579
1518939 1519004
1519400 1519425
1519444 1519483
1519873 1519887
1519956 1520036
1520128 1520190
1520576 1520613
1520781 1520806
1520886 1520955
1521444 1521543
