143
45
272
112
268
47
76
275
425
376
68
35
210
116
49
130
63
199
128
244
11
137
3
273
158
94
348
206
70
196
130
197
399
392
219
399
146
67
393
371
420
253
233
100
210
24
439
132
195
380
378
107
43
84
297
211
162
272
31
267
147
102
275
283
478
317
90
3
208
312
117
292
280
250
206
374
499
187
194
185
72
385
104
19
355
139
77
204
71
339
19
132
230
231
340
59
195
274
377
167
406
168
302
293
126
321
271
44
263
20
19
16
407
14
73
244
236
347
140
386
462
329
314
330
343
78
41
149
49
47
341
227
224
148
421
55
438
29
219
305
334
174
401
39
63
136
151
114
299
207
92
283
234
127
434
335
195
236
168
348
373
137
83
316
218
7
184
32
312
365
477
131
308
274
475
214
324
334
138
136
35
184
95
287
438
389
340
143
86
101
197
168
50
59
365
344
421
378
217
179
363
251
218
251
254
182
280
32
72
295
368
292
285
79
361
303
372
303
198
354
437
369
138
103
103
294
319
380
422
92
459
396
159
85
93
37
109
258
173
201
262
373
410
368
111
335
223
221
472
99
11
292
142
285
109
159
96
388
246
60
109
343
11
84
221
231
285
319
196
330
471
245
187
241
429
391
185
239
342
303
278
26
37
11
107
30
374
371
269
105
478
49
15
300
477
83
263
397
221
299
376
59
248
346
66
212
377
212
323
64
371
188
202
185
256
139
126
284
491
126
56
242
244
399
480
390
215
294
23
216
200
92
93
366
441
109
366
141
489
184
466
12
99
275
192
359
492
142
376
349
161
352
296
316
191
220
355
264
279
170
157
231
80
324
472
241
485
230
21
301
166
399
155
24
459
1
153
233
378
362
107
186
168
211
227
21
246
291
149
279
370
79
310
167
290
334
230
52
396
47
351
367
385
354
219
46
215
186
270
175
112
90
3
211
280
119
446
297
386
130
318
305
386
72
347
98
416
240
421
190
233
302
244
148
375
29
294
83
198
258
234
322
9
109
361
337
483
277
409
139
337
118
423
323
196
210
238
142
190
229
313
263
102
397
333
33
118
294
237
395
204
235
89
100
282
32
336
349
23
18
252
239
80
99
133
129
204
109
287
93
403
377
434
391
268
165
53
108
18
123
154
105
212
196
2
111
359
222
477
275
304
179
129
240
119
68
232
60
276
276
310
268
65
194
303
205
483
293
38
68
367
216
116
19
429
347
71
281
218
257
247
213
483
316
179
206
321
288
215
137
213
3
390
191
408
387
218
357
27
85
453
105
371
126
498
287
310
291
339
151
21
91
236
37
235
212
194
54
101
96
119
75
478
175
480
216
190
199
68
161
396
309
237
77
464
53
144
178
334
378
47
291
250
52
383
73
109
36
317
252
87
374
104
230
28
172
240
321
51
4
282
132
459
365
67
32
237
194
442
101
334
392
355
13
296
101
230
78
336
15
431
35
236
63
366
82
442
57
246
175
199
48
120
267
105
19
85
41
66
40
365
12
132
189
336
94
43
133
382
151
386
192
284
248
431
303
398
259
361
191
465
263
386
39
110
389
246
310
276
194
463
39
432
221
402
145
202
248
22
334
364
19
172
196
322
130
312
37
243
286
13
44
116
349
345
79
292
170
261
353
352
67
382
101
38
86
332
198
85
234
329
250
380
393
125
1
416
297
94
378
347
215
227
247
332
180
332
213
461
378
75
284
51
244
431
10
53
81
306
90
18
147
244
313
420
284
465
343
449
173
419
316
88
346
136
151
180
172
273
78
406
61
319
207
67
89
330
7
442
269
90
98
400
398
428
38
412
213
134
199
90
118
187
153
245
298
227
104
378
148
395
191
386
232
261
142
361
302
452
108
406
350
471
255
231
215
34
398
238
117
185
366
441
162
55
394
324
343
294
397
234
242
487
264
310
281
397
241
20
48
228
250
407
65
160
108
174
178
187
338
487
151
228
9
478
15
314
361
94
113
494
311
176
190
87
369
89
21
150
12
405
286
24
388
297
188
250
399
147
239
386
45
73
365
388
110
340
175
92
98
60
62
446
339
185
357
395
378
255
106
223
386
89
249
172
87
340
318
115
187
292
177
273
248
147
200
452
204
498
163
246
386
433
184
323
85
288
173
182
74
474
84
181
317
75
124
163
314
487
371
469
161
114
136
207
69
377
213
453
16
379
50
121
77
321
261
190
78
132
292
335
291
498
6
186
286
67
96
309
220
52
18
279
387
405
323
296
83
490
364
395
274
387
393
365
299
138
139
303
238
29
280
231
321
168
240
35
274
477
384
131
339
207
191
487
135
162
357
397
123
84
21
242
27
167
213
476
387
267
237
259
378
34
82
141
291
4
331
11
115
4
5
374
276
220
15
445
88
117
125
81
191
371
381
177
53
195
123
146
172
71
118
406
186
339
141
302
132
286
168
135
372
180
42
229
284
98
33
202
128
67
188
313
294
161
302
182
211
152
364
83
300
203
38
251
285
40
59
404
216
447
75
452
59
48
140
259
231
420
58
224
36
95
65
62
307
256
337
253
248
395
101
273
230
250
161
305
358
268
35
288
52
488
245
340
261
52
372
207
61
241
181
158
109
476
288
161
92
285
235
108
66
34
86
426
331
178
65
111
281
268
99
67
286
201
197
151
98
272
317
279
304
269
267
20
394
491
153
120
21
168
241
312
75
184
194
420
91
331
110
358
18
316
117
499
342
393
97
335
333
58
273
195
221
357
133
487
77
449
103
326
3
228
333
251
16
165
371
303
123
260
254
470
335
222
393
140
385
174
330
223
122
380
287
421
173
221
201
316
187
35
31
325
105
429
156
349
306
149
174
63
119
220
244
442
397
431
23
455
370
231
41
282
75
282
315
166
134
295
264
36
153
311
218
477
28
215
234
83
392
225
126
261
30
283
270
103
348
234
64
389
47
378
96
39
21
343
252
460
178
301
362
407
274
53
306
128
172
50
260
471
139
104
30
392
386
496
90
301
7
62
332
40
253
495
87
404
157
20
391
439
235
428
293
450
168
69
39
105
91
148
158
57
44
113
325
52
211
204
267
404
218
82
75
318
343
430
230
423
74
351
114
308
178
176
112
375
47
161
327
140
37
249
276
174
309
316
79
64
95
334
393
55
60
337
142
202
350
166
191
89
308
457
66
205
159
13
69
403
93
402
141
23
328
76
390
389
239
93
258
75
99
112
362
287
368
122
293
31
240
227
247
252
323
441
338
46
364
308
353
142
374
309
95
10
124
11
130
384
3
441
385
218
225
395
138
10
1
481
72
304
307
271
341
195
358
184
107
132
319
189
93
99
224
370
67
37
324
175
226
206
21
207
227
429
327
225
362
442
92
96
20
321
182
203
77
470
252
296
225
253
340
193
256
14
167
188
141
100
72
252
73
6
247
237
1
488
247
73
113
48
27
179
142
284
3
490
222
197
70
15
55
214
349
48
294
61
354
207
3
401
58
193
165
323
220
109
79
135
278
345
156
486
138
7
41
472
322
367
190
423
292
336
397
6
307
497
273
125
133
234
241
346
52
82
316
430
256
438
42
426
24
62
43
299
334
489
217
46
237
431
177
160
304
487
154
446
224
340
237
244
380
185
93
289
72
438
117
273
15
114
166
407
378
496
173
77
211
253
380
142
22
439
320
315
39
107
203
117
275
229
368
250
360
116
384
37
368
25
392
313
113
116
19
247
397
165
394
257
230
176
287
174
305
265
193
435
286
227
197
157
381
468
330
445
156
38
52
94
34
31
300
284
91
225
289
422
178
8
338
161
328
315
109
287
334
480
187
220
255
492
43
359
272
190
221
474
170
427
347
188
156
359
309
293
249
66
323
64
129
479
17
176
60
86
43
8
151
458
126
430
25
449
193
105
157
258
114
424
83
471
119
14
383
330
229
480
385
377
361
29
233
376
200
133
101
466
379
242
336
132
149
400
64
254
143
253
27
141
153
268
26
29
27
433
251
31
129
497
111
89
196
184
185
260
135
411
281
461
303
338
21
191
147
441
85
48
46
10
193
13
23
452
223
142
375
468
367
484
189
239
390
316
39
311
214
31
328
23
244
158
45
470
311
373
389
370
186
353
343
318
34
456
7
474
150
31
84
1
10
499
213
476
29
384
355
477
106
156
277
119
380
396
222
349
191
423
58
77
292
208
280
427
391
456
244
125
165
176
393
389
116
387
379
215
199
12
267
332
90
104
231
30
116
442
259
467
123
425
397
63
18
370
74
215
368
137
256
301
161
418
348
368
94
424
113
161
157
442
306
494
39
354
330
450
374
491
359
28
201
202
337
306
325
497
58
422
227
163
155
20
350
193
56
254
174
235
199
76
179
152
399
440
24
236
202
207
358
225
151
337
396
214
282
217
14
295
338
57
35
75
208
313
334
250
296
216
269
18
388
202
1
499
280
10
399
27
68
475
300
214
310
25
182
75
371
20
318
478
259
445
195
229
360
321
370
476
198
499
276
325
184
246
125
249
26
303
153
378
395
228
44
78
288
442
50
296
99
379
161
415
183
447
127
102
74
408
345
298
379
58
341
52
392
138
395
84
219
84
155
436
380
213
66
206
398
400
264
417
173
125
226
101
249
73
190
23
378
343
262
322
66
90
96
377
165
146
306
215
33
382
243
189
312
372
397
247
324
448
92
428
198
141
378
102
207
313
101
229
246
59
214
89
3
128
22
11
59
172
310
150
155
384
74
394
48
448
211
105
223
40
272
325
341
329
78
293
392
457
373
124
238
223
373
265
207
36
376
418
63
85
333
187
109
61
29
395
16
183
329
345
379
63
295
296
370
68
166
246
131
201
305
228
126
401
33
215
197
5
316
125
246
458
154
61
268
27
309
134
300
311
179
360
197
157
278
155
243
13
211
106
331
60
156
399
175
124
12
221
221
237
307
42
372
243
38
282
361
470
125
337
148
473
21
276
111
97
70
419
328
40
3
456
77
399
123
408
167
382
93
180
41
25
87
154
233
89
370
467
114
144
68
51
344
281
281
369
46
472
289
6
20
33
333
401
163
56
180
471
145
210
80
120
278
310
282
414
195
137
202
191
189
430
300
150
96
176
259
149
80
25
32
385
82
174
350
264
333
295
348
456
12
408
235
457
372
193
351
113
150
139
71
161
209
224
111
213
365
259
201
116
342
461
205
457
305
453
7
16
318
420
380
303
304
115
141
274
227
120
127
224
219
343
39
31
82
130
155
209
313
403
188
176
294
76
357
219
399
450
165
164
90
49
281
245
182
245
242
63
29
53
340
391
379
269
198
436
309
41
133
428
212
126
210
488
277
463
299
442
77
267
384
347
111
205
104
152
109
281
133
7
29
435
357
364
44
64
359
29
368
249
149
382
324
53
86
441
139
182
11
367
162
452
30
165
250
454
349
445
277
65
363
47
59
319
20
279
132
222
116
479
189
114
329
318
262
302
43
263
164
349
14
443
254
369
119
124
259
179
93
147
365
460
112
90
176
238
373
184
285
462
41
263
240
408
354
1
63
287
277
472
203
408
322
214
218
267
129
402
102
348
246
472
121
230
361
310
289
79
122
450
379
162
170
385
36
85
285
76
26
423
124
376
67
444
339
429
274
224
68
393
260
117
396
266
258
322
348
135
197
483
337
285
372
140
205
104
27
192
220
276
377
326
202
144
23
191
130
141
344
167
81
356
364
251
369
348
191
22
322
31
206
52
235
314
143
232
210
12
155
377
11
430
183
286
259
20
56
33
34
308
61
305
321
388
45
192
358
211
313
36
190
124
339
498
74
140
174
67
296
368
262
441
23
181
309
303
79
397
266
344
113
14
286
144
4
155
310
495
69
216
375
425
295
139
364
270
304
342
64
156
308
408
25
198
367
72
62
61
354
160
374
24
74
467
175
166
285
350
259
385
219
36
281
66
258
285
113
358
45
366
360
343
230
64
176
394
185
109
98
106
193
298
176
97
247
137
186
441
286
382
66
296
134
380
206
56
119
209
391
241
374
473
186
421
25
110
140
431
36
269
110
348
243
140
382
274
101
175
14
394
213
198
232
287
197
255
274
326
205
26
55
120
116
20
154
203
51
137
1
85
68
247
330
6
323
133
268
429
49
195
276
429
174
54
328
35
142
216
396
228
280
384
132
9
53
415
40
470
125
490
396
276
342
492
212
126
387
62
132
347
24
247
19
109
264
247
332
163
382
430
149
314
85
331
288
297
53
456
70
30
353
359
212
192
171
163
266
2
107
186
198
190
377
2
11
367
351
71
268
335
4
290
316
200
355
1
192
222
72
173
338
289
175
52
395
83
249
357
206
366
184
84
247
407
385
459
41
175
78
466
312
298
144
332
323
214
60
469
397
446
332
304
390
69
240
116
137
456
31
150
39
256
80
365
306
498
321
69
29
424
320
47
147
353
349
189
396
408
160
2
72
406
223
116
156
464
384
402
171
486
179
459
161
496
17
131
298
169
61
66
338
187
302
361
250
364
273
413
164
477
95
318
65
319
344
467
263
178
112
361
249
410
392
368
372
441
158
126
150
174
45
456
74
389
378
28
206
475
379
321
188
292
363
36
353
405
227
157
311
398
367
31
96
103
282
25
368
332
269
64
316
117
326
399
202
215
262
59
99
308
19
474
130
236
148
237
394
345
7
116
363
263
316
174
162
250
192
282
262
442
380
410
104
196
225
27
262
184
65
460
17
258
300
314
114
332
316
113
368
235
306
493
169
233
112
172
265
379
170
208
67
285
35
77
139
334
120
367
162
351
130
274
180
4
117
498
144
59
225
377
140
487
323
481
241
465
170
172
76
421
106
381
305
273
241
468
196
222
213
45
187
20
163
355
225
181
257
201
207
493
374
365
84
304
9
418
296
402
263
369
383
333
193
160
289
123
326
72
296
427
148
289
265
341
144
325
371
188
301
98
56
114
37
300
301
9
125
400
221
202
45
49
295
34
23
247
218
305
280
257
113
52
283
237
23
286
270
341
151
357
54
135
153
484
77
482
28
38
170
229
34
281
346
430
114
455
363
213
107
286
366
299
107
151
373
247
196
150
42
435
217
105
363
45
190
486
94
456
238
389
117
112
252
390
181
383
165
215
354
45
368
157
157
376
160
415
348
88
181
71
312
203
196
418
385
480
283
209
270
365
58
497
332
98
373
97
27
238
177
354
126
67
123
218
394
18
311
246
213
80
363
304
332
452
3
30
374
418
330
456
105
8
285
375
256
219
301
284
393
167
340
394
290
167
275
133
201
249
280
422
210
172
11
345
353
8
69
392
89
231
27
68
164
400
124
261
69
79
193
428
92
313
57
14
18
187
99
337
391
238
201
243
185
287
317
355
94
59
200
356
171
252
230
385
25
324
272
429
7
211
354
7
301
433
366
311
240
441
234
144
9
319
92
75
243
487
21
447
383
451
123
137
140
39
196
83
136
465
38
270
107
458
95
475
250
11
55
339
9
262
349
489
192
448
55
492
316
326
79
162
333
223
4
278
276
399
5
189
60
230
159
443
31
493
90
228
213
36
224
256
184
456
243
451
230
99
286
260
19
321
319
277
104
364
336
125
133
36
339
162
131
51
281
183
306
33
114
100
227
482
342
354
244
271
40
241
348
14
66
67
75
178
365
486
198
385
261
367
313
371
100
443
68
247
58
364
34
456
44
366
52
368
210
164
29
323
87
268
332
247
65
96
265
167
56
180
5
181
246
200
52
298
174
232
279
116
145
190
76
10
180
82
169
236
24
219
392
409
170
343
180
302
128
131
358
95
68
309
183
314
289
440
293
234
22
272
9
332
326
347
130
8
290
160
227
472
315
489
97
61
102
127
218
364
29
25
54
19
171
415
55
61
356
18
387
274
354
171
13
92
177
84
47
378
308
82
119
460
377
217
340
253
215
335
158
67
394
346
123
345
293
261
257
204
188
43
397
162
110
409
122
476
366
193
340
226
141
66
113
288
327
469
261
429
45
414
379
424
246
136
163
353
240
444
275
417
233
124
352
67
76
307
83
337
230
348
241
388
221
429
74
340
269
153
163
124
253
58
330
20
326
146
285
320
319
405
105
350
108
431
313
139
196
418
34
248
170
44
291
187
328
424
368
488
18
325
236
62
84
254
71
403
319
192
230
231
36
54
322
473
54
478
214
459
176
472
114
156
7
205
171
417
139
307
70
429
385
246
267
329
279
395
345
84
202
52
69
103
138
221
39
137
73
200
110
89
316
311
297
461
362
141
325
46
241
136
54
176
350
6
5
369
355
166
242
484
173
431
26
252
5
458
172
12
365
205
59
74
186
323
290
39
144
30
297
355
279
226
156
196
288
85
113
346
157
332
286
451
267
460
265
421
172
378
98
495
238
52
330
26
221
58
249
88
181
325
83
396
7
317
202
86
224
377
123
467
267
154
389
400
351
295
381
323
214
369
187
250
126
422
88
195
209
196
95
464
321
478
40
157
383
283
332
153
136
282
136
106
146
223
244
115
399
76
228
163
296
239
139
264
329
160
287
180
43
275
303
34
130
439
88
492
339
312
232
12
39
371
63
227
123
3
226
335
330
5
337
78
103
30
61
438
221
58
31
210
270
212
108
343
230
264
84
69
302
128
286
383
372
148
34
274
299
107
56
12
266
271
198
357
277
138
56
472
150
431
7
156
371
489
116
452
251
328
270
423
295
424
68
457
205
410
254
495
253
37
218
56
188
36
7
324
204
23
180
165
281
379
233
100
309
347
89
76
132
253
132
120
340
265
95
449
380
462
103
89
349
236
209
164
75
103
368
68
349
26
302
69
217
127
52
351
73
149
354
464
235
344
356
473
65
288
173
102
176
4
19
78
261
494
217
183
4
238
80
2
178
25
196
301
91
360
131
93
223
173
78
338
325
104
76
402
279
334
305
344
388
11
309
462
205
50
379
99
355
244
353
393
236
319
78
161
353
481
193
323
301
418
19
303
262
77
397
51
323
189
40
481
358
148
157
106
85
398
209
242
257
64
317
421
77
111
141
304
129
46
21
463
19
235
385
138
172
135
182
238
146
447
44
107
157
313
209
163
311
117
247
134
54
446
216
233
185
202
18
333
5
171
124
186
253
61
122
480
3
489
369
151
135
109
230
112
198
336
381
495
325
67
240
157
364
5
97
53
222
485
272
105
146
292
51
144
227
463
197
365
291
225
249
153
294
175
179
173
102
85
233
318
10
409
126
480
353
486
70
271
96
421
31
135
212
86
331
139
216
371
20
111
3
113
184
148
302
492
310
381
23
12
117
400
243
36
36
279
73
479
238
48
129
393
259
447
390
67
246
459
214
120
267
338
136
240
363
337
12
344
328
75
186
135
337
180
250
395
316
184
270
461
251
371
92
63
219
199
263
37
158
364
216
408
120
135
305
122
331
70
265
17
93
431
137
289
100
421
54
344
125
49
360
307
222
246
40
48
308
395
13
264
394
248
304
79
7
426
325
223
365
285
63
473
325
296
230
47
222
11
177
400
301
289
272
233
232
80
287
364
387
165
331
228
87
75
52
475
145
389
383
180
356
157
218
153
312
208
19
72
13
464
240
136
351
73
18
105
233
471
338
234
217
126
52
462
237
289
200
92
141
382
221
410
138
274
343
262
296
123
327
437
280
230
36
480
250
65
164
413
43
128
14
486
189
109
66
309
72
430
355
299
350
181
41
316
84
370
137
94
138
54
226
328
149
427
57
255
132
450
331
228
185
437
274
51
323
299
51
106
133
220
240
286
341
140
269
324
374
170
50
192
362
50
382
440
95
25
81
26
7
53
285
407
116
225
34
218
161
422
274
95
326
364
301
326
173
155
262
430
66
153
365
447
268
358
93
360
100
312
31
169
141
321
78
188
77
190
144
308
199
55
2
170
41
379
255
164
25
399
137
262
346
499
321
6
369
194
136
450
381
436
123
491
292
105
345
158
185
2
188
226
284
366
34
23
271
214
62
318
207
10
22
203
267
160
219
454
178
319
356
145
256
384
172
148
136
161
98
163
103
349
253
14
59
251
272
362
188
365
257
356
214
339
32
270
103
33
201
152
333
197
332
88
320
487
201
313
79
469
36
359
82
58
7
296
81
403
365
292
237
14
347
437
71
136
192
360
94
313
82
1
277
102
331
427
217
177
369
299
88
465
261
269
47
323
60
414
385
352
97
426
145
137
178
61
27
131
277
392
43
106
270
325
215
138
260
345
374
59
140
419
175
255
110
422
369
153
116
329
258
302
322
444
160
292
91
13
388
94
347
51
100
374
44
403
49
71
210
74
137
371
302
84
398
391
201
328
190
210
327
254
203
176
187
269
6
202
11
343
231
482
217
498
4
461
223
487
149
381
103
183
393
492
72
384
297
260
217
83
395
487
43
143
140
355
114
357
256
428
183
370
33
419
113
462
34
29
73
60
312
184
350
157
46
379
214
424
320
411
101
497
108
329
122
489
47
328
169
223
28
91
284
281
52
499
294
331
205
281
5
439
286
297
360
408
367
121
385
390
29
341
170
333
41
1
191
123
347
340
92
96
228
251
381
496
199
378
4
44
95
429
137
342
241
57
49
334
349
72
52
178
165
56
6
432
301
266
252
122
383
442
16
121
271
122
77
320
290
310
331
498
381
460
268
334
114
128
390
378
348
330
216
28
333
115
58
134
170
289
189
466
361
237
117
369
114
448
143
80
213
117
313
389
125
148
191
270
109
53
375
303
105
320
363
197
226
87
399
55
309
233
189
221
333
363
201
489
120
22
226
237
339
51
381
54
259
105
13
125
260
456
50
94
208
155
318
418
230
289
305
309
84
8
352
107
63
230
40
190
311
453
69
447
341
476
376
356
86
467
298
435
328
340
6
365
54
226
248
108
347
356
175
435
210
79
31
174
53
356
78
303
118
183
306
336
11
146
342
59
352
359
125
20
127
405
290
431
333
446
254
44
4
215
47
294
140
13
184
6
393
346
151
39
19
139
188
220
146
329
293
288
13
5
85
428
141
452
63
27
143
406
249
419
285
274
145
478
184
13
385
298
363
234
108
130
101
322
399
252
356
50
287
252
276
26
87
383
342
405
56
351
45
284
384
257
131
271
93
3
148
119
256
77
283
190
173
27
102
112
5
257
187
31
230
148
385
240
248
76
146
70
63
165
355
465
105
238
85
200
282
175
33
259
119
459
378
437
79
182
216
191
352
255
19
443
307
392
283
6
311
372
369
382
299
49
326
264
327
231
78
381
194
295
103
250
67
286
254
16
98
418
192
313
345
167
371
66
308
288
29
55
168
444
152
72
256
7
245
285
225
303
107
36
77
452
76
362
27
402
387
111
210
225
116
382
246
343
260
148
174
279
381
182
5
268
292
106
292
220
174
44
59
40
40
261
217
382
97
487
87
404
395
70
116
343
363
370
65
212
98
64
334
377
328
5
141
25
392
19
341
301
103
476
72
391
36
243
308
327
134
201
370
486
179
77
216
341
125
104
327
449
55
465
128
229
174
218
284
448
245
231
361
201
92
314
195
89
324
18
97
15
277
299
389
206
36
424
250
2
225
270
101
141
93
405
304
409
150
461
112
337
28
39
231
103
241
358
137
41
206
118
252
366
399
45
343
458
128
347
133
43
317
189
213
497
383
440
223
102
51
390
338
170
9
134
111
229
396
119
366
188
311
303
176
480
248
127
115
194
282
115
358
448
296
59
139
51
147
375
65
325
385
2
304
172
185
187
197
288
71
184
38
292
172
66
88
478
357
72
24
451
333
452
366
349
329
388
249
255
262
160
147
164
376
202
164
260
102
218
314
112
314
109
278
440
36
394
1
493
12
474
236
398
218
304
63
29
178
102
70
499
262
393
133
333
180
238
161
394
179
193
228
471
148
247
326
418
218
3
121
166
63
255
126
278
104
48
327
361
10
277
235
210
269
266
25
488
37
499
288
39
181
26
136
211
387
76
349
276
248
104
386
59
136
17
282
201
90
382
157
174
18
491
39
124
93
31
303
443
275
348
14
387
166
76
333
250
41
100
367
379
85
7
32
79
93
337
181
432
129
160
257
52
103
10
92
221
32
361
201
303
261
235
275
406
365
454
357
441
327
260
175
457
101
197
345
292
220
147
148
87
92
36
360
110
275
101
8
311
191
413
126
327
152
344
78
261
344
58
142
66
246
31
222
207
200
271
372
67
110
197
184
273
309
443
285
169
3
88
133
479
349
425
399
408
391
419
242
91
228
247
10
477
397
465
93
394
235
267
46
147
290
299
154
32
61
212
59
432
24
25
156
76
390
461
66
255
331
17
293
256
287
71
195
319
126
491
63
68
308
12
336
391
166
411
275
314
313
192
311
14
342
302
252
265
221
318
367
111
288
122
188
438
395
161
280
480
357
305
29
99
274
378
136
69
194
214
331
418
285
329
234
432
118
249
131
96
79
434
142
143
186
78
103
380
293
94
247
188
74
459
178
330
316
249
139
399
196
310
322
455
62
415
120
189
173
354
309
90
171
121
179
57
309
295
292
85
16
40
343
57
67
65
359
342
250
293
75
325
14
376
185
94
302
59
130
152
363
20
255
56
284
91
142
1
72
191
110
76
207
235
349
181
12
269
336
464
67
201
242
22
141
350
3
352
81
234
252
172
122
304
275
263
15
176
73
197
182
78
256
249
18
84
183
168
296
181
145
22
266
343
85
43
122
266
262
407
343
329
147
281
131
455
394
314
75
15
113
149
230
356
284
47
395
261
122
438
5
22
218
254
293
476
16
236
222
267
59
491
192
111
246
358
9
460
174
187
226
105
109
320
291
122
20
297
357
386
96
354
171
26
267
185
197
268
199
58
57
303
286
39
201
185
336
19
85
447
359
4
248
69
127
482
137
387
225
92
13
389
72
429
248
156
122
154
28
90
308
318
366
70
38
417
167
168
339
121
219
445
291
84
240
143
353
469
3
77
243
121
226
17
233
292
58
164
274
491
324
308
36
292
166
72
322
344
370
350
27
268
232
307
335
109
275
169
36
455
120
383
137
339
390
410
39
494
353
444
272
433
87
71
6
429
41
469
329
388
266
139
89
353
267
45
129
118
28
241
118
376
324
227
327
148
15
182
350
487
25
317
180
235
142
142
254
65
26
390
18
127
122
166
213
489
106
434
168
38
246
171
181
261
240
469
295
426
41
189
173
297
59
358
102
60
202
105
178
133
143
218
4
415
300
46
119
415
253
368
200
394
215
464
172
260
164
418
396
290
120
375
354
108
200
320
310
19
107
353
342
195
369
24
337
222
190
15
241
284
309
343
257
96
177
3
365
15
203
42
204
67
257
421
283
133
11
6
365
369
365
476
73
276
114
125
163
4
258
96
193
46
55
165
248
78
218
285
221
317
120
61
112
288
75
99
176
103
170
89
115
316
252
197
73
153
68
187
141
398
170
304
264
399
21
303
188
123
43
466
296
218
231
118
336
212
372
377
115
167
158
380
358
335
399
153
117
212
60
330
181
108
399
83
327
44
371
250
211
205
184
127
44
398
150
145
39
66
63
278
88
487
302
488
11
499
21
33
58
171
331
91
148
110
217
338
220
459
282
448
284
430
224
446
222
452
192
14
397
345
37
107
359
308
150
150
385
154
226
198
162
341
164
372
261
314
283
1
21
464
95
322
216
452
157
442
198
156
251
76
63
174
252
349
330
35
19
155
5
11
29
480
379
306
290
232
171
25
235
128
67
10
15
28
346
227
230
364
10
110
220
371
34
278
379
302
161
187
19
245
86
263
347
330
302
371
352
383
111
382
270
229
368
184
288
34
126
257
395
374
364
35
244
140
22
257
2
306
94
73
209
19
276
202
101
66
37
284
206
362
254
186
267
216
14
131
89
237
176
246
180
18
145
63
11
194
292
15
156
29
344
429
57
63
381
316
245
245
332
139
248
162
146
10
177
493
324
364
324
424
89
247
192
217
245
180
176
470
178
377
78
458
137
146
223
58
94
189
196
448
343
241
57
248
246
406
156
337
35
422
103
419
342
262
102
444
266
72
146
357
73
396
371
73
38
445
185
342
294
376
28
391
49
11
153
153
169
223
381
154
86
260
356
267
32
290
241
226
166
248
214
346
375
420
6
280
81
122
380
458
34
164
232
401
163
451
191
401
228
480
3
309
392
446
100
467
315
136
395
11
79
286
114
355
291
157
254
411
363
422
220
491
70
86
213
324
60
175
180
162
390
52
66
52
146
463
376
5
325
223
103
321
27
491
148
73
305
341
313
431
165
353
276
492
247
457
393
267
7
231
374
122
136
8
88
225
112
215
260
333
379
385
260
392
102
363
59
3
258
5
232
169
266
217
77
401
11
489
118
315
322
229
121
326
368
170
255
411
50
149
374
73
22
78
288
258
278
447
130
379
302
262
90
304
124
27
361
301
124
21
273
90
212
458
248
476
273
165
62
172
129
313
152
192
232
186
313
8
160
10
130
141
91
39
145
287
173
326
96
129
205
119
241
183
112
36
390
365
390
481
95
38
362
345
245
380
360
90
346
487
275
434
388
22
287
343
369
139
52
256
146
51
189
451
154
212
117
191
50
209
100
461
133
89
153
341
353
284
12
477
364
133
26
369
190
461
345
279
263
319
295
262
149
361
35
122
177
211
46
289
331
259
2
472
206
85
306
495
256
56
138
148
394
177
379
368
391
51
190
373
398
490
228
64
354
172
41
231
113
446
395
102
128
349
370
379
35
307
270
339
355
341
82
52
345
237
207
345
119
217
264
255
118
85
396
480
25
171
329
307
163
107
174
200
394
171
124
224
61
35
242
28
184
444
174
313
193
418
138
236
352
425
128
337
114
181
136
278
160
190
166
491
257
129
90
115
285
379
9
186
331
380
97
437
344
449
8
299
304
459
257
473
290
378
34
475
206
62
22
105
256
49
193
108
315
352
391
401
42
496
17
310
163
88
267
236
303
96
94
310
236
264
238
131
3
425
350
369
43
421
102
285
57
106
32
27
39
450
397
3
363
69
108
67
311
217
155
49
18
322
245
306
315
295
282
176
373
114
87
36
189
112
191
483
55
273
192
463
200
356
373
206
322
335
313
198
252
85
34
164
330
107
399
122
80
87
45
3
287
148
279
67
387
292
219
473
222
143
103
279
36
383
279
273
66
63
214
406
106
41
359
491
221
199
23
50
82
356
162
47
143
209
231
469
183
192
45
204
334
324
367
42
162
251
161
268
246
249
48
106
100
220
272
443
329
271
385
5
392
392
213
405
90
95
185
262
94
304
237
440
283
232
389
96
34
63
44
436
247
475
373
279
336
462
88
382
340
288
27
392
192
216
2
419
115
85
139
409
296
88
85
264
225
400
1
408
98
189
205
494
224
454
8
404
176
21
233
414
97
92
201
406
103
242
248
376
186
183
188
209
247
495
192
364
202
205
112
258
50
429
75
321
183
266
256
89
3
450
224
100
128
401
238
245
79
96
33
185
46
23
211
66
359
290
357
457
244
442
242
144
133
454
97
107
143
200
29
336
332
62
285
494
39
313
230
361
297
44
55
320
384
11
38
317
310
297
321
288
63
226
227
457
309
284
100
450
331
8
380
114
316
389
396
129
307
266
300
121
34
84
211
443
320
90
387
336
102
150
246
366
227
78
85
16
11
23
108
161
378
340
131
427
352
117
287
125
145
434
194
448
95
460
45
265
105
252
377
303
232
51
283
83
114
19
389
481
40
483
322
55
389
449
375
449
219
491
369
328
200
244
154
303
283
282
24
319
292
484
148
380
254
288
142
43
297
460
89
45
206
13
23
475
153
366
322
349
110
217
41
205
336
327
237
213
202
148
393
20
176
246
4
11
153
375
258
287
176
334
27
69
336
428
117
187
94
64
316
80
378
209
306
401
148
51
244
486
298
477
164
31
371
75
312
162
171
307
130
17
177
95
232
294
273
290
312
179
176
372
295
227
240
33
243
62
329
78
274
119
328
429
288
345
8
215
207
295
171
87
52
70
338
334
264
314
135
304
306
382
8
310
238
122
348
255
215
265
309
473
58
424
18
61
230
264
101
92
34
461
105
105
216
179
71
223
391
92
240
74
331
132
394
298
144
478
80
488
376
410
260
157
18
193
353
359
211
448
69
129
117
155
321
141
263
357
198
321
331
423
278
425
362
65
306
222
66
113
95
234
298
378
171
470
209
374
98
3
223
287
341
60
66
46
282
335
134
185
213
352
262
398
184
430
70
280
390
418
200
279
351
407
152
212
352
48
189
412
232
272
70
385
97
300
81
349
113
163
140
212
173
130
336
267
110
40
277
114
132
165
108
212
168
64
316
227
349
465
167
403
98
297
375
268
377
124
357
255
230
150
185
427
180
450
24
409
134
227
338
235
134
170
363
4
314
38
110
220
39
262
8
414
46
347
118
48
254
273
310
102
156
372
12
63
113
296
27
378
342
281
222
236
101
234
96
473
265
138
372
43
347
215
143
484
389
391
246
361
334
135
242
351
57
193
356
289
279
284
39
115
168
223
34
311
161
464
344
394
283
468
36
12
192
7
106
106
321
67
319
5
82
11
88
181
386
490
342
50
239
141
215
114
34
195
108
101
151
270
236
75
57
350
177
228
183
318
159
115
302
340
56
381
131
14
91
485
262
220
41
464
285
330
290
74
29
429
387
203
95
199
106
65
261
98
199
407
198
109
184
224
49
47
313
324
377
477
219
72
155
42
21
338
377
12
181
447
61
188
48
430
75
133
262
439
193
47
327
207
180
32
180
446
360
162
1
183
23
210
198
327
94
39
302
120
203
392
265
467
397
419
119
495
70
454
164
442
346
198
61
446
19
112
342
338
25
125
153
33
378
62
114
49
398
292
285
419
62
323
344
459
10
335
152
397
131
212
134
209
293
127
176
307
343
370
116
433
194
274
325
498
223
425
385
145
258
23
131
440
35
249
40
271
304
298
303
170
134
64
330
127
91
209
325
378
36
58
167
469
395
15
155
129
349
241
41
216
18
211
20
495
282
76
31
273
75
446
175
43
124
204
228
370
174
221
97
430
177
419
63
264
284
282
212
498
242
240
370
166
210
121
166
88
313
66
195
144
255
138
113
59
144
392
244
446
172
470
9
40
318
377
272
258
48
286
227
165
380
90
360
113
369
132
47
141
357
459
347
333
294
301
92
299
188
484
60
480
308
135
389
490
135
151
224
449
79
72
17
452
179
160
317
73
85
152
12
85
114
248
203
298
243
348
350
180
17
429
277
121
259
405
357
257
40
81
132
356
374
3
119
49
253
216
42
180
378
426
215
362
250
173
230
6
211
33
260
134
43
42
1
202
85
164
352
327
202
330
270
129
261
435
28
51
269
30
181
399
143
297
234
178
368
110
246
372
238
281
31
273
260
136
385
22
151
278
196
388
330
133
57
318
266
430
258
104
196
250
241
186
290
170
342
399
118
308
67
125
351
90
35
16
149
92
182
390
255
489
318
414
372
254
148
304
19
202
212
167
204
111
222
22
355
381
285
343
76
492
189
480
91
242
393
149
334
175
32
39
108
94
339
425
54
474
206
405
360
362
229
423
179
107
276
154
192
291
164
441
173
116
375
374
327
152
178
344
65
457
120
78
369
340
373
467
124
178
341
245
295
104
145
496
7
149
297
121
122
402
102
39
337
386
50
443
273
491
50
451
313
428
234
153
139
163
53
266
372
280
50
46
50
238
176
156
106
70
109
257
177
424
93
345
155
412
95
322
288
470
385
376
296
369
73
462
87
12
167
396
63
464
153
267
227
103
113
76
350
292
305
349
281
14
328
12
141
448
256
257
317
400
147
8
349
121
213
93
41
407
246
425
164
183
55
462
132
485
207
133
115
480
198
401
288
88
395
268
151
106
109
433
195
172
328
163
305
444
89
380
104
422
111
467
324
204
15
291
350
170
98
274
191
186
332
291
198
454
297
116
79
432
173
124
211
483
195
54
13
421
183
430
112
473
86
125
193
444
390
141
232
372
77
335
377
290
227
471
232
405
55
498
285
94
128
199
298
383
286
421
52
359
15
370
241
482
220
195
246
369
380
192
173
211
29
436
78
108
149
212
352
198
235
121
111
8
290
103
82
212
269
421
165
287
330
212
294
301
357
255
168
350
23
249
217
262
205
361
298
497
327
129
96
403
244
102
225
370
55
491
248
129
113
354
105
271
45
413
40
482
136
225
245
12
77
259
262
137
83
194
117
478
56
277
132
213
253
118
352
342
275
51
391
70
314
96
161
222
11
104
260
9
28
66
277
368
199
418
298
475
157
251
54
385
58
182
131
271
120
146
344
192
56
213
154
181
290
152
248
422
61
397
2
218
260
322
342
469
26
283
172
475
231
182
330
419
256
402
153
435
154
405
336
478
231
174
297
90
195
84
315
391
392
459
5
255
271
389
13
346
211
205
298
234
141
276
331
387
27
86
97
390
172
217
173
455
131
187
93
111
110
136
265
486
9
340
391
361
70
98
184
36
50
379
329
131
195
242
6
84
201
493
158
195
171
478
251
287
303
22
107
84
344
74
137
306
233
367
101
170
147
113
352
18
252
380
86
440
113
439
366
23
398
211
254
102
77
423
45
358
57
231
129
329
45
171
230
283
244
93
364
12
22
250
346
456
396
271
19
66
77
302
355
118
154
472
151
329
358
247
67
184
145
319
41
45
259
429
319
264
235
458
360
352
229
419
332
333
186
220
238
174
61
136
42
371
315
489
35
489
234
368
50
74
303
172
265
64
256
492
366
346
390
131
282
261
12
155
134
301
201
328
386
425
12
435
278
40
294
196
317
133
273
204
226
320
139
315
386
437
105
444
211
88
223
117
215
137
263
194
40
50
241
413
29
336
55
297
226
375
210
432
351
105
169
461
392
471
162
223
339
356
163
91
21
291
296
216
244
227
10
363
344
155
213
143
97
151
223
96
387
160
220
346
156
29
132
96
279
138
396
142
174
392
303
235
260
41
51
41
96
186
258
109
111
2
192
415
341
260
354
148
320
156
374
394
313
96
109
277
38
318
389
283
247
278
70
376
291
152
326
209
47
312
163
495
217
281
334
55
286
211
289
469
89
222
228
33
304
152
197
443
303
226
219
457
350
47
308
193
87
364
168
173
252
88
367
113
7
469
349
405
167
459
44
102
123
290
333
427
229
473
253
32
249
156
59
389
357
450
212
498
73
385
339
311
315
236
164
170
147
134
237
182
399
200
168
84
72
427
185
48
214
155
371
412
126
499
370
165
121
137
254
365
325
48
339
220
107
116
145
16
336
299
258
127
99
213
34
43
143
490
151
394
60
170
3
139
167
215
220
485
338
217
267
483
333
24
154
490
126
228
37
82
142
497
23
168
368
170
232
385
363
375
361
382
361
414
139
445
122
137
300
285
301
420
167
250
201
417
345
394
207
314
29
366
239
338
211
484
12
337
389
442
18
140
304
99
257
402
155
150
299
422
99
145
175
401
157
494
207
126
118
334
241
415
271
79
321
7
377
49
360
494
83
296
56
81
267
476
74
166
221
71
381
322
237
464
281
200
219
1
346
428
80
256
384
65
294
457
259
290
333
454
205
228
86
373
83
201
122
10
196
241
368
53
202
342
64
331
343
497
316
82
44
441
27
436
224
57
139
371
25
113
348
302
228
275
251
457
283
251
331
286
303
157
383
161
253
178
52
436
118
282
235
152
337
211
112
276
301
182
60
153
317
398
272
269
232
251
362
91
92
482
89
388
263
170
17
344
89
125
154
386
163
170
391
61
194
368
15
167
340
89
3
109
131
429
25
291
124
416
12
204
106
376
52
110
304
93
398
95
159
337
318
156
312
37
225
461
56
387
148
261
29
7
18
324
91
258
50
447
347
226
309
175
206
85
270
350
230
220
81
395
27
289
54
196
72
254
67
369
383
75
246
411
141
181
109
175
394
414
169
364
111
201
330
72
2
444
230
178
384
446
302
498
81
375
64
323
366
189
256
374
177
274
70
428
306
70
76
293
298
435
362
418
168
61
130
281
134
394
270
78
64
410
85
41
398
370
236
466
15
454
254
490
305
72
14
492
188
442
321
128
377
364
134
285
143
359
262
53
367
177
336
385
181
255
236
169
46
455
333
30
85
385
183
277
391
471
151
29
161
262
27
387
302
450
387
211
135
36
146
298
292
73
278
261
139
498
317
481
323
56
105
2
255
92
318
473
48
42
282
105
354
117
335
147
338
320
261
330
202
334
249
10
81
100
394
306
347
80
86
366
272
416
248
422
157
437
216
449
361
343
152
34
93
41
296
495
226
353
136
440
22
138
88
329
164
271
333
430
233
289
144
336
213
18
282
306
111
409
299
474
62
362
367
119
327
314
89
261
212
171
100
498
334
303
141
111
129
423
14
98
343
137
196
128
177
95
74
143
263
110
91
481
136
164
347
234
212
415
390
66
223
369
28
140
118
52
338
164
185
128
302
346
324
441
391
353
399
381
75
472
152
31
311
47
82
373
385
39
327
458
325
326
139
146
109
258
317
260
171
342
184
468
328
274
258
380
347
50
388
289
199
486
64
408
237
228
274
420
260
130
395
481
98
117
285
321
7
401
240
352
96
42
359
462
184
27
162
377
346
296
255
151
192
73
187
50
212
95
352
377
135
38
93
479
323
416
104
403
75
59
348
100
10
303
345
65
329
397
106
310
289
126
376
301
368
246
3
288
178
263
388
481
173
43
139
154
182
113
5
202
118
475
379
99
57
28
396
450
278
396
320
146
227
120
92
37
293
262
190
98
221
178
59
116
310
167
169
107
6
282
290
251
277
128
32
113
266
41
104
11
8
232
344
23
274
229
336
182
358
90
326
126
334
414
52
47
88
24
245
120
207
227
200
242
94
311
187
17
118
199
18
284
272
274
19
249
75
249
188
61
277
263
364
477
219
216
51
295
180
162
99
261
42
276
308
457
205
365
264
257
303
144
143
66
125
256
218
155
76
131
376
463
11
178
127
367
98
54
265
392
4
260
178
52
325
336
335
206
389
196
152
322
91
340
214
98
336
182
70
422
7
189
102
47
141
243
285
449
119
462
122
395
103
319
150
9
396
231
299
165
158
346
375
185
69
111
240
151
6
312
337
58
304
278
22
291
222
198
106
382
179
424
21
244
262
484
37
35
174
170
258
378
140
409
283
199
108
162
204
170
42
470
155
335
156
348
114
287
269
254
255
23
22
124
188
105
87
73
299
248
42
407
250
276
389
377
123
198
15
234
247
418
339
373
325
336
133
343
182
281
378
64
333
322
76
216
258
204
27
422
263
454
349
450
237
435
257
265
227
92
195
3
108
100
55
282
362
319
224
436
132
214
304
40
22
39
40
155
91
396
223
56
166
15
370
296
47
428
259
312
34
207
52
252
335
303
215
302
8
321
306
100
288
290
66
444
86
247
309
109
272
383
296
141
92
332
255
398
77
339
381
363
48
490
130
236
260
104
40
72
203
336
207
361
9
487
19
12
60
481
318
89
151
476
239
331
269
418
42
310
180
344
359
194
181
76
200
43
128
65
318
160
109
330
95
151
68
3
11
7
315
495
309
18
174
245
343
53
17
279
85
326
27
40
41
89
146
57
12
194
307
94
298
337
300
400
231
15
16
454
201
261
243
231
256
310
351
340
386
365
27
93
334
351
42
345
254
266
43
477
130
358
287
209
263
115
309
452
295
71
285
80
205
427
101
232
52
328
316
135
358
367
49
1
165
268
320
68
193
438
264
167
98
168
92
418
394
43
294
342
125
464
364
393
331
378
225
374
331
232
24
309
398
204
226
146
309
453
358
413
155
188
387
376
294
417
9
296
259
374
357
150
36
18
310
366
260
240
179
2
168
388
145
299
344
239
97
15
155
155
166
232
343
277
295
273
264
294
382
267
317
409
182
178
262
342
256
107
231
323
244
290
204
159
2
364
157
252
392
317
49
444
58
52
398
295
5
378
149
446
139
123
362
8
376
435
243
237
395
440
360
384
388
261
13
446
38
476
112
187
343
247
43
29
157
380
152
425
328
224
81
172
36
36
336
103
196
117
118
369
64
215
234
143
113
158
182
307
116
392
229
324
228
415
205
393
217
461
21
217
309
30
369
341
394
384
109
155
221
72
90
271
282
99
84
364
81
246
36
484
146
45
104
139
376
202
377
215
88
313
89
391
29
304
306
170
52
410
399
4
270
121
87
232
324
444
325
144
166
124
241
367
280
400
83
159
44
414
236
123
357
279
334
242
249
341
360
463
380
103
214
128
39
96
392
90
369
35
347
82
343
173
122
241
153
261
87
211
274
418
330
282
340
427
129
451
314
486
398
478
73
419
300
396
184
186
309
163
101
290
232
296
3
62
139
111
132
349
122
473
190
303
105
158
107
221
311
147
116
42
13
235
200
480
68
409
27
485
287
172
357
202
273
250
276
348
345
61
148
162
168
103
24
269
249
41
166
281
71
39
75
43
91
126
75
381
105
68
293
172
139
404
88
121
101
355
26
113
284
317
378
149
282
293
322
24
200
333
116
272
364
457
369
462
185
180
165
316
81
423
200
15
16
37
268
280
65
166
239
325
147
353
99
369
135
261
278
