143 188
460 572
840 887
963 1238
1663 2039
2107 2142
2352 2468
2517 2647
2710 2909
3037 3281
3292 3429
3432 3705
3863 3957
4305 4511
4581 4777
4907 5104
5503 5895
6114 6513
6659 6726
7119 7490
7910 8163
8396 8496
8706 8730
9169 9301
9496 9876
10254 10361
10404 10488
10785 10996
11158 11430
11461 11728
11875 11977
12252 12535
13013 13330
13420 13423
13631 13943
14060 14352
14632 14882
15088 15462
15961 16148
16342 16527
16599 16984
17088 17107
17462 17601
17678 17882
17953 18292
18311 18443
18673 18904
19244 19303
19498 19772
20149 20316
20722 20890
21192 21485
21611 21932
22203 22247
22510 22530
22549 22565
22972 22986
23059 23303
23539 23886
24026 24412
24874 25203
25517 25847
26190 26268
26309 26458
26507 26554
26895 27122
27346 27494
27915 27970
28408 28437
28656 28961
29295 29469
29870 29909
29972 30108
30259 30373
30672 30879
30971 31254
31488 31615
32049 32384
32579 32815
32983 33331
33704 33841
33924 34240
34458 34465
34649 34681
34993 35358
35835 35966
36274 36548
37023 37237
37561 37895
38033 38169
38204 38388
38483 38770
39208 39597
39937 40080
40166 40267
40464 40632
40682 40741
41106 41450
41871 42249
42466 42645
43008 43259
43477 43728
43982 44164
44444 44476
44548 44843
45211 45503
45788 45867
46228 46531
46903 47206
47404 47758
48195 48564
48702 48805
48908 49202
49521 49901
50323 50415
50874 51270
51429 51514
51607 51644
51753 52011
52184 52385
52647 53020
53430 53798
53909 54244
54467 54688
55160 55259
55270 55562
55704 55989
56098 56257
56353 56741
56987 57047
57156 57499
57510 57594
57815 58046
58331 58650
58846 59176
59647 59892
60079 60320
60749 61140
61325 61564
61906 62209
62487 62513
62550 62561
62668 62698
63072 63443
63712 63817
64295 64344
64359 64659
65136 65219
65482 65879
66100 66399
66775 66834
67082 67428
67494 67706
68083 68295
68618 68682
69053 69241
69443 69628
69884 70023
70149 70433
70924 71050
71106 71348
71592 71991
72471 72861
73076 73370
73393 73609
73809 73901
73994 74360
74801 74910
75276 75417
75906 76090
76556 76568
76667 76942
77134 77493
77985 78127
78503 78852
79013 79365
79661 79977
80168 80388
80743 81007
81286 81456
81613 81844
81924 82248
82720 82961
83446 83676
83697 83998
84164 84563
84718 84742
85201 85202
85355 85588
85966 86328
86435 86621
86789 87000
87227 87248
87494 87785
87934 88213
88583 88662
88972 89139
89429 89763
89993 90045
90441 90488
90839 91206
91591 91945
92164 92210
92425 92611
92881 93056
93168 93258
93261 93472
93752 93871
94317 94614
95000 95130
95448 95753
96139 96211
96558 96656
97072 97312
97733 97923
98156 98458
98702 98850
99225 99254
99548 99631
99829 100087
100321 100643
100652 100761
101122 101459
101942 102219
102628 102767
103104 103222
103645 103968
104164 104374
104612 104754
104944 105173
105486 105749
105851 106248
106581 106614
106732 107026
107263 107658
107862 108097
108186 108286
108568 108600
108936 109285
109308 109326
109578 109817
109897 109996
110129 110258
110462 110571
110858 110951
111354 111731
112165 112556
112824 112989
113042 113150
113168 113291
113445 113550
113762 113958
113960 114071
114430 114652
115129 115404
115708 115887
116016 116256
116375 116443
116675 116735
117011 117287
117597 117865
117930 118124
118427 118632
119115 119408
119446 119514
119881 120097
120213 120232
120661 121008
121079 121360
121578 121835
122082 122295
122778 123094
123273 123479
123800 124088
124303 124440
124653 124656
125046 125237
125645 126032
126250 126607
126634 126719
127172 127277
127648 127774
128272 128559
128869 129160
129499 129650
129671 129762
129998 130035
130270 130482
130676 130730
130831 130927
131046 131121
131599 131774
132254 132470
132660 132859
132927 133088
133484 133793
134030 134107
134571 134624
134768 134946
135280 135658
135705 135996
136246 136298
136681 136754
136863 136899
137216 137468
137555 137929
138033 138263
138291 138463
138703 139024
139075 139079
139361 139493
139952 140317
140384 140416
140653 140847
141289 141390
141724 142116
142471 142484
142780 142881
143111 143189
143525 143540
143971 144006
144242 144305
144671 144753
145195 145252
145498 145673
145872 145920
146040 146307
146412 146431
146516 146557
146623 146663
147028 147040
147172 147361
147697 147791
147834 147967
148349 148500
148886 149078
149362 149610
150041 150344
150742 151001
151362 151553
152018 152281
152667 152706
152816 153205
153451 153761
154037 154231
154694 154733
155165 155386
155788 155933
156135 156383
156405 156739
157103 157122
157294 157490
157812 157942
158254 158291
158534 158820
158833 158877
158993 159342
159687 159766
160058 160228
160489 160842
161194 161261
161643 161744
161782 161868
162200 162398
162483 162717
163046 163296
163676 164069
164194 164195
164611 164908
165002 165380
165727 165942
166169 166416
166748 166928
167260 167473
167934 168312
168387 168671
168722 168966
169397 169407
169460 169541
169847 169937
169955 170102
170346 170659
171079 171363
171828 172171
172620 172793
173212 173528
173616 173962
174098 174249
174429 174601
174874 174952
175358 175419
175738 175945
176012 176101
176431 176438
176880 177149
177239 177337
177737 178135
178563 178601
179013 179226
179360 179559
179649 179767
179954 180107
180352 180650
180877 180981
181359 181507
181902 182093
182479 182711
182972 183114
183475 183777
184229 184337
184743 185093
185564 185819
186050 186265
186299 186697
186935 187052
187237 187603
188044 188206
188261 188655
188979 189322
189616 190013
190247 190489
190976 191240
191550 191831
192228 192469
192489 192537
192765 193015
193422 193487
193647 193755
193929 194107
194294 194632
195119 195270
195498 195507
195985 196000
196314 196675
196769 196882
197376 197687
197863 198053
198140 198509
198598 198619
198769 198781
199186 199472
199496 199884
200181 200369
200619 201018
201165 201404
201790 201835
201908 202273
202661 202771
203111 203286
203378 203476
203536 203598
204044 204383
204568 204925
205320 205698
205953 206059
206282 206668
206757 207006
207178 207265
207605 207923
208038 208225
208517 208694
208967 209215
209362 209562
210014 210218
210716 210879
211125 211511
211944 212128
212451 212536
212824 212997
213179 213253
213727 213811
213992 214309
214384 214508
214671 214985
215472 215843
216312 216473
216587 216723
216930 216999
217376 217589
218042 218058
218437 218487
218608 218685
219006 219267
219457 219535
219667 219959
220294 220585
221083 221089
221275 221561
221628 221724
222033 222253
222305 222323
222602 222989
223394 223717
224013 224096
224586 224950
225345 225619
226006 226399
226764 227063
227201 227340
227643 227881
227910 228190
228421 228742
228910 229150
229185 229459
229936 230320
230451 230790
230997 231188
231675 231810
231972 232329
232726 232849
232933 232954
233196 233223
233390 233603
234079 234466
234733 234970
235229 235607
235641 235723
235864 236155
236159 236490
236501 236616
236620 236625
236999 237275
237495 237510
237955 238043
238160 238285
238366 238557
238928 239309
239486 239539
239734 239857
240003 240175
240246 240364
240770 240956
241295 241436
241738 241870
242156 242324
242459 242831
243011 243053
243282 243566
243664 243697
243899 244027
244094 244282
244595 244889
245050 245352
245534 245745
245897 246261
246344 246644
246847 246885
247136 247421
247461 247520
247924 248140
248587 248662
249114 249173
249221 249361
249620 249851
250271 250329
250553 250589
250684 250749
250811 251118
251374 251711
251964 252212
252607 252708
252981 253211
253461 253622
253927 254285
254553 254588
254876 254928
255416 255661
256001 256262
256314 256686
256893 256954
257195 257376
257534 257643
258119 258407
258568 258660
258945 259180
259288 259354
259388 259474
259900 260231
260409 260474
260585 260866
261134 261233
261300 261586
261787 261984
262135 262233
262505 262822
263101 263405
263674 263941
263961 264355
264846 264999
265119 265140
265308 265549
265861 265936
266120 266314
266734 266825
267156 267266
267624 267642
267958 268075
268574 268916
269309 269406
269741 270074
270132 270405
270600 270821
271178 271311
271798 271875
272324 272427
272753 272756
272984 273317
273568 273584
273749 274120
274423 274546
274806 275060
275530 275865
276087 276480
276620 277005
277179 277509
277732 277854
278234 278521
278942 279115
279336 279537
279853 280040
280075 280106
280431 280536
280965 281121
281470 281776
281925 282099
282162 282281
282501 282745
283187 283584
284015 284038
284493 284863
285094 285135
285417 285492
285774 286089
286255 286389
286684 286948
286984 287137
287448 287666
288143 288171
288386 288620
288703 289095
289320 289446
289707 289737
290020 290290
290393 290741
290975 291039
291428 291475
291853 291949
291988 292009
292352 292604
293064 293242
293543 293905
294312 294586
294639 294945
295073 295245
295295 295555
296026 296165
296269 296299
296691 297077
297573 297663
297964 297971
298033 298365
298405 298658
299153 299240
299644 299801
299821 300212
300651 300886
301314 301607
302057 302225
302294 302333
302438 302529
302677 302835
302892 302936
303049 303374
303426 303637
303841 304108
304512 304730
304812 304887
305205 305548
305978 306208
306631 306705
307056 307170
307478 307656
307832 307944
308319 308366
308527 308854
308994 309031
309280 309556
309730 310039
310355 310434
310498 310593
310927 311320
311375 311435
311772 311914
312116 312466
312632 312823
312912 313220
313677 313743
313948 314107
314120 314189
314592 314685
315087 315228
315251 315579
315655 316045
316434 316673
316766 317024
317099 317198
317310 317672
317959 318327
318449 318742
318773 319013
319240 319487
319739 320062
320503 320841
320887 321251
321559 321912
322054 322428
322737 322832
322842 322966
322977 323107
323491 323494
323935 324320
324538 324763
325158 325296
325306 325307
325788 325860
326164 326471
326742 327083
327278 327636
327820 327927
328059 328378
328567 328660
328759 328983
329353 329420
329457 329781
329956 330182
330388 330409
330616 330843
331272 331599
331824 332186
332628 332720
332816 332836
333157 333339
333542 333619
334089 334341
334637 334862
335115 335455
335648 335904
335918 336085
336273 336414
336514 336586
336838 336911
336917 337164
337401 337402
337890 338137
338210 338323
338371 338398
338577 338719
339003 339006
339496 339718
339915 339985
340000 340055
340269 340618
340666 340960
341021 341375
341582 341585
341986 342044
342237 342402
342725 342945
343054 343133
343268 343546
343891 344047
344533 344671
344678 344719
345191 345513
345880 346070
346493 346785
347121 347518
347524 347831
348328 348601
348726 348859
349093 349334
349680 349732
349814 350130
350560 350816
351254 351296
351722 351746
351808 351851
352150 352484
352973 353190
353236 353473
353904 354081
354241 354545
355032 355186
355632 355856
356196 356433
356677 357057
357242 357335
357624 357696
358134 358251
358524 358539
358653 358819
359226 359604
360100 360273
360350 360561
360814 361194
361336 361358
361797 362117
362432 362471
362578 362781
362898 363173
363402 363770
364020 364380
364496 364880
364917 365285
365310 365702
366015 366128
366244 366263
366510 366907
367072 367466
367723 367953
368129 368416
368590 368895
369160 369353
369788 370074
370301 370498
370655 371036
371504 371834
372279 372435
372473 372525
372619 372653
372684 372984
373268 373359
373584 373873
374295 374473
374481 374819
374980 375308
375623 375732
376019 376353
376833 377020
377240 377495
377987 378030
378389 378661
378851 379072
379546 379716
380143 380490
380678 380834
381193 381502
381795 382044
382110 382433
382497 382626
383105 383122
383298 383358
383444 383487
383495 383646
384104 384230
384660 384685
385134 385327
385432 385589
385847 385961
386385 386468
386939 387058
387072 387455
387785 388014
388494 388879
389256 389617
389646 389879
390255 390455
390588 390689
391155 391534
391776 392112
392244 392393
392793 392857
393111 393254
393507 393534
393675 393828
394096 394122
394151 394178
394611 394862
394893 395022
395519 395630
395719 395915
396099 396284
396544 396679
397090 397371
397832 398135
398473 398494
398685 398832
399273 399358
399406 399452
399462 399655
399668 399691
400143 400366
400508 400883
401351 401718
402202 402391
402630 403020
403336 403375
403686 403900
403931 404259
404282 404526
404684 404729
405199 405510
405883 406272
406642 406828
407181 407524
407842 407876
408332 408339
408813 408963
408994 409078
409079 409089
409588 409801
410277 410306
410690 411045
411522 411628
411784 412061
412180 412560
412956 413178
413527 413718
414141 414199
414276 414568
414776 415056
415483 415874
416330 416574
416699 416864
417040 417433
417822 417938
418325 418704
418919 419118
419130 419397
419729 419819
419923 420154
420184 420300
420742 421001
421468 421591
422016 422413
422476 422494
422864 422938
423153 423521
423658 423914
424215 424376
424794 425142
425510 425604
426028 426141
426302 426459
426901 427207
427701 427740
428094 428424
428874 429248
429739 430098
430126 430327
430529 430866
431172 431497
431994 432052
432474 432701
432864 433019
433039 433389
433582 433638
433892 434066
434301 434500
434576 434755
434907 435306
435746 435770
436006 436208
436415 436773
436998 437149
437486 437882
438096 438378
438595 438609
438904 439242
439299 439334
439409 439617
439930 440264
440514 440810
441026 441295
441313 441701
441903 441904
442403 442683
442693 443092
443119 443187
443662 443962
444176 444486
444511 444693
444768 445139
445159 445477
445955 446214
446659 446854
447083 447443
447764 448134
448610 448808
449307 449583
449908 450092
450338 450463
450712 450738
451041 451194
451572 451967
452195 452239
452317 452605
453047 453097
453393 453492
453871 454032
454447 454630
455077 455204
455306 455380
455788 456133
456431 456810
456868 457209
457261 457653
457791 458186
458270 458489
458573 458728
459164 459544
459757 459823
460029 460427
460827 461091
461508 461681
461806 462032
462133 462382
462455 462645
462668 463046
463389 463651
463973 464039
464129 464225
464602 464767
464913 465219
465434 465467
465849 466092
466281 466593
466965 467362
467609 467933
468381 468473
468901 469099
469240 469618
469720 469927
470240 470341
470570 470816
470875 471089
471178 471181
471309 471331
471342 471401
471573 471883
472033 472188
472572 472646
473040 473088
473536 473747
473852 474075
474115 474387
474712 475053
475382 475460
475753 476145
476602 476975
477099 477337
477560 477933
478198 478405
478441 478817
479235 479298
479383 479716
479903 480012
480073 480102
480497 480513
480696 481025
481370 481749
481812 482107
482403 482773
482841 483007
483253 483384
483585 483890
484118 484244
484645 484678
484893 485090
485095 485411
485536 485782
486240 486394
486455 486723
486750 487059
487193 487493
487804 487983
488343 488540
488697 488975
489130 489373
489386 489597
489703 490034
490094 490250
490649 490824
490948 490960
491181 491402
491639 491946
491988 492360
492603 492641
492923 493284
493754 493879
494216 494364
494837 494858
495134 495245
495342 495412
495831 496159
496199 496202
496658 496735
497134 497257
497665 497832
498214 498307
498487 498528
498553 498640
498794 499027
499116 499486
499953 500067
500211 500279
500330 500674
500955 501236
501605 501651
502123 502412
502418 502438
502471 502804
503205 503368
503424 503604
504075 504220
504430 504510
504630 504908
505218 505500
505914 506109
506246 506448
506639 506828
507258 507558
507708 507804
507980 508239
508388 508468
508493 508525
508910 508992
509166 509516
509780 510113
510408 510756
511212 511224
511632 511867
512324 512696
512889 513240
513353 513503
513642 513713
513874 514083
514307 514418
514631 514996
515255 515456
515572 515914
516375 516580
517037 517342
517795 517802
517818 518136
518556 518936
519239 519543
519658 519799
520073 520300
520420 520547
520771 520990
521333 521372
521403 521485
521615 521770
521979 522292
522695 522883
523059 523353
523429 523786
524005 524404
524854 525019
525183 525273
525322 525603
525848 526030
526275 526517
526580 526609
526662 527002
527393 527772
528041 528239
528675 528984
529025 529158
529586 529798
529924 530134
530622 530899
531362 531661
532103 532180
532447 532831
533178 533289
533494 533598
533750 533859
534140 534273
534280 534309
534744 535101
535465 535509
535573 535932
535961 536329
536578 536727
537109 537433
537486 537572
538013 538152
538334 538345
538712 538874
539326 539356
539521 539771
540225 540574
541019 541296
541361 541724
541771 541830
542149 542169
542448 542580
542802 542918
543397 543586
543700 544029
544347 544609
544911 544954
545217 545381
545730 545744
546187 546441
546810 546929
547053 547312
547491 547584
547731 548096
548556 548668
548758 548934
549172 549545
549729 550014
550476 550517
550780 551020
551428 551782
551783 551846
552133 552410
552882 553085
553493 553815
554029 554247
554514 554643
555045 555147
555495 555741
556213 556334
556564 556925
557235 557524
557603 557725
558175 558554
558716 558886
559271 559307
559392 559677
559753 559779
560202 560326
560702 560769
561213 561552
561981 562255
562479 562547
562940 563200
563317 563713
563979 564237
564559 564907
565042 565239
565722 566059
566344 566716
566856 567061
567165 567192
567384 567604
567880 568257
568583 568785
568929 568952
569143 569273
569414 569758
569925 570006
570362 570726
570977 571346
571694 571885
571907 572229
572260 572466
572518 572753
573067 573210
573442 573652
573664 573819
574196 574207
574637 574820
575106 575365
575385 575441
575474 575508
575816 575877
576182 576503
576891 576936
577128 577486
577697 578010
578046 578236
578360 578699
579197 579271
579411 579585
579652 579948
580316 580578
581019 581042
581223 581532
581835 581914
582311 582577
582921 583034
583048 583334
583478 583482
583637 583947
584442 584511
584727 585102
585527 585822
585961 586325
586595 586899
587241 587305
587461 587769
588177 588202
588400 588767
588839 588901
588962 589316
589476 589850
589874 589948
590415 590590
590756 591041
591391 591650
592035 592254
592290 592571
592637 592895
593180 593293
593651 593696
594062 594422
594765 594995
595059 595235
595629 595814
595923 596021
596127 596320
596618 596794
596891 597138
597275 597461
597902 598188
598570 598636
598932 599066
599446 599652
599708 599827
600036 600427
600668 601042
601515 601701
602122 602147
602257 602397
602828 602864
603133 603243
603591 603834
603974 604356
604630 604731
604906 604920
605314 605527
605725 605957
606244 606441
606696 606970
607296 607501
607527 607582
607702 607818
607838 607992
608195 608246
608383 608384
608469 608537
608784 609114
609120 609443
609576 609844
610273 610322
610517 610793
611222 611396
611450 611778
611813 611955
612171 612567
612795 613075
613459 613591
613600 613653
614068 614108
614578 614703
615193 615589
615865 616207
616699 616911
617037 617424
617486 617618
617965 617989
618236 618255
618364 618628
618875 619207
619370 619752
620182 620331
620645 620730
621061 621349
621646 621699
622155 622225
622255 622608
622967 623179
623371 623542
623705 623971
623973 624080
624266 624464
624654 625031
625033 625044
625411 625762
625833 626101
626436 626440
626730 627046
627246 627601
627602 627794
628016 628088
628261 628599
628888 629063
629115 629510
629593 629842
630199 630405
630771 630955
631039 631286
631693 632078
632537 632578
632753 632831
633297 633609
633907 634051
634383 634706
634920 634980
635449 635846
636292 636624
636928 637318
637387 637627
637743 637880
638336 638367
638517 638556
638812 638892
639257 639563
640061 640382
640451 640480
640904 641224
641271 641418
641771 642120
642309 642705
643113 643273
643275 643347
643753 643976
644092 644248
644712 645096
645498 645669
646155 646334
646793 646954
647450 647467
647598 647896
648065 648126
648192 648530
648717 649019
649380 649630
649994 650267
650680 650844
651321 651416
651734 651799
652118 652462
652929 653192
653370 653482
653843 654092
654502 654894
655262 655634
656075 656233
656359 656509
656683 656728
657184 657258
657647 658025
658053 658259
658734 659113
659434 659622
659914 660277
660313 660666
661071 661298
661455 661766
662164 662531
662562 662658
662761 663043
663068 663436
663768 664037
664101 664417
664534 664860
665259 665461
665676 665938
665997 666096
666404 666423
666897 667027
667263 667411
667648 668042
668387 668394
668510 668873
669136 669452
669626 669788
670038 670230
670512 670774
671216 671596
672006 672110
672306 672531
672558 672820
673004 673069
673529 673546
673804 674104
674418 674532
674864 675180
675293 675661
675896 676202
676695 676864
677097 677209
677381 677646
678025 678195
678403 678470
678755 678790
678867 679006
679340 679460
679827 679989
680340 680470
680744 680924
680928 681045
681543 681687
681746 681971
682348 682488
682975 683298
683779 684020
684485 684655
684827 684903
685324 685430
685811 686116
686389 686630
687098 687294
687516 687729
687774 687961
687981 688144
688499 688724
688905 689162
689363 689570
690063 690437
690802 690886
691190 691199
691617 691913
692315 692578
692947 693330
693663 693856
694016 694305
694428 694754
694826 695122
695549 695697
695986 696251
696592 696736
697061 697432
697620 697921
698019 698075
698189 698226
698526 698827
698836 698961
699361 699582
699784 699829
699878 700173
700207 700230
700477 700695
701000 701280
701537 701650
701702 701985
702222 702245
702531 702801
703142 703293
703650 703704
703839 703992
704476 704553
705035 705063
705101 705271
705500 705534
705815 706161
706591 706705
707160 707523
707736 707843
708129 708495
708794 708901
709052 709425
709672 709868
710018 710060
710495 710712
710817 711180
711225 711415
711901 711995
712451 712689
713078 713195
713307 713559
713949 714130
714513 714678
714893 715247
715292 715660
715817 715974
716350 716510
716925 717273
717361 717542
717613 717925
718128 718324
718742 719127
719607 719890
720099 720369
720734 720792
721289 721621
721719 722092
722189 722216
722454 722631
722985 723111
723178 723301
723519 723913
723931 724242
724488 724701
724781 725144
725448 725780
726232 726235
726265 726639
727057 727387
727843 727948
727956 728241
728616 728872
729091 729392
729676 730069
730236 730576
730970 731260
731427 731702
731835 732036
732285 732565
732987 733197
733369 733380
733725 734078
734086 734155
734547 734636
734867 734894
734962 735126
735526 735650
735911 735980
736059 736252
736680 736772
737085 737142
737156 737174
737361 737460
737797 738188
738426 738627
738870 739055
739342 739659
740014 740108
740167 740367
740723 740894
741146 741376
741761 741786
742110 742382
742811 742818
743029 743383
743390 743691
744124 744490
744801 745041
745482 745716
745860 745869
746188 746280
746355 746598
747085 747106
747553 747936
748387 748510
748647 748787
748826 749022
749105 749241
749706 749744
750014 750121
750579 750674
751149 751399
751410 751465
751804 751813
752075 752424
752913 753105
753553 753608
754100 754416
754742 754821
754983 755316
755539 755543
755821 756097
756496 756501
756690 756750
756980 757139
757582 757613
758106 758196
758424 758637
758673 758897
759153 759337
759793 760036
760487 760717
760816 761102
761362 761381
761702 762021
762298 762402
762766 763102
763227 763360
763396 763735
763897 764028
764079 764360
764543 764849
764882 764996
765096 765323
765805 766147
766501 766745
767016 767056
767297 767645
767659 767725
767792 767867
768045 768410
768896 769094
769479 769740
770107 770420
770791 770891
771334 771402
771649 771707
772071 772105
772561 772605
772971 773023
773391 773601
773765 773794
774117 774204
774472 774804
775051 775116
775212 775477
775644 775700
775880 775885
776066 776312
776512 776564
776862 777036
777268 777547
777663 777808
777998 778074
778084 778264
778346 778515
778751 778775
778994 779386
779795 779965
780308 780488
780790 780918
781049 781407
781502 781570
781879 782062
782376 782665
783105 783398
783632 783654
783926 783935
784267 784593
784940 785070
785078 785368
785528 785755
786227 786542
787031 787128
787189 787291
787418 787636
788000 788029
788054 788108
788127 788298
788713 788768
788829 789185
789203 789590
789864 790218
790389 790402
790494 790671
790755 790802
791180 791488
791570 791689
792149 792526
792743 793083
793336 793551
793886 794044
794111 794505
794851 794974
795319 795612
795873 796130
796334 796522
796565 796962
797124 797234
797643 797765
798241 798607
798800 799140
799366 799507
799573 799686
799974 800301
800770 801031
801460 801505
801919 802298
802722 802968
803104 803267
803620 803860
804304 804579
804996 805229
805353 805705
805772 805848
806155 806238
806575 806805
807153 807394
807782 808003
808432 808506
808846 809115
809268 809431
809555 809808
809866 810196
810216 810542
810688 810973
811293 811612
812017 812122
812472 812580
813011 813324
813463 813659
814077 814111
814359 814529
814573 814864
815051 815379
815803 816171
816659 816677
817002 817238
817300 817384
817638 817709
818112 818431
818623 818853
819084 819120
819174 819496
819969 820023
820501 820715
821174 821350
821822 821936
822092 822099
822304 822475
822892 823031
823338 823408
823837 824222
824468 824735
825064 825343
825738 826083
826167 826369
826421 826490
826593 826731
826952 826991
827128 827201
827401 827511
827600 827916
828227 828524
828985 829347
829488 829813
829859 830100
830236 830290
830466 830816
830822 830827
831196 831551
831717 831959
832443 832616
833047 833073
833325 833330
833788 833960
833972 834337
834542 834601
834675 834861
835184 835474
835513 835657
835687 835984
836339 836618
836844 837000
837196 837484
837569 837682
838028 838185
838517 838803
839254 839521
839981 840246
840667 840839
841217 841315
841810 842048
842100 842430
842456 842677
842735 842984
843072 843253
843578 843661
844057 844064
844381 844583
844669 844893
845270 845393
845860 846127
846281 846670
847070 847421
847716 848097
848420 848634
849003 849190
849440 849566
849988 850076
850271 850480
850676 850771
851235 851556
852034 852074
852231 852614
852897 853229
853382 853518
853800 853936
854042 854188
854411 854655
854770 855169
855245 855473
855636 855932
856171 856310
856574 856903
857063 857350
857530 857573
857848 858151
858185 858315
858754 858842
859334 859673
859985 860217
860229 860268
860639 860702
860929 861052
861055 861281
861616 861946
861951 862288
862366 862469
862499 862560
862998 863219
863277 863308
863518 863788
864000 864108
864451 864681
864945 865029
865098 865400
865528 865814
866197 866569
866717 866751
867025 867324
867431 867487
867499 867765
868036 868234
868591 868868
869006 869062
869534 869684
870115 870122
870278 870649
871138 871254
871706 871957
872285 872555
872978 873273
873697 873765
874222 874427
874837 875091
875586 875839
875876 876094
876150 876338
876374 876381
876705 876909
876932 877112
877277 877558
877937 878170
878270 878579
878926 879015
879091 879223
879476 879608
879728 880068
880333 880428
880877 881257
881719 881822
881911 882260
882496 882705
882869 882944
883047 883415
883483 883832
883858 884160
884229 884446
884573 884625
884976 885049
885198 885552
886016 886251
886595 886951
887424 887489
887777 887950
888052 888228
888232 888251
888329 888590
889084 889301
889484 889488
889726 889806
889808 889986
890011 890207
890508 890599
890959 891090
891183 891406
891579 891657
891995 892320
892424 892500
892902 893181
893515 893820
894164 894552
894563 894872
895334 895539
895589 895968
896067 896422
896666 897019
897412 897648
897967 898045
898206 898559
899040 899233
899556 899857
900275 900294
900597 900859
900936 901333
901384 901707
901896 901936
902417 902775
902923 903080
903186 903271
903669 903878
904120 904377
904441 904758
905179 905256
905367 905508
905812 905941
905987 906008
906471 906490
906725 907110
907248 907420
907555 907737
907975 908121
908568 908612
908719 908876
909189 909398
909561 909872
909989 910236
910370 910424
910870 911086
911319 911504
911706 911724
912057 912062
912233 912357
912543 912796
912857 912979
913459 913462
913951 914320
914471 914606
914715 914945
915057 915255
915591 915972
916467 916792
916859 917099
917256 917620
917625 917722
917775 917997
918482 918754
918859 919005
919297 919348
919492 919719
920182 920379
920744 921035
921260 921509
921662 921956
922131 922310
922483 922585
922670 922903
923221 923231
923640 923766
924246 924599
925085 925155
925426 925522
925943 925974
926109 926321
926407 926738
926877 927093
927464 927484
927595 927598
927711 927895
928043 928345
928837 929147
929528 929551
929563 929680
930080 930323
930359 930395
930674 930747
931226 931464
931512 931641
932034 932293
932740 933130
933197 933443
933902 934116
934236 934503
934841 934977
935217 935580
935917 935929
936273 936601
936676 936862
936997 937334
937514 937764
938159 938475
938659 938929
939390 939641
940012 940104
940167 940386
940585 940848
940885 941043
941407 941623
942031 942151
942286 942591
942713 943044
943114 943379
943396 943489
943920 944057
944346 944446
944867 944921
945265 945390
945439 945799
946106 946328
946574 946614
946662 946970
947365 947378
947642 948036
948284 948588
948667 948674
949100 949425
949648 950013
950298 950361
950834 951159
951455 951685
951732 951954
951965 952142
952542 952843
953132 953404
953637 953869
953949 954236
954600 954987
955152 955483
955711 955798
955873 955925
956400 956545
956934 957317
957497 957853
958010 958228
958381 958693
958901 958920
958992 959005
959469 959709
959845 960196
960269 960287
960392 960625
961096 961434
961668 961885
962011 962063
962525 962762
963051 963251
963343 963484
963866 964087
964497 964635
964909 965252
965514 965810
965933 966260
966697 966977
967207 967243
967723 967973
968038 968202
968615 968658
968786 968800
969286 969475
969584 969650
969959 970031
970461 970816
971115 971465
971646 971687
972003 972087
972457 972594
972688 972826
972880 973106
973434 973583
974010 974067
974322 974454
974904 975235
975463 975648
976085 976359
976410 976733
977032 977083
977189 977322
977542 977782
978068 978409
978549 978818
979142 979516
979686 979736
979928 980290
980340 980722
981162 981257
981282 981363
981389 981396
981449 981734
982141 982257
982482 982516
982734 982895
983317 983591
983686 984012
984376 984677
985003 985176
985331 985593
986023 986089
986242 986607
987054 987322
987680 987773
988133 988233
988545 988576
988745 988886
989207 989285
989473 989550
989740 989884
990192 990391
990446 990448
990618 990659
991038 991293
991457 991482
991881 992018
992280 992626
993125 993446
993452 993821
994015 994151
994601 994982
995418 995541
996032 996324
996429 996774
996932 997117
997119 997307
997533 997817
998183 998217
998240 998511
998725 998787
999105 999312
999322 999344
999547 999814
999974 1000193
1000647 1000825
1001144 1001500
1001645 1001901
1002285 1002457
1002605 1002741
1002902 1003000
1003163 1003266
1003615 1003868
1003882 1003941
1004192 1004464
1004826 1005014
1005379 1005636
1005992 1006206
1006545 1006577
1006847 1006950
1006983 1007184
1007336 1007669
1007866 1008198
1008286 1008606
1009093 1009294
1009607 1009686
1010155 1010191
1010550 1010632
1010690 1010697
1010993 1011074
1011477 1011842
1012134 1012371
1012385 1012732
1013169 1013240
1013376 1013568
1013928 1014022
1014335 1014417
1014418 1014695
1014797 1015128
1015555 1015772
1015949 1016318
1016617 1016705
1017170 1017431
1017700 1017747
1018070 1018130
1018544 1018929
1019281 1019378
1019804 1019949
1020086 1020264
1020325 1020352
1020483 1020760
1021152 1021195
1021301 1021571
1021896 1022111
1022249 1022509
1022854 1023228
1023287 1023427
1023846 1024021
1024276 1024386
1024808 1025177
1025330 1025446
1025775 1026033
1026335 1026657
1027101 1027261
1027553 1027644
1027657 1028045
1028139 1028486
1028537 1028637
1029011 1029055
1029458 1029507
1029578 1029788
1029862 1029999
1030370 1030672
1030756 1031154
1031545 1031746
1032074 1032264
1032474 1032801
1033055 1033258
1033434 1033621
1033890 1033896
1034098 1034109
1034452 1034683
1035165 1035382
1035880 1035884
1036345 1036568
1037055 1037204
1037585 1037688
1037871 1038264
1038756 1038828
1039212 1039509
1039769 1039986
1040069 1040464
1040951 1040994
1041137 1041277
1041632 1041746
1042103 1042359
1042787 1042970
1043340 1043373
1043792 1043905
1044367 1044401
1044430 1044503
1044563 1044875
1045059 1045409
1045566 1045612
1045991 1046205
1046629 1046949
1047360 1047461
1047958 1048066
1048395 1048517
1049006 1049053
1049381 1049550
1049773 1049801
1049892 1050176
1050457 1050509
1051008 1051302
1051633 1051838
1052119 1052124
1052563 1052849
1053146 1053506
1053914 1054281
1054402 1054787
1055177 1055206
1055547 1055717
1056050 1056091
1056092 1056283
1056406 1056753
1057093 1057185
1057281 1057509
1057760 1058141
1058637 1058836
1059214 1059218
1059262 1059357
1059786 1059923
1060265 1060506
1060563 1060612
1060946 1061295
1061367 1061419
1061597 1061762
1061818 1061824
1062256 1062557
1062823 1063075
1063197 1063580
1064022 1064038
1064159 1064430
1064552 1064629
1064949 1065239
1065549 1065880
1066378 1066759
1067219 1067487
1067821 1067935
1068063 1068453
1068831 1069179
1069509 1069725
1069753 1070086
1070201 1070259
1070393 1070563
1070852 1071041
1071507 1071868
1072105 1072222
1072591 1072705
1073153 1073296
1073376 1073589
1073706 1074019
1074408 1074533
1074681 1074872
1075142 1075251
1075304 1075679
1075982 1076087
1076407 1076770
1076967 1077193
1077280 1077679
1077734 1078043
1078276 1078465
1078686 1079019
1079382 1079583
1080072 1080192
1080214 1080440
1080677 1081016
1081067 1081448
1081502 1081761
1081866 1081879
1082004 1082264
1082720 1082770
1082864 1083072
1083227 1083545
1083963 1084193
1084482 1084787
1085096 1085180
1085188 1085540
1085647 1085710
1085940 1085980
1086170 1086481
1086934 1087003
1087450 1087791
1088267 1088643
1088999 1089085
1089552 1089850
1090285 1090613
1090953 1090959
1091324 1091378
1091604 1091852
1091960 1092307
1092663 1092838
1093273 1093483
1093562 1093593
1093767 1093820
1094176 1094254
1094557 1094675
1094858 1095164
1095500 1095511
1095657 1095999
1096058 1096410
1096769 1096894
1096914 1097041
1097446 1097736
1098167 1098500
1098946 1099200
1099244 1099248
1099463 1099510
1099804 1099944
1099957 1100141
1100147 1100540
1100886 1101037
1101076 1101095
1101234 1101422
1101642 1101788
1102117 1102410
1102698 1102711
1102716 1102801
1103229 1103370
1103822 1103885
1103912 1104055
1104461 1104710
1105129 1105414
1105688 1105833
1106311 1106495
1106508 1106893
1107191 1107554
1107788 1107896
1108026 1108127
1108449 1108848
1109100 1109456
1109506 1109793
1110045 1110321
1110347 1110434
1110817 1111159
1111564 1111620
1111971 1112016
1112300 1112684
1112941 1113072
1113343 1113436
1113439 1113587
1113706 1113962
1114039 1114322
1114512 1114685
1114712 1114814
1114926 1114931
1115188 1115375
1115406 1115636
1115784 1116169
1116409 1116657
1116733 1116879
1116949 1117012
1117177 1117532
1117997 1118102
1118340 1118425
1118625 1118907
1119082 1119115
1119374 1119493
1119952 1120330
1120767 1120846
1121028 1121244
1121435 1121787
1122042 1122061
1122504 1122811
1123203 1123486
1123492 1123803
1124175 1124544
1124926 1125225
1125274 1125600
1125864 1126191
1126422 1126500
1126881 1127075
1127370 1127473
1127723 1127790
1128076 1128330
1128346 1128444
1128862 1129054
1129367 1129712
1129879 1130250
1130316 1130624
1130912 1130941
1130996 1131164
1131608 1131760
1131832 1132088
1132095 1132340
1132625 1132850
1133153 1133260
1133296 1133373
1133825 1133901
1134263 1134290
1134692 1135079
1135190 1135400
1135625 1135741
1136123 1136369
1136712 1136972
1137120 1137294
1137573 1137954
1138136 1138141
1138409 1138701
1138807 1139099
1139319 1139493
1139537 1139596
1139636 1139676
1139937 1140154
1140536 1140633
1141120 1141207
1141611 1142006
1142076 1142192
1142535 1142898
1143268 1143333
1143545 1143643
1143707 1144041
1144418 1144746
1144751 1144892
1144917 1145309
1145328 1145669
1145970 1146073
1146549 1146621
1147012 1147048
1147291 1147599
1147926 1148060
1148261 1148631
1149117 1149296
1149373 1149589
1149930 1150055
1150159 1150486
1150935 1150990
1151455 1151583
1151812 1151986
1152204 1152488
1152936 1153181
1153412 1153773
1153974 1154066
1154380 1154575
1154664 1154988
1155006 1155103
1155118 1155395
1155694 1156083
1156289 1156325
1156749 1156999
1157001 1157226
1157496 1157597
1157738 1157831
1158236 1158540
1158949 1159099
1159560 1159672
1160009 1160037
1160076 1160307
1160410 1160651
1161009 1161146
1161187 1161393
1161511 1161763
1162129 1162528
1162573 1162916
1163374 1163502
1163849 1163982
1164025 1164342
1164531 1164744
1165241 1165624
1166064 1166287
1166389 1166440
1166830 1167168
1167338 1167347
1167481 1167592
1167821 1168217
1168336 1168702
1168890 1169201
1169504 1169680
1170160 1170408
1170535 1170650
1170844 1171126
1171241 1171599
1172047 1172343
1172402 1172541
1172592 1172739
1173114 1173179
1173504 1173889
1173891 1174195
1174367 1174552
1174739 1174936
1175224 1175295
1175479 1175517
1175809 1175981
1176047 1176135
1176613 1176970
1177042 1177066
1177517 1177850
1178302 1178668
1179017 1179346
1179734 1179983
1180238 1180500
1180660 1180807
1180971 1181347
1181549 1181713
1181973 1182075
1182293 1182607
1182719 1183033
1183142 1183420
1183860 1183896
1184290 1184291
1184784 1184796
1185270 1185506
1185904 1186122
1186426 1186489
1186518 1186696
1186798 1186868
1187367 1187629
1188022 1188155
1188488 1188668
1188906 1189067
1189461 1189640
1189833 1190061
1190532 1190680
1190927 1191253
1191671 1191889
1191892 1192013
1192179 1192242
1192497 1192623
1192901 1193005
1193053 1193380
1193741 1193751
1194028 1194263
1194473 1194742
1195008 1195033
1195521 1195558
1196057 1196345
1196384 1196565
1196591 1196727
1196938 1197325
1197401 1197750
1198026 1198274
1198378 1198764
1198823 1198959
1198976 1199258
1199459 1199549
1199931 1200088
1200262 1200280
1200771 1200810
1200934 1201027
1201058 1201361
1201804 1202079
1202427 1202441
1202828 1202994
1203070 1203403
1203653 1203694
1203794 1204161
1204540 1204625
1204632 1204664
1204743 1204836
1205173 1205354
1205786 1205915
1206075 1206332
1206384 1206487
1206497 1206589
1206810 1206842
1207203 1207404
1207707 1207968
1208203 1208478
1208884 1209249
1209703 1210060
1210501 1210828
1211088 1211263
1211720 1211821
1212018 1212363
1212655 1212875
1213022 1213170
1213257 1213349
1213385 1213745
1213855 1214130
1214231 1214239
1214550 1214741
1215154 1215280
1215607 1215759
1216103 1216181
1216442 1216786
1216844 1216986
1217052 1217298
1217329 1217551
1217758 1217958
1218229 1218601
1218668 1218778
1218975 1219159
1219432 1219741
1220184 1220469
1220638 1220641
1220729 1220862
1221341 1221690
1222115 1222514
1222922 1223313
1223732 1223974
1224065 1224293
1224540 1224550
1225027 1225424
1225889 1225982
1226376 1226611
1226878 1226924
1227071 1227361
1227660 1227814
1227846 1227907
1228119 1228178
1228610 1228634
1228659 1228815
1228891 1229281
1229742 1229808
1230063 1230394
1230411 1230704
1230960 1231247
1231318 1231513
1231832 1231958
1232449 1232512
1232580 1232888
1232900 1233236
1233627 1233793
1234204 1234479
1234793 1235106
1235298 1235609
1235623 1235965
1236267 1236519
1236784 1237005
1237323 1237690
1237801 1238089
1238211 1238399
1238837 1239232
1239393 1239673
1240153 1240510
1240815 1240844
1240943 1241217
1241595 1241731
1241800 1241994
1242208 1242539
1242957 1243242
1243571 1243805
1244237 1244355
1244604 1244735
1244831 1244910
1245344 1245486
1245629 1245815
1245893 1245996
1246376 1246669
1246763 1247010
1247198 1247272
1247731 1247909
1248239 1248555
1248804 1248943
1249342 1249538
1249848 1250170
1250625 1250687
1251102 1251222
1251411 1251584
1251938 1252247
1252337 1252508
1252629 1252808
1252865 1253174
1253469 1253761
1253846 1253862
1253902 1254245
1254302 1254369
1254434 1254793
1255135 1255385
1255678 1255753
1256078 1256092
1256468 1256653
1256747 1257049
1257108 1257238
1257390 1257753
1257773 1258028
1258084 1258368
1258459 1258601
1258602 1258674
1258865 1258975
1259051 1259258
1259493 1259842
1260023 1260035
1260304 1260640
1261104 1261171
1261372 1261614
1261636 1261777
1262127 1262130
1262482 1262563
1262797 1263049
1263221 1263343
1263647 1263922
1264185 1264200
1264376 1264449
1264646 1264828
1264906 1265162
1265411 1265429
1265513 1265696
1265864 1266160
1266341 1266486
1266508 1266774
1267117 1267202
1267245 1267367
1267633 1267895
1268302 1268645
1268974 1269121
1269402 1269533
1269988 1270382
1270696 1270771
1270786 1270899
1271048 1271278
1271634 1271918
1271965 1272360
1272621 1272743
1273181 1273186
1273208 1273426
1273680 1273973
1274449 1274465
1274701 1274923
1275190 1275249
1275740 1275932
1276043 1276289
1276647 1276656
1277116 1277290
1277477 1277703
1277808 1277917
1278237 1278528
1278650 1278670
1278967 1279324
1279710 1279806
1280160 1280331
1280357 1280624
1280809 1281006
1281274 1281473
1281531 1281588
1281891 1282177
1282216 1282417
1282602 1282938
1282957 1283042
1283489 1283848
1283852 1284100
1284169 1284296
1284778 1284915
1285302 1285527
1285619 1285632
1286021 1286093
1286522 1286770
1286926 1287048
1287202 1287230
1287320 1287628
1287946 1288312
1288382 1288420
1288837 1289004
1289172 1289511
1289632 1289851
1290296 1290587
1290671 1290911
1291054 1291407
1291876 1291879
1291956 1292199
1292320 1292546
1292563 1292796
1293088 1293146
1293310 1293584
1294075 1294399
1294707 1294743
1295035 1295201
1295273 1295595
1295939 1296309
1296659 1296686
1296954 1297186
1297493 1297828
1297937 1298212
1298381 1298417
1298872 1298992
1299375 1299512
1299851 1300241
1300651 1300690
1301184 1301537
1301981 1302253
1302686 1302773
1302844 1302850
1303279 1303320
1303789 1304118
1304506 1304772
1304911 1305000
1305353 1305620
1305665 1305794
1305912 1305940
1306181 1306299
1306675 1306999
1307226 1307553
1307701 1307716
1307898 1308248
1308735 1308760
1309077 1309257
1309492 1309634
1309776 1310030
1310095 1310121
1310511 1310529
1310656 1310778
1310944 1311157
1311646 1311752
1312186 1312354
1312392 1312638
1312809 1312990
1313251 1313491
1313960 1314255
1314681 1314722
1314911 1315084
1315381 1315440
1315798 1315900
1315960 1316162
1316267 1316445
1316578 1316721
1316939 1316943
1317358 1317658
1317704 1317823
1318238 1318491
1318859 1319059
1319453 1319668
1320132 1320304
1320564 1320728
1321146 1321542
1321832 1321952
1322327 1322681
1322789 1322989
1323309 1323619
1323638 1323745
1324098 1324440
1324635 1325004
1325028 1325365
1325587 1325777
1325792 1326033
1326317 1326626
1326969 1327226
1327322 1327499
1327502 1327867
1327882 1328085
1328127 1328331
1328398 1328655
1329076 1329359
1329492 1329503
1329509 1329874
1330243 1330608
1331084 1331157
1331433 1331547
1331672 1331835
1331839 1332097
1332193 1332386
1332432 1332487
1332652 1332900
1332978 1333196
1333481 1333702
1334019 1334139
1334200 1334312
1334600 1334675
1334774 1334950
1335053 1335223
1335312 1335427
1335743 1335995
1336192 1336265
1336418 1336486
1336673 1336814
1337212 1337382
1337686 1337950
1338349 1338370
1338673 1338861
1338984 1339027
1339493 1339789
1340007 1340238
1340356 1340692
1340904 1341276
1341653 1341768
1341935 1342093
1342473 1342831
1343166 1343565
1343718 1343835
1344047 1344107
1344437 1344618
1344726 1345125
1345208 1345535
1345579 1345950
1346200 1346411
1346616 1346800
1346927 1346971
1347369 1347519
1347664 1347703
1347769 1347832
1348110 1348198
1348685 1348987
1349475 1349486
1349985 1350006
1350039 1350097
1350268 1350599
1350690 1350838
1350948 1351165
1351503 1351723
1352182 1352464
1352912 1353196
1353626 1353850
1354296 1354518
1354970 1355162
1355176 1355573
1355918 1355955
1356062 1356421
1356729 1356879
1357029 1357414
1357568 1357794
1357992 1358154
1358495 1358659
1359031 1359292
1359606 1359889
1359890 1359911
1360375 1360470
1360792 1361008
1361460 1361617
1362059 1362257
1362413 1362664
1362740 1362803
1362977 1363229
1363578 1363908
1363943 1363962
1364117 1364122
1364133 1364162
1364642 1365021
1365327 1365617
1365849 1366020
1366045 1366280
1366408 1366475
1366485 1366500
1366528 1366874
1367101 1367331
1367695 1367705
1367815 1368035
1368406 1368440
1368718 1369097
1369399 1369560
1369747 1369766
1370011 1370097
1370360 1370707
1371037 1371339
1371710 1372062
1372445 1372556
1372938 1373208
1373437 1373805
1373989 1374277
1374311 1374437
1374694 1375089
1375463 1375827
1375862 1376106
1376246 1376268
1376525 1376527
1376833 1376927
1377000 1377209
1377228 1377504
1377706 1377807
1377873 1377910
1378194 1378400
1378762 1379016
1379202 1379469
1379685 1379699
1379830 1379919
1380156 1380332
1380578 1380758
1380776 1380921
1380984 1380995
1381189 1381481
1381496 1381652
1381681 1382025
1382454 1382511
1382574 1382955
1383271 1383516
1383761 1384093
1384232 1384480
1384642 1384788
1384798 1384975
1385468 1385792
1386156 1386480
1386904 1386993
1387240 1387432
1387649 1387894
1388074 1388250
1388720 1388898
1389275 1389353
1389811 1389948
1390094 1390317
1390375 1390469
1390658 1390854
1391302 1391645
1391886 1391943
1392191 1392437
1392843 1392999
1393336 1393371
1393793 1393896
1394315 1394657
1394919 1395021
1395465 1395731
1395803 1395949
1396306 1396379
1396775 1397146
1397219 1397257
1397702 1397887
1398229 1398523
1398899 1398927
1399318 1399367
1399378 1399531
1399684 1399853
1400076 1400457
1400611 1400697
1400957 1401313
1401580 1401612
1401902 1402143
1402369 1402535
1402783 1402997
1403343 1403718
1404138 1404144
1404424 1404505
1404627 1405007
1405465 1405499
1405663 1405895
1406296 1406459
1406910 1407101
1407502 1407730
1408210 1408213
1408522 1408914
1409360 1409460
1409927 1410242
1410378 1410773
1410784 1410863
1411149 1411263
1411618 1411909
1412066 1412320
1412731 1413094
1413516 1413736
1414227 1414297
1414383 1414596
1414920 1414980
1415155 1415335
1415497 1415887
1415939 1416005
1416057 1416203
1416666 1417042
1417047 1417372
1417595 1417698
1418019 1418046
1418537 1418685
1418758 1419063
1419404 1419717
1420148 1420313
1420666 1420942
1421434 1421681
1422138 1422531
1422798 1422805
1423036 1423410
1423532 1423668
1423676 1423764
1423989 1424101
1424316 1424576
1424909 1425288
1425673 1425933
1426325 1426427
1426790 1426849
1426852 1427110
1427115 1427347
1427516 1427782
1427999 1428076
1428477 1428488
1428977 1429095
1429410 1429732
1429961 1430082
1430408 1430776
1430946 1431201
1431612 1431662
1431811 1432185
1432258 1432280
1432358 1432646
1432904 1433182
1433629 1433759
1434138 1434440
1434702 1434792
1435096 1435220
1435247 1435608
1435909 1436033
1436054 1436327
1436417 1436629
1437087 1437335
1437811 1438084
1438249 1438311
1438483 1438612
1438925 1439077
1439269 1439501
1439687 1440000
1440008 1440168
1440178 1440308
1440449 1440540
1440579 1440724
1441011 1441184
1441510 1441606
1441735 1441940
1442059 1442300
1442483 1442595
1442631 1443021
1443386 1443776
1444257 1444352
1444390 1444752
1445097 1445342
1445722 1446082
1446172 1446518
1447005 1447280
1447714 1448102
1448124 1448411
1448754 1449123
1449262 1449314
1449570 1449716
1449767 1449956
1450407 1450561
1450773 1450890
1451081 1451131
1451340 1451440
1451901 1452034
1452123 1452276
1452617 1452970
1453254 1453266
1453743 1454107
1454240 1454266
1454635 1454825
1455286 1455631
1455910 1456173
1456492 1456787
1457049 1457198
1457559 1457594
1457716 1457893
1458104 1458150
1458439 1458770
1459029 1459031
1459503 1459709
1459794 1460100
1460595 1460851
1460907 1461045
1461193 1461587
1461764 1462143
1462511 1462902
1462953 1463143
1463516 1463914
1464404 1464632
1464696 1465050
1465222 1465263
1465494 1465607
1466053 1466448
1466550 1466678
1467027 1467397
1467776 1467811
1468118 1468388
1468727 1469082
1469423 1469505
1469557 1469902
1470139 1470346
1470691 1470810
1471027 1471291
1471546 1471664
1471749 1472145
1472625 1472650
1472821 1473150
1473457 1473620
1473727 1473901
1474101 1474495
1474666 1474790
1475014 1475075
1475110 1475352
1475380 1475564
1476008 1476182
1476495 1476688
1477106 1477244
1477480 1477832
1478257 1478385
1478722 1478836
1479017 1479153
1479431 1479591
1479781 1479947
1480438 1480695
1480824 1480914
1481029 1481314
1481693 1481702
1481888 1482219
1482599 1482696
1483133 1483477
1483926 1483934
1484233 1484537
1484996 1485253
1485726 1486016
1486394 1486428
1486903 1487109
1487171 1487193
1487298 1487554
1487603 1487796
1487904 1488219
1488571 1488962
1489363 1489405
1489901 1489918
1490228 1490391
1490479 1490746
1490982 1491285
1491381 1491475
1491785 1492021
1492285 1492523
1492654 1492657
1493082 1493432
1493801 1493844
1494265 1494367
1494652 1494709
1494815 1494847
1494874 1494913
1495363 1495760
1495763 1496126
1496195 1496303
1496370 1496681
1496898 1497053
1497102 1497120
1497442 1497687
1497993 1498308
1498603 1498885
1499061 1499434
1499548 1499635
1499671 1499860
1499972 1500163
1500646 1500701
1500974 1501166
1501629 1501829
1502185 1502558
1502764 1503086
1503421 1503734
1503932 1504184
1504269 1504303
1504467 1504797
1504904 1505303
1505425 1505505
1505592 1505637
1505640 1505927
1506075 1506354
1506421 1506808
1507100 1507319
1507792 1508014
1508157 1508260
1508539 1508575
1508958 1509237
1509510 1509576
1509639 1509853
1510259 1510365
1510406 1510765
1511256 1511477
1511676 1511699
1511749 1511831
1512187 1512349
1512396 1512539
1512748 1512979
1513448 1513631
1513823 1513868
1514072 1514406
1514730 1515097
1515139 1515301
1515552 1515713
1515981 1516227
1516476 1516524
1516630 1516730
1516950 1517222
1517665 1517994
1518265 1518650
1518655 1519047
1519439 1519652
1520057 1520147
1520242 1520427
1520689 1520783
1521087 1521324
1521764 1522047
1522279 1522668
1522764 1522798
1522861 1522905
1523341 1523588
1524063 1524436
1524715 1525051
1525513 1525601
1525983 1526323
1526611 1526638
1527030 1527222
1527438 1527440
1527859 1527974
1528059 1528198
1528607 1528903
1528991 1529076
1529340 1529565
1529965 1529966
1530374 1530472
1530661 1530866
1531360 1531584
1532038 1532046
1532450 1532626
1532647 1532880
1533294 1533391
1533483 1533684
1534090 1534193
1534435 1534683
1535059 1535245
1535428 1535616
1535825 1536072
1536567 1536759
1537123 1537325
1537530 1537642
1537900 1537950
1538379 1538454
1538775 1538958
1539224 1539480
1539569 1539572
1540022 1540246
1540346 1540474
1540875 1541113
1541358 1541437
1541533 1541566
1541751 1541797
1541820 1542031
1542097 1542456
1542746 1543103
1543560 1543804
1544246 1544488
1544632 1544765
1545219 1545316
1545423 1545566
1545766 1545795
1546131 1546463
1546525 1546810
1547304 1547343
1547656 1547886
1548247 1548544
1548588 1548643
1548963 1549347
1549358 1549396
1549713 1550023
1550320 1550641
1550929 1550992
1551218 1551445
1551902 1552211
1552495 1552595
1553045 1553376
1553384 1553764
1553878 1554194
1554583 1554979
1555108 1555415
1555681 1555981
1556102 1556136
1556220 1556431
1556874 1557194
1557284 1557671
1558007 1558109
1558259 1558505
1558871 1559098
1559176 1559261
1559277 1559288
1559311 1559419
1559580 1559958
1560298 1560429
1560856 1561208
1561325 1561612
1561737 1561882
1562316 1562510
1562958 1563053
1563513 1563558
1563823 1563928
1564180 1564557
1564860 1565092
1565143 1565426
1565509 1565623
1565642 1566031
1566512 1566552
1567035 1567357
1567412 1567801
1568250 1568625
1569074 1569293
1569784 1570153
1570481 1570681
1570925 1571079
1571382 1571665
1571947 1571971
1572290 1572582
1573066 1573214
1573594 1573848
1574136 1574278
1574321 1574618
1575078 1575167
1575212 1575418
1575431 1575454
1575929 1576082
1576448 1576770
1577119 1577229
1577446 1577487
1577692 1578028
1578355 1578592
1578805 1579007
1579155 1579548
1579568 1579744
1579990 1579994
1580005 1580158
1580533 1580791
1581078 1581254
1581588 1581615
1581684 1582020
1582448 1582565
1582752 1582846
1582910 1583226
1583306 1583684
1583893 1584199
1584600 1584748
1584799 1585043
1585529 1585827
1586304 1586468
1586499 1586870
1586945 1587257
1587419 1587590
1587897 1588027
1588044 1588221
1588316 1588548
1588842 1589115
1589405 1589717
1589896 1590072
1590444 1590739
1590966 1591206
1591239 1591482
1591544 1591873
1591951 1592225
1592344 1592672
1593101 1593389
1593734 1593742
1593957 1594164
1594459 1594630
1594717 1594769
1594839 1595177
1595511 1595775
1596089 1596224
1596528 1596834
1597216 1597224
1597534 1597772
1597894 1598242
1598497 1598712
1598977 1599286
1599759 1599817
1600241 1600259
1600320 1600550
1600814 1600915
1601007 1601041
1601502 1601607
1601712 1601928
1602107 1602178
1602401 1602792
1602884 1603124
1603198 1603529
1603661 1604055
1604353 1604497
1604975 1605055
1605543 1605919
1606329 1606589
1606746 1606764
1606957 1607310
1607669 1607880
1608328 1608397
1608526 1608643
1608798 1609119
1609260 1609523
1609880 1610078
1610399 1610730
1611153 1611431
1611856 1612218
1612283 1612589
1612811 1612877
1612990 1613085
1613319 1613617
1613995 1614166
1614636 1614845
1615219 1615317
1615320 1615543
1615830 1616171
1616231 1616297
1616343 1616625
1616960 1617094
1617279 1617492
1617844 1618106
1618504 1618688
1619118 1619188
1619468 1619858
1620276 1620476
1620755 1621106
1621513 1621665
1621877 1622229
1622277 1622466
1622878 1623110
1623382 1623452
1623837 1623934
1624234 1624315
1624664 1624777
1624940 1625080
1625292 1625465
1625595 1625931
1626198 1626308
1626348 1626625
1626739 1626871
1627036 1627144
1627356 1627524
1627588 1627904
1628131 1628480
1628945 1629112
1629515 1629613
1629910 1630285
1630553 1630930
1631054 1631411
1631666 1631896
1632046 1632231
1632658 1632838
1633288 1633312
1633721 1633855
1634082 1634420
1634655 1634789
1634959 1635322
1635326 1635640
1635678 1635788
1636008 1636047
1636309 1636317
1636731 1636777
1637124 1637242
1637290 1637544
1637817 1638127
1638229 1638385
1638757 1638769
1638832 1638945
1639241 1639268
1639646 1639988
1640269 1640491
1640727 1640828
1641062 1641158
1641631 1641896
1642034 1642406
1642449 1642796
1643011 1643154
1643638 1644027
1644418 1644664
1645025 1645359
1645494 1645736
1646087 1646144
1646337 1646693
1646982 1647261
1647545 1647584
1647699 1647867
1648090 1648124
1648435 1648596
1649060 1649404
1649798 1650081
1650549 1650585
1650597 1650789
1650796 1650902
1651008 1651329
1651396 1651715
1651720 1651802
1651813 1651901
1652082 1652468
1652958 1653300
1653350 1653589
1653730 1653945
1654059 1654093
1654288 1654396
1654497 1654648
1654918 1655154
1655229 1655286
1655636 1655813
1656041 1656224
1656542 1656701
1656816 1657118
1657458 1657514
1657895 1658026
1658040 1658131
1658616 1658878
1659098 1659139
1659603 1659888
1660218 1660508
1660582 1660611
1661040 1661427
1661630 1661725
1661924 1662030
1662095 1662356
1662454 1662653
1663060 1663258
1663367 1663551
1663775 1663824
1663871 1664184
1664508 1664885
1665362 1665581
1665653 1665808
1665850 1665871
1666209 1666586
1666598 1666779
1667226 1667287
1667475 1667523
1667953 1668028
1668161 1668423
1668862 1669055
1669102 1669429
1669636 1669816
1669848 1670028
1670474 1670834
1670996 1670997
1671180 1671203
1671413 1671611
1671938 1672032
1672071 1672373
1672493 1672696
1673088 1673353
1673820 1674217
1674636 1674755
1675250 1675320
1675774 1675938
1676380 1676726
1676924 1676985
1677431 1677450
1677562 1677904
1678242 1678267
1678392 1678545
1678578 1678956
1679018 1679132
1679181 1679579
1679871 1680156
1680575 1680637
1680960 1681304
1681763 1681773
1682108 1682260
1682657 1682788
1683000 1683134
1683343 1683636
1683763 1683939
1684246 1684589
1684959 1685075
1685508 1685702
1685976 1686301
1686799 1687022
1687447 1687832
1687977 1688235
1688258 1688389
1688829 1688864
1689113 1689153
1689424 1689728
1690026 1690329
1690499 1690633
1690697 1691027
1691154 1691245
1691454 1691779
1692157 1692193
1692251 1692418
1692887 1693282
1693297 1693452
1693581 1693930
1694171 1694212
1694428 1694446
1694657 1694677
1695172 1695454
1695530 1695561
1695834 1695909
1696355 1696530
1696573 1696697
1696901 1697129
1697499 1697673
1697894 1697991
1698421 1698598
1699017 1699080
1699344 1699628
1699910 1700122
1700620 1700862
1701102 1701472
1701638 1701848
1701969 1702135
1702223 1702536
1702602 1702797
1702941 1703196
1703334 1703447
1703506 1703650
1704042 1704286
1704732 1704904
1705374 1705383
1705423 1705741
1706118 1706390
1706648 1706696
1706982 1707209
1707374 1707754
1707844 1708204
1708317 1708686
1708818 1708865
1709006 1709363
1709822 1710169
1710502 1710796
1711097 1711189
1711488 1711676
1712160 1712220
1712700 1713008
1713143 1713532
1714022 1714157
1714308 1714532
1714981 1715060
1715132 1715149
1715601 1715780
1715940 1716257
1716330 1716415
1716567 1716579
1716664 1716778
1717026 1717229
1717527 1717770
1718118 1718468
1718648 1718665
1719094 1719371
1719492 1719751
1720156 1720513
1720770 1720810
1720891 1721023
1721379 1721753
1721756 1721875
1721924 1722177
1722393 1722435
1722615 1722993
1723419 1723634
1723996 1724246
1724419 1724649
1724655 1724866
1724899 1725159
1725293 1725336
1725378 1725379
1725581 1725666
1725830 1726182
1726509 1726711
1727041 1727311
1727440 1727701
1728136 1728164
1728215 1728484
1728514 1728695
1729094 1729237
1729534 1729768
1729946 1730314
1730424 1730670
1731042 1731280
1731561 1731592
1731865 1732125
1732261 1732646
1732668 1732819
1733097 1733293
1733681 1734011
1734144 1734201
1734519 1734785
1735215 1735473
1735577 1735773
1736023 1736264
1736450 1736740
1736910 1737252
1737651 1737769
1738077 1738144
1738269 1738620
1738710 1738745
1738761 1738910
1739002 1739184
1739574 1739829
1740318 1740636
1741050 1741422
1741676 1741824
1742128 1742147
1742349 1742561
1742728 1742932
1743043 1743265
1743287 1743642
1744023 1744308
1744651 1744727
1745219 1745408
1745888 1745979
1746221 1746614
1746763 1747097
1747272 1747304
1747343 1747451
1747545 1747884
1748309 1748363
1748837 1749043
1749448 1749808
1750170 1750399
1750822 1751001
1751108 1751384
1751538 1751730
1752021 1752185
1752626 1752799
1752915 1753290
1753664 1753991
1754143 1754321
1754665 1754730
1755187 1755307
1755385 1755754
1756094 1756467
1756934 1757058
1757236 1757577
1757822 1758117
1758221 1758366
1758862 1758869
1759018 1759315
1759436 1759558
1759960 1760062
1760101 1760438
1760824 1760874
1761317 1761590
1762081 1762131
1762582 1762895
1763323 1763557
1763710 1763849
1764012 1764065
1764331 1764703
1764983 1765033
1765079 1765129
1765367 1765543
1765699 1765805
1765875 1765984
1766241 1766418
1766842 1766935
1767280 1767435
1767847 1767942
1768264 1768552
1769022 1769407
1769783 1770079
1770448 1770521
1770983 1771070
1771082 1771249
1771645 1771708
1772172 1772325
1772592 1772819
1772922 1773035
1773111 1773461
1773753 1774058
1774407 1774688
1774702 1775030
1775042 1775183
1775631 1775887
1776144 1776461
1776861 1777008
1777016 1777365
1777486 1777699
1777792 1777833
1778240 1778486
1778911 1779075
1779258 1779313
1779775 1779907
1780392 1780599
1780732 1780847
1781327 1781525
1781926 1782214
1782302 1782697
1782965 1783116
1783222 1783331
1783764 1783959
1784131 1784459
1784622 1784927
1785371 1785460
1785840 1785944
1786366 1786477
1786944 1787268
1787472 1787487
1787778 1788128
1788298 1788396
1788670 1788861
1789047 1789379
1789670 1789868
1790322 1790619
1790735 1790814
1791246 1791419
1791543 1791754
1792237 1792432
1792486 1792499
1792920 1793103
1793533 1793645
1794118 1794204
1794329 1794522
1794966 1795356
1795497 1795729
1796101 1796178
1796513 1796890
1797180 1797407
1797878 1798110
1798515 1798570
1799068 1799353
1799447 1799575
1799774 1800072
1800455 1800741
1801162 1801214
1801573 1801588
1801958 1802199
1802681 1802901
1803096 1803342
1803711 1804091
1804283 1804456
1804667 1804696
1805132 1805210
1805318 1805467
1805679 1806031
1806229 1806464
1806585 1806696
1806704 1806994
1807097 1807179
1807391 1807660
1808081 1808246
1808533 1808863
1809075 1809369
1809670 1810027
1810282 1810450
1810800 1810823
1811072 1811289
1811551 1811756
1812117 1812415
1812912 1813239
1813368 1813464
1813867 1814111
1814213 1814438
1814808 1814863
1815354 1815602
1815731 1815844
1816198 1816303
1816574 1816619
1817032 1817072
1817554 1817690
1817915 1818160
1818172 1818249
1818508 1818770
1818907 1818990
1819184 1819301
1819779 1819835
1820112 1820244
1820457 1820710
1820828 1821180
1821522 1821797
1821848 1822239
1822309 1822623
1822719 1822880
1823102 1823113
1823217 1823477
1823486 1823514
1823580 1823857
1824225 1824424
1824842 1825140
1825615 1825772
1826023 1826077
1826462 1826520
1826702 1826833
1827104 1827224
1827370 1827714
1827906 1827962
1828175 1828329
1828510 1828800
1828952 1829200
1829622 1829683
1830080 1830082
1830300 1830560
1830882 1831224
1831693 1831719
1832002 1832174
1832649 1832880
1833062 1833392
1833811 1834067
1834469 1834622
1835057 1835211
1835616 1835952
1836430 1836661
1836835 1837132
1837222 1837417
1837501 1837816
1838207 1838599
1839058 1839063
1839318 1839589
1839978 1839991
1840337 1840548
1840753 1841051
1841285 1841426
1841702 1842033
1842420 1842447
1842533 1842630
1843020 1843192
1843409 1843582
1844037 1844168
1844355 1844448
1844559 1844669
1844805 1845070
1845556 1845565
1845905 1846296
1846657 1846727
1846825 1847009
1847045 1847095
1847474 1847803
1847934 1848129
1848371 1848377
1848461 1848662
1849155 1849313
1849508 1849679
1850157 1850408
1850695 1850998
1851020 1851127
1851211 1851555
1851629 1851766
1852072 1852305
1852672 1852773
1852943 1853090
1853203 1853555
1853573 1853825
1854205 1854291
1854731 1854844
1855283 1855649
1855672 1856070
1856281 1856535
1856637 1856714
1857137 1857182
1857540 1857597
1857828 1857957
1858286 1858331
1858502 1858732
1859015 1859259
1859352 1859716
1859728 1859750
1860000 1860346
1860802 1861198
1861469 1861488
1861554 1861631
1861933 1862288
1862406 1862560
1863032 1863183
1863512 1863870
1864117 1864184
1864368 1864513
1864832 1864873
1864918 1865177
1865606 1865925
1866189 1866424
1866882 1867242
1867594 1867823
1868242 1868574
1868907 1869093
1869313 1869551
1869725 1869786
1869922 1869964
1870335 1870650
1871139 1871174
1871663 1871897
1872265 1872315
1872389 1872692
1872864 1873129
1873193 1873449
1873941 1874307
1874653 1875043
1875174 1875456
1875717 1875729
1875884 1876018
1876319 1876520
1876848 1877234
1877659 1877671
1878106 1878384
1878424 1878718
1878914 1879231
1879364 1879637
1879841 1880067
1880387 1880526
1880841 1881227
1881664 1881769
1882213 1882424
1882512 1882735
1882852 1883067
1883204 1883467
1883661 1883701
1883751 1883992
1884405 1884434
1884770 1884825
1885122 1885348
1885723 1885933
1886365 1886716
1886821 1886990
1887451 1887843
1888314 1888476
1888699 1889038
1889394 1889557
1889648 1889669
1889960 1890256
1890472 1890716
1890943 1890953
1891316 1891660
1891815 1892028
1892171 1892268
1892419 1892642
1892738 1893125
1893285 1893505
1893851 1894007
1894036 1894168
1894264 1894543
1894681 1895077
1895219 1895393
1895785 1896088
1896323 1896583
1896624 1896675
1896716 1896812
1896998 1897256
1897365 1897476
1897478 1897670
1898085 1898426
1898686 1899040
1899188 1899508
1899664 1900038
1900432 1900745
1900841 1900950
1901227 1901265
1901583 1901972
1902255 1902502
1902780 1902850
1903226 1903517
1903669 1903995
1904204 1904251
1904563 1904726
1905221 1905438
1905719 1906053
1906108 1906394
1906605 1906894
1907363 1907452
1907674 1907902
1907935 1908239
1908391 1908588
1909031 1909334
1909560 1909779
1910236 1910586
1910633 1910941
1911134 1911221
1911585 1911753
1911926 1912178
1912266 1912633
1912746 1912753
1913222 1913571
1913976 1914143
1914602 1914646
1914748 1914871
1915161 1915494
1915921 1916150
1916623 1916876
1916908 1917157
1917313 1917372
1917761 1918118
1918568 1918780
1919278 1919351
1919736 1920075
1920386 1920701
1920937 1921101
1921271 1921418
1921552 1921789
1921971 1922370
1922570 1922738
1922822 1922894
1923321 1923506
1923554 1923768
1923923 1924294
1924706 1924832
1925331 1925701
1925866 1925987
1926124 1926378
1926743 1927068
1927116 1927455
1927675 1927782
1927898 1928043
1928059 1928395
1928694 1928952
1929079 1929178
1929391 1929425
1929468 1929611
1930101 1930252
1930646 1930706
1930876 1930879
1931018 1931185
1931400 1931620
1932105 1932443
1932660 1932927
1933410 1933743
1933767 1933921
1934411 1934537
1934765 1934802
1934884 1935026
1935523 1935546
1935714 1936082
1936252 1936484
1936869 1937232
1937607 1937968
1938350 1938711
1939125 1939264
1939709 1939831
1939968 1940268
1940553 1940854
1941274 1941441
1941691 1941892
1942309 1942654
1943048 1943255
1943569 1943598
1943964 1944203
1944541 1944752
1945236 1945248
1945585 1945974
1946416 1946434
1946574 1946878
1946977 1947234
1947636 1947791
1947941 1948240
1948662 1948761
1948906 1949081
1949482 1949639
1950133 1950340
1950466 1950584
1950918 1951159
1951574 1951845
1951924 1952245
1952252 1952629
1952678 1953038
1953532 1953615
1953911 1953967
1954048 1954315
1954791 1954865
1955031 1955252
1955323 1955704
1956026 1956263
1956727 1957008
1957208 1957427
1957428 1957774
1958202 1958282
1958538 1958922
1958987 1959281
1959738 1959997
1960287 1960620
1961074 1961279
1961507 1961593
1961966 1962049
1962250 1962372
1962382 1962578
1962819 1963187
1963240 1963442
1963784 1963848
1964179 1964522
1965019 1965335
1965417 1965461
1965902 1965929
1966365 1966589
1966646 1966785
1967156 1967181
1967294 1967642
1967944 1968172
1968447 1968698
1969155 1969438
1969689 1970020
1970306 1970609
1970766 1971149
1971310 1971563
1971741 1971793
1972229 1972347
1972629 1972864
1973016 1973353
1973564 1973676
1973952 1974253
1974435 1974495
1974648 1974965
1975363 1975635
1975904 1976136
1976387 1976749
1976840 1976932
1977414 1977503
1977891 1978154
1978324 1978341
1978685 1978774
1978899 1979053
1979439 1979602
1979772 1980163
1980224 1980418
1980786 1980801
1980968 1981308
1981397 1981400
1981509 1981640
1982069 1982094
1982385 1982509
1982925 1982937
1983141 1983247
1983623 1983675
1983785 1984089
1984182 1984580
1984675 1984834
1985171 1985489
1985645 1985957
1985994 1986219
1986680 1986736
1987123 1987271
1987532 1987561
1987568 1987586
1987910 1988001
1988259 1988309
1988756 1989103
1989329 1989638
1989813 1990019
1990104 1990374
1990724 1990954
1991174 1991255
1991650 1991677
1991966 1992020
1992216 1992288
1992542 1992609
1992978 1993361
1993436 1993682
1994093 1994234
1994415 1994524
1994699 1995093
1995507 1995676
1996040 1996151
1996352 1996682
1996754 1996756
1997200 1997430
1997608 1997992
1998438 1998740
1999238 1999319
1999694 1999758
2000081 2000447
2000636 2000892
2001266 2001443
2001717 2001787
2002215 2002521
2002591 2002667
2002960 2003258
2003693 2004055
2004473 2004641
2004702 2004832
2005113 2005247
2005641 2005911
2005989 2006053
2006463 2006548
2006589 2006987
2007357 2007593
2008059 2008074
2008528 2008782
2009272 2009577
2009649 2009663
2010155 2010343
2010785 2011106
2011234 2011611
2011975 2012109
2012394 2012537
2012896 2013158
2013211 2013578
2013755 2014091
2014476 2014657
2014912 2015148
2015317 2015363
2015818 2016151
2016181 2016266
2016651 2016834
2017111 2017502
2017973 2018124
2018153 2018314
2018576 2018603
2018990 2019292
2019742 2020129
2020340 2020475
2020511 2020657
2020955 2021247
2021320 2021598
2021859 2021998
2022496 2022813
2023294 2023617
2023673 2023778
2023780 2024035
2024127 2024445
2024918 2024966
2025008 2025290
2025395 2025749
2025866 2026201
2026348 2026686
2027006 2027267
2027597 2027799
2028133 2028382
2028392 2028473
2028573 2028967
2029273 2029620
2029700 2029786
2030152 2030424
2030840 2031088
2031510 2031667
2032104 2032320
2032769 2033130
2033473 2033625
2033659 2033752
2033793 2034089
2034584 2034810
2035163 2035299
2035739 2035761
2035899 2035987
2036316 2036480
2036751 2037084
2037514 2037747
2038036 2038180
2038516 2038729
2038747 2039029
2039335 2039446
2039855 2040154
2040628 2040690
2041052 2041419
2041538 2041865
2042179 2042268
2042529 2042741
2042912 2043012
2043510 2043844
2044147 2044288
2044399 2044528
2044951 2044965
2045063 2045406
2045543 2045739
2045867 2046044
2046139 2046213
2046356 2046619
2046729 2046820
2047301 2047437
2047601 2047948
2048182 2048394
2048809 2049199
2049265 2049488
2049857 2049885
2050025 2050143
2050195 2050533
2050697 2050882
2051010 2051312
2051658 2051982
2052423 2052814
2053167 2053566
2053947 2054022
2054494 2054646
2054677 2054988
2055035 2055117
2055490 2055875
2055914 2056241
2056699 2057024
2057350 2057489
2057635 2057744
2058002 2058319
2058579 2058750
2059092 2059276
2059744 2060072
2060346 2060604
2060984 2061331
2061381 2061769
2062058 2062257
2062743 2062807
2063215 2063452
2063680 2063954
2064374 2064634
2064764 2065159
2065640 2065738
2065855 2066140
2066461 2066468
2066869 2067109
2067461 2067557
2067599 2067958
2068420 2068604
2068631 2068793
2069170 2069516
2069812 2070067
2070218 2070410
2070483 2070670
2070720 2070932
2071027 2071379
2071756 2071891
2071929 2072022
2072501 2072824
2073240 2073344
2073747 2073822
2073881 2074229
2074329 2074339
2074642 2074987
2075052 2075381
2075778 2075884
2076194 2076483
2076609 2076985
2077286 2077654
2077900 2077903
2078191 2078369
2078632 2079020
2079501 2079674
2079717 2079856
2080010 2080192
2080305 2080310
2080512 2080630
2081105 2081484
2081583 2081640
2081668 2082064
2082514 2082792
2083188 2083508
2083654 2083881
2084001 2084093
2084130 2084423
2084685 2084875
2084973 2085194
2085372 2085431
2085547 2085857
2086024 2086193
2086300 2086306
2086588 2086878
2087129 2087406
2087534 2087566
2087679 2087945
2087986 2088090
2088101 2088109
2088341 2088685
2088708 2088982
2089211 2089547
2089729 2090087
2090177 2090503
2090629 2090963
2091377 2091429
2091476 2091564
2091588 2091833
2091953 2092160
2092387 2092587
2092829 2092923
2093234 2093421
2093438 2093556
2093755 2093773
2094057 2094329
2094603 2094622
2094871 2094946
2095195 2095383
2095444 2095721
2095984 2096348
2096825 2097044
2097260 2097311
2097606 2097786
2097948 2098047
2098308 2098350
2098626 2098934
2099391 2099596
2099961 2100225
2100482 2100785
2100929 2101072
2101138 2101263
2101519 2101737
2101892 2101968
2102099 2102475
2102938 2102949
2103127 2103254
2103621 2103719
2103773 2104038
2104430 2104434
2104694 2104872
2104924 2105249
2105585 2105920
2106126 2106515
2106711 2106863
2107185 2107276
2107616 2107830
2107928 2108264
2108446 2108516
2108938 2108945
2109134 2109236
2109283 2109424
2109667 2109952
2110401 2110520
2110982 2111104
2111499 2111602
2111921 2112071
2112080 2112476
2112707 2113006
2113171 2113329
2113675 2114050
2114235 2114304
2114415 2114655
2114806 2114812
2115124 2115461
2115519 2115823
2116101 2116123
2116414 2116636
2116834 2116940
2117322 2117501
2117925 2117946
2118190 2118452
2118936 2118973
2119008 2119182
2119352 2119610
2119988 2120128
2120537 2120820
2121019 2121127
2121289 2121493
2121663 2121705
2122175 2122330
2122665 2122821
2123169 2123283
2123570 2123839
2124093 2124348
2124371 2124393
2124517 2124705
2124810 2124897
2124970 2125269
2125517 2125559
2125966 2126216
2126492 2126881
2127258 2127381
2127579 2127594
2127828 2128075
2128493 2128832
2129205 2129530
2129866 2129999
2130342 2130524
2130805 2131183
2131247 2131580
2131902 2131978
2132194 2132452
2132656 2132683
2133105 2133368
2133822 2134171
2134621 2134858
2135293 2135550
2135815 2136042
2136134 2136329
2136332 2136440
2136540 2136595
2136877 2137239
2137558 2137782
2138218 2138350
2138564 2138868
2138908 2138930
2138969 2139009
2139164 2139255
2139651 2139874
2139930 2140096
2140111 2140481
2140777 2140824
2141252 2141511
2141823 2141857
2142064 2142116
2142368 2142703
2143006 2143221
2143523 2143531
2143852 2144158
2144258 2144546
2144836 2144902
2145346 2145432
2145679 2145988
2146097 2146369
2146752 2147048
2147189 2147281
2147613 2147868
2148266 2148343
2148682 2149063
2149426 2149474
2149964 2150094
2150330 2150590
2150694 2150734
2150806 2151009
2151345 2151552
2151913 2151922
2152409 2152428
2152440 2152500
2152981 2153299
2153388 2153539
2154015 2154254
2154585 2154854
2155272 2155314
2155624 2155804
2156148 2156507
2156701 2156882
2156958 2157158
2157201 2157329
2157394 2157712
2157872 2157981
2158311 2158406
2158557 2158625
2158628 2158639
2158646 2158961
2159456 2159765
2159783 2159957
2160202 2160545
2160598 2160615
2160894 2160979
2161305 2161332
2161372 2161413
2161502 2161648
2161705 2161717
2161911 2162218
2162312 2162610
2162947 2163247
2163647 2163878
2163893 2163909
2164363 2164564
2164825 2165068
2165299 2165555
2165865 2166216
2166556 2166942
2167307 2167334
2167427 2167761
2168112 2168154
2168499 2168753
2169019 2169062
2169539 2169669
2170027 2170314
2170523 2170786
2170901 2171210
2171662 2171957
2172028 2172313
2172393 2172598
2173025 2173126
2173358 2173410
2173738 2174054
2174189 2174547
2174914 2174963
2174964 2175129
2175397 2175717
2175785 2175978
2176416 2176680
2176847 2176945
2177113 2177205
2177623 2178017
2178060 2178354
2178696 2178821
2179285 2179649
2180042 2180373
2180751 2180976
2181350 2181681
2181913 2181937
2182246 2182644
2182848 2183074
2183220 2183529
2183982 2184340
2184753 2184908
2185096 2185483
2185859 2186153
2186570 2186579
2186875 2187134
2187508 2187865
2188015 2188051
2188069 2188379
2188745 2189005
2189245 2189424
2189426 2189594
2189982 2190127
2190426 2190770
2191009 2191106
2191121 2191276
2191431 2191597
2191829 2192172
2192449 2192744
2193017 2193281
2193575 2193957
2194224 2194541
2194950 2195132
2195310 2195572
2195914 2196170
2196277 2196508
2196831 2197075
2197365 2197569
2197728 2197730
2198094 2198251
2198503 2198895
2199212 2199261
2199705 2199763
2199815 2200213
2200508 2200513
2200891 2201040
2201486 2201625
2201748 2202110
2202118 2202494
2202929 2203172
2203409 2203804
2204244 2204604
2204988 2205376
2205637 2205650
2206096 2206134
2206610 2206722
2206909 2207252
2207499 2207542
2207571 2207728
2208108 2208260
2208685 2209013
2209237 2209318
2209490 2209526
2209562 2209898
2210001 2210197
2210314 2210432
2210801 2210865
2211080 2211314
2211457 2211570
2211728 2211910
2212217 2212333
2212725 2212954
2213278 2213506
2213921 2214126
2214519 2214736
2215197 2215218
2215435 2215744
2215774 2216143
2216484 2216878
2217262 2217371
2217526 2217747
2217819 2217909
2218180 2218462
2218561 2218645
2219009 2219090
2219336 2219372
2219856 2220002
2220047 2220151
2220290 2220666
2220868 2221245
2221460 2221548
2221861 2221950
2222341 2222370
2222674 2222980
2223150 2223202
2223612 2224011
2224015 2224285
2224406 2224493
2224725 2225049
2225493 2225818
2225962 2226128
2226252 2226493
2226860 2227140
2227540 2227623
2227782 2227826
2228240 2228476
2228599 2228956
2229235 2229569
2229811 2230060
2230401 2230761
2231224 2231604
2231707 2231921
2232049 2232088
2232184 2232576
2232666 2233035
2233070 2233417
2233499 2233842
2234015 2234137
2234378 2234531
2234792 2234879
2235090 2235364
2235782 2236112
2236394 2236734
2237161 2237290
2237741 2238055
2238541 2238939
2239417 2239490
2239909 2240209
2240605 2240789
2240975 2241284
2241447 2241548
2241838 2242070
2242366 2242369
2242431 2242570
2242681 2242813
2243162 2243284
2243757 2243947
2244250 2244355
2244513 2244620
2244841 2245152
2245299 2245415
2245457 2245470
2245705 2245905
2246385 2246453
2246862 2246889
2247374 2247661
2247833 2248190
2248392 2248665
2248915 2249191
2249539 2249884
2249945 2250093
2250255 2250423
2250526 2250550
2250819 2251068
2251109 2251275
2251556 2251627
2251666 2251741
2251784 2251875
2252001 2252076
2252457 2252562
2252630 2252923
2253095 2253234
2253638 2253726
2253847 2253948
2254303 2254329
2254442 2254726
2255043 2255421
2255570 2255852
2256145 2256467
2256491 2256691
2257024 2257140
2257412 2257776
2258233 2258602
2259064 2259249
2259429 2259594
2259910 2259991
2260414 2260614
2260629 2260645
2260682 2260950
2261230 2261295
2261461 2261700
2262025 2262172
2262525 2262624
2262993 2263128
2263389 2263667
