400 490
922 1003
1239 1325
1674 1797
1971 2112
2387 2514
2808 2901
3163 3236
3676 3811
3964 4038
4278 4395
4651 4763
5184 5280
5620 5752
5808 5858
6050 6109
6278 6368
6392 6497
6672 6755
7019 7123
7328 7424
7440 7527
7783 7886
8357 8435
8893 8995
9259 9348
9639 9734
9837 9925
10306 10441
10451 10528
10634 10727
10799 10918
11396 11484
11502 11590
11739 11854
12299 12385
12806 12904
13367 13450
13629 13711
14099 14173
14526 14600
15096 15173
15274 15391
15457 15598
15864 15946
16397 16496
16876 16982
17287 17415
17703 17802
18123 18249
18545 18654
19058 19125
19156 19268
19310 19409
19749 19852
20067 20152
20443 20541
20844 20914
21337 21435
21732 21823
22015 22148
22312 22433
22581 22685
23060 23171
23639 23682
23801 23886
24243 24351
24480 24596
24664 24748
25162 25246
25263 25347
25814 25900
26006 26146
26613 26701
26873 26972
27312 27404
27536 27638
28133 28256
28270 28354
28689 28758
28871 29017
29496 29640
29849 29916
30360 30450
30546 30656
31058 31133
31257 31364
31646 31746
32086 32154
32187 32291
32389 32510
32800 32910
33376 33461
33629 33748
34221 34287
34298 34412
34803 34893
35194 35306
35727 35812
36036 36144
36450 36538
36899 37027
37169 37277
37412 37520
37658 37751
38207 38313
38464 38559
39029 39129
39148 39244
39364 39464
39789 39897
40172 40244
40258 40340
40481 40575
41055 41154
41250 41340
41622 41743
41905 42011
42209 42325
42689 42782
42906 43015
43096 43175
43643 43712
43807 43929
44032 44143
44531 44631
44968 45071
45138 45242
45621 45710
45858 45956
46029 46138
46170 46259
46697 46790
46892 46988
47288 47401
47499 47597
47740 47851
48147 48287
48505 48621
48731 48808
49229 49275
49700 49768
50246 50386
50430 50548
50790 50860
51085 51205
51655 51782
51860 51960
52074 52157
52352 52461
52911 53031
53429 53502
53890 53982
54217 54352
54512 54586
54995 55079
55101 55198
55627 55703
55800 55914
56375 56447
56777 56850
57124 57230
57270 57388
57835 57947
58228 58336
58680 58777
58820 58888
59123 59224
59709 59811
60289 60401
60880 60993
61166 61276
61522 61627
62067 62196
62470 62559
62625 62755
62855 62990
63040 63163
63306 63392
63839 63936
64060 64204
64364 64474
64902 65007
65074 65147
65260 65352
65393 65489
65528 65613
65633 65754
66108 66183
66495 66569
66706 66791
67254 67387
67797 67879
68306 68393
68825 68902
68908 68994
69428 69543
69643 69739
70047 70162
70243 70372
70762 70885
70944 71076
71426 71518
71724 71822
71922 72019
72354 72482
72839 72920
73146 73219
73634 73737
73934 74034
74406 74505
74892 74975
75375 75466
75961 76082
76142 76231
76503 76624
76897 76989
77349 77461
77950 78021
78406 78494
78806 78929
79309 79388
79763 79875
80099 80182
80653 80729
80827 80907
81288 81365
81731 81816
82198 82296
82558 82652
83013 83105
83166 83285
83440 83537
83686 83775
84078 84188
84232 84371
84747 84872
85223 85313
85365 85494
85742 85846
86013 86113
86120 86213
86375 86476
86787 86900
87283 87379
87469 87561
87658 87739
87743 87808
88046 88173
88296 88389
88658 88751
88756 88835
88933 89043
89105 89210
89618 89689
89883 90007
90472 90590
90719 90851
91011 91081
91518 91614
91764 91856
91945 92004
92256 92355
92603 92677
93088 93189
93510 93601
93629 93747
94237 94343
94597 94712
94934 95028
95496 95609
95804 95900
96213 96359
96530 96619
96793 96889
97327 97399
97562 97669
97697 97796
97861 97978
98262 98372
98577 98694
99078 99183
99415 99481
99523 99616
99908 100026
100408 100504
100580 100710
101126 101228
101259 101361
101695 101749
101910 101972
102113 102230
102610 102737
102985 103115
103333 103422
103630 103699
103892 103988
104060 104128
104280 104353
104751 104870
105290 105377
105658 105757
105873 105957
106237 106349
106742 106822
107069 107174
107236 107337
107687 107770
107833 107937
108082 108151
108208 108299
108309 108405
108631 108724
108958 109075
109378 109503
109949 110078
110265 110386
110462 110560
110786 110890
111149 111287
111550 111634
111790 111850
112004 112080
112483 112575
112967 113070
113292 113384
113840 113945
114301 114422
114718 114818
115158 115255
115317 115416
115423 115536
115571 115670
115936 116004
116368 116512
116652 116741
116757 116880
117126 117197
117579 117676
117847 117960
118150 118281
118480 118524
118674 118770
118857 118968
119094 119231
119293 119411
119897 120011
120079 120229
120535 120621
120838 120966
121463 121601
121812 121929
122344 122429
122751 122849
122972 123086
123467 123545
124014 124099
124223 124339
124429 124507
124853 124957
125250 125354
125598 125715
126075 126161
126371 126488
126980 127067
127465 127542
127681 127757
128042 128167
128632 128693
128720 128808
129250 129358
129398 129478
129742 129848
129889 130004
130259 130393
130512 130599
130833 130932
131176 131285
131563 131661
132032 132141
132626 132687
132829 132899
133029 133079
133301 133390
133439 133502
133564 133670
133827 133935
134160 134264
134485 134578
134708 134798
135234 135326
135680 135773
136180 136278
136705 136804
136817 136882
137080 137235
137297 137420
137525 137646
137705 137792
138105 138198
138277 138352
138587 138651
138812 138903
139330 139398
139769 139906
140083 140153
140570 140646
141060 141138
141264 141367
141649 141742
142168 142248
142392 142471
142745 142857
143093 143181
143235 143296
143580 143717
143855 143943
144291 144398
144788 144907
145213 145266
145591 145672
145957 146063
146528 146587
146991 147094
147333 147451
147850 147986
148236 148322
148521 148586
148610 148698
148941 149064
149297 149397
149720 149848
149982 150049
150394 150494
150707 150770
151109 151203
151264 151359
151398 151498
151616 151685
151712 151779
152132 152235
152475 152561
152989 153093
153448 153515
153895 153977
154418 154551
155044 155156
155407 155506
155656 155753
155900 156026
156209 156302
156431 156517
156912 157003
157499 157624
158034 158148
158243 158306
158477 158585
158650 158742
159140 159245
159652 159755
160192 160269
160346 160464
160682 160754
160934 160997
161174 161304
161614 161741
162104 162170
162484 162590
162944 163051
163451 163557
163779 163871
164208 164273
164582 164676
165105 165196
165284 165401
165558 165629
165653 165737
165886 165993
166302 166395
166701 166803
167022 167123
167428 167486
167525 167617
167693 167800
168013 168124
168399 168499
168886 168984
169168 169279
169676 169747
169833 169965
170295 170418
170684 170772
170790 170919
170935 171049
171159 171258
171560 171641
171886 172008
172326 172428
172669 172789
173184 173295
173741 173823
173896 174018
174192 174282
174535 174634
174767 174894
175294 175419
175625 175713
175834 175926
176122 176230
176284 176357
176546 176625
176691 176789
177120 177220
177451 177572
177620 177711
177977 178079
178563 178662
178808 178878
178964 179070
179314 179427
179475 179531
179720 179809
180122 180232
180468 180556
180943 181054
181518 181599
182037 182103
182396 182467
182579 182664
183133 183238
183614 183717
184101 184195
184585 184670
184825 184901
184937 185049
185116 185211
185290 185414
185816 185961
186390 186486
186516 186600
187049 187136
187541 187652
188049 188131
188477 188548
188803 188929
189019 189129
189504 189615
189616 189715
189884 189991
190111 190213
190503 190581
190827 190937
190955 191054
191385 191481
191693 191750
192050 192155
192442 192538
192992 193049
193213 193292
193629 193750
193878 193964
194251 194311
194403 194490
194720 194833
194909 194984
195015 195099
195390 195484
195959 196067
196082 196144
196488 196598
196922 197044
197263 197357
197599 197690
197793 197882
198181 198268
198644 198729
199102 199197
199262 199323
199699 199774
199780 199869
200303 200387
200781 200890
201209 201334
201452 201530
201988 202145
202491 202576
202933 203038
203062 203161
203495 203609
203877 203998
204228 204352
204570 204680
204968 205072
205282 205371
205599 205674
205929 206033
206527 206622
206946 207041
207272 207362
207622 207726
208181 208311
208506 208547
208653 208752
208967 209047
209420 209513
209739 209804
210052 210165
210531 210651
211093 211202
211664 211801
212089 212190
212581 212674
212822 212929
213062 213149
213632 213731
214057 214154
214565 214654
214806 214943
215170 215290
215728 215838
216225 216317
216546 216666
217034 217149
217392 217498
217946 218062
218143 218227
218266 218361
218549 218644
218905 218991
219043 219126
219333 219432
219673 219779
219949 220061
220279 220356
220788 220892
221163 221273
221647 221737
221754 221857
222043 222132
222612 222728
222951 223090
223121 223230
223559 223674
223798 223870
224307 224431
224638 224740
225035 225127
225255 225341
225384 225472
225513 225653
226131 226227
226397 226501
226522 226623
226995 227082
227441 227574
227587 227723
228056 228196
228596 228717
229163 229250
229545 229644
229982 230063
230469 230584
230629 230719
230844 230936
231119 231201
231428 231520
231523 231625
231627 231731
232162 232253
232420 232520
232828 232919
233310 233422
233819 233929
234309 234397
234812 234891
235245 235342
235359 235436
235906 236030
236253 236332
236573 236652
237125 237222
237280 237363
237755 237818
238087 238161
238653 238776
238896 239008
239018 239107
239592 239666
240147 240234
240338 240419
240887 240982
241203 241267
241677 241770
241887 242032
242473 242548
242998 243110
243177 243288
243330 243407
243679 243765
244075 244184
244255 244348
244750 244853
245129 245251
245697 245767
246056 246156
246576 246695
246959 247065
247507 247608
247877 247983
248189 248315
248708 248800
248924 249045
249267 249345
249615 249681
250096 250179
250525 250634
250732 250874
251358 251416
251602 251688
251829 251911
252167 252283
252401 252520
252861 252976
253048 253113
253440 253553
253811 253898
254340 254463
254504 254612
254771 254884
255329 255430
255586 255698
255890 255981
256340 256456
256943 257044
257169 257258
257742 257824
258289 258387
258712 258790
259028 259131
259365 259453
259806 259901
259971 260089
260348 260436
260804 260885
261345 261436
261824 261932
262037 262119
262608 262722
262867 262964
263077 263156
263419 263533
263815 263891
264085 264173
264212 264290
264657 264753
265130 265219
265439 265586
266066 266145
266401 266493
266508 266608
266996 267092
267483 267559
267698 267782
268221 268310
268429 268526
268699 268803
269286 269373
269419 269538
269960 270069
270525 270648
270828 270898
271354 271495
271977 272111
272511 272599
272836 272923
273280 273396
273844 273964
274019 274143
274293 274397
274476 274557
274692 274757
275098 275222
275589 275665
276145 276261
276262 276396
276804 276912
277051 277181
277347 277454
277630 277756
278124 278235
278539 278636
278784 278890
279361 279444
279597 279677
280149 280265
280421 280524
280730 280820
281188 281318
281614 281711
282020 282146
282366 282490
282643 282701
283179 283281
283435 283521
283721 283853
284223 284352
284694 284797
284947 285059
285093 285220
285545 285625
286054 286144
286167 286271
286675 286786
287133 287239
287732 287856
288284 288349
288407 288463
288821 288936
288966 289069
289246 289394
289433 289537
289764 289862
289927 290040
290285 290412
290513 290614
290787 290864
291325 291429
291724 291817
291878 291965
292314 292418
292465 292538
292574 292679
293129 293229
293247 293353
293403 293515
293579 293645
293903 294035
294163 294287
294387 294467
294857 294953
295057 295199
295396 295504
295881 295986
296156 296240
296546 296675
296748 296841
296875 296986
297290 297427
297503 297584
297596 297691
297746 297857
298087 298186
298272 298401
298413 298521
298524 298639
298995 299082
299486 299598
299733 299864
299893 300004
300412 300498
300714 300854
301036 301120
301467 301573
301637 301720
302204 302355
302739 302841
302854 302957
303340 303412
303445 303559
303761 303883
304054 304179
304424 304496
304731 304846
305181 305286
305459 305548
305991 306084
306489 306600
306897 307012
307299 307386
307619 307730
307888 308011
308366 308465
308606 308701
308958 309066
309320 309424
309522 309606
309796 309916
310130 310241
310395 310483
310736 310815
311049 311185
311315 311439
311457 311538
311874 311965
312353 312413
312760 312896
313084 313200
313587 313658
313815 313905
314333 314437
314561 314634
315087 315161
315202 315341
315361 315431
315637 315745
316084 316167
316300 316384
316663 316736
316914 317052
317455 317549
317802 317928
318358 318470
318731 318862
319213 319272
319577 319686
319934 320050
320140 320240
320617 320683
321129 321227
321412 321502
321612 321689
321976 322121
322596 322727
323162 323250
323269 323380
323699 323816
324232 324330
324371 324481
324522 324598
324730 324839
325071 325168
325191 325299
325476 325572
325585 325686
325878 325966
326430 326527
326688 326811
326841 326961
327235 327358
327723 327782
328110 328219
328410 328490
328622 328712
329091 329188
329622 329768
329830 329939
330051 330148
330245 330340
330583 330687
330954 331040
331320 331443
331504 331593
331814 331913
332206 332332
332437 332526
332820 332875
333369 333451
333942 334079
334221 334327
334718 334816
335295 335427
335864 335951
336250 336350
336529 336615
336820 336912
337131 337268
337377 337472
337888 337965
338437 338561
338863 338983
339239 339332
339575 339646
339858 339986
340271 340309
340768 340857
340858 340921
341156 341244
341290 341402
341885 341956
342273 342376
342859 342970
343347 343444
343897 344004
344020 344136
344198 344283
344668 344740
345177 345305
345525 345593
346010 346104
346184 346264
346280 346385
346763 346845
347151 347277
347349 347443
347889 347989
348061 348163
348575 348657
349143 349238
349412 349508
349844 349936
350126 350258
350715 350826
350838 350915
351115 351194
351551 351640
351936 352036
352230 352311
352421 352550
352863 352952
352987 353056
353445 353543
353854 353957
354124 354237
354248 354303
354778 354896
354935 355068
355339 355443
355460 355545
355772 355859
356334 356425
356792 356921
357388 357467
357516 357635
357999 358143
358569 358667
359105 359194
359286 359359
359558 359647
359770 359864
360257 360321
360420 360523
360737 360835
361108 361229
361608 361700
361806 361942
362222 362321
362391 362479
362807 362886
363142 363245
363296 363388
363483 363588
363765 363841
364027 364113
364229 364341
364827 364953
365120 365230
365328 365445
365913 365995
366217 366299
366642 366769
366873 366974
367055 367101
367169 367280
367523 367618
367669 367750
368014 368096
368198 368307
368746 368864
368901 369013
369148 369253
369662 369758
369869 369978
370293 370388
370717 370827
371080 371217
371629 371729
371766 371868
371874 371952
372095 372181
372420 372498
372689 372787
373073 373181
373363 373483
373628 373723
374045 374135
374580 374695
374762 374818
375116 375218
375717 375829
375848 375964
376060 376161
376561 376649
376972 377112
377233 377320
377567 377695
378030 378130
378610 378717
378930 379006
379498 379595
379988 380107
380514 380616
380814 380942
381158 381261
381558 381631
381657 381777
382076 382157
382222 382337
382652 382772
383264 383362
383553 383638
384059 384204
384628 384740
384811 384944
385377 385464
385492 385571
385894 385984
386172 386265
386720 386806
387056 387166
387579 387689
387896 388041
388272 388378
388873 388983
389396 389506
389895 389977
390249 390311
390558 390645
390828 390943
391170 391307
391573 391632
391738 391873
392264 392331
392371 392449
392491 392597
392630 392703
392785 392896
393108 393227
393378 393492
393535 393618
394004 394100
394416 394530
394897 395009
395276 395362
395751 395827
396171 396277
396404 396488
396722 396839
396884 396962
397437 397544
397724 397817
397898 397976
398417 398535
399008 399129
399184 399264
399634 399722
400210 400313
400709 400801
400975 401065
401277 401351
401779 401850
401858 401941
402357 402464
402682 402781
403235 403331
403688 403759
403811 403888
404228 404369
404672 404731
404819 404940
404955 405029
405484 405573
405656 405749
405770 405861
405994 406097
406384 406500
406928 407031
407350 407449
407466 407583
407992 408072
408338 408446
408623 408744
408885 408973
409343 409450
409891 410012
410020 410142
410551 410654
410953 411054
411093 411198
411290 411406
411784 411867
412175 412270
412486 412542
412731 412809
413241 413351
413392 413500
413558 413630
413681 413772
414040 414149
414491 414595
414998 415084
415561 415682
416016 416168
416246 416347
416766 416877
417177 417259
417440 417528
417533 417617
417776 417862
418317 418414
418470 418601
418664 418752
418909 419001
419068 419132
419211 419340
419678 419724
419968 420057
420494 420597
420672 420797
421185 421319
421558 421620
421940 422022
422112 422229
422608 422691
422807 422929
423321 423417
423485 423585
423902 424050
424423 424528
425002 425128
425528 425630
425742 425843
426247 426373
426621 426727
426873 426957
427297 427353
427521 427621
428040 428134
428473 428551
428973 429064
429548 429635
429682 429774
429847 429945
430083 430191
430235 430329
430705 430830
431051 431118
431316 431430
431733 431827
431912 432020
432025 432145
432489 432609
432825 432940
433109 433200
433233 433305
433650 433730
434174 434278
434632 434747
434971 435073
435256 435374
435703 435769
436183 436294
436384 436512
436610 436689
436930 437013
437320 437436
437504 437609
437797 437884
437905 437981
438379 438452
438549 438684
439114 439230
439551 439665
440133 440247
440610 440725
441200 441331
441346 441438
441682 441751
442083 442201
442457 442582
442658 442746
443021 443137
443505 443601
443999 444105
444225 444327
444762 444865
445023 445124
445541 445676
445836 445945
446207 446300
446625 446732
447046 447139
447426 447542
447966 448053
448142 448263
448606 448724
449054 449101
449263 449365
449816 449900
450333 450417
450849 450951
451103 451195
451668 451776
452003 452078
452232 452332
452531 452597
452771 452857
453281 453364
453582 453664
454125 454251
454271 454410
454869 454963
455208 455294
455598 455707
456177 456228
456490 456607
456985 457080
457252 457345
457827 457921
458245 458354
458703 458785
458927 459024
459209 459285
459425 459539
459597 459685
460175 460259
460400 460535
461002 461074
461333 461410
461798 461901
462192 462306
462569 462675
463027 463107
463488 463553
463897 463954
464401 464505
464614 464734
465011 465106
465571 465667
466055 466164
466356 466451
466869 466962
467048 467159
467587 467667
467825 467928
468124 468225
468516 468614
468651 468753
468788 468859
469239 469344
469398 469507
469680 469805
469964 470050
470174 470262
470570 470697
471099 471178
471606 471723
471955 472033
472421 472525
472692 472807
473001 473059
473545 473621
473919 474003
474150 474234
474650 474733
475210 475306
475666 475756
476128 476245
476671 476755
477224 477291
477610 477679
478037 478136
478370 478475
478886 478969
479066 479159
479267 479353
479442 479497
479550 479662
479845 479949
479973 480064
480129 480242
480381 480488
480951 481043
481328 481441
481855 481963
482017 482123
482166 482287
482322 482376
482656 482742
482979 483068
483503 483585
483846 483966
484444 484547
484868 484967
485021 485118
485158 485254
485473 485592
485983 486056
486309 486436
486551 486662
487156 487271
487337 487434
487562 487647
487850 487909
488403 488508
488583 488681
488693 488793
489028 489140
489209 489309
489609 489718
489937 490037
490290 490406
490828 490971
491284 491391
491764 491870
491912 492006
492061 492130
492396 492539
492994 493099
493377 493486
493625 493713
493765 493857
494326 494430
494625 494701
494762 494868
495231 495339
495431 495524
495582 495683
496120 496234
496732 496841
497204 497290
497765 497866
498271 498393
498445 498542
498797 498889
498957 499057
499190 499273
499350 499421
499626 499680
499879 499977
500313 500421
500682 500772
500918 500996
501470 501569
501834 501912
502226 502307
502442 502561
502685 502760
502780 502868
503316 503418
503847 503957
504364 504484
504751 504823
504926 505046
505416 505551
505609 505693
506034 506133
506198 506302
506752 506878
507272 507369
507460 507550
507788 507880
508265 508375
508535 508700
509075 509159
509347 509436
509438 509576
509960 510053
510367 510451
510820 510938
511011 511120
511440 511529
511912 511993
512388 512455
512820 512905
513005 513122
513184 513265
513626 513709
514026 514089
514527 514637
515087 515175
515261 515401
515443 515544
515692 515785
516080 516201
516333 516437
516631 516745
517119 517211
517557 517649
517863 517975
518466 518554
518840 518936
519186 519302
519573 519662
519867 519932
520000 520106
520584 520712
520722 520811
521072 521184
521265 521394
521447 521524
522010 522130
522440 522537
522671 522769
523138 523233
523528 523599
523677 523796
524102 524175
524549 524623
524940 524992
525064 525200
525609 525752
525870 525969
526117 526210
526524 526599
526940 527048
527095 527214
527228 527315
527748 527857
528293 528389
528663 528774
529231 529312
529337 529449
529809 529878
529983 530084
530528 530606
530782 530903
531159 531263
531357 531461
531601 531683
532168 532284
532683 532781
533222 533300
533540 533615
533970 534044
534360 534447
534763 534873
534971 535094
535566 535679
535736 535810
536188 536269
536380 536433
536703 536796
537092 537177
537668 537754
538124 538220
538247 538376
538573 538637
539055 539161
539412 539469
539615 539698
539770 539872
540243 540356
540680 540789
540927 541058
541090 541229
541591 541688
541914 542045
542073 542162
542624 542738
542913 543020
543501 543629
544070 544151
544568 544652
544747 544838
545077 545188
545365 545448
545633 545756
546071 546167
546359 546457
546516 546627
547019 547124
547438 547521
547586 547694
548125 548215
548635 548750
548897 549006
549095 549216
549271 549376
549824 549950
550024 550159
550489 550586
550597 550690
550977 551091
551324 551421
551713 551811
552166 552254
552336 552449
552759 552872
553201 553292
553763 553866
554189 554287
554395 554498
554791 554889
555241 555310
555668 555800
555806 555963
556366 556466
556765 556875
557010 557125
557315 557431
557709 557761
557876 557957
558392 558463
558944 559076
559493 559580
559648 559783
560014 560099
560156 560250
560329 560411
560652 560731
561039 561149
561460 561564
561570 561706
562149 562256
562546 562641
563048 563156
563424 563553
563974 564040
564354 564458
564719 564799
565038 565148
565564 565639
565655 565713
565769 565832
566268 566370
566381 566497
566515 566645
566833 566982
567414 567505
567539 567619
567655 567753
567897 568009
568475 568544
568882 568948
569004 569086
569506 569618
570032 570139
570515 570609
570985 571054
571478 571572
571758 571881
571941 572033
572495 572594
573058 573148
573160 573227
573280 573376
573826 573944
574189 574313
574458 574525
574871 574975
575190 575273
575340 575424
575448 575568
575940 576024
576075 576206
576691 576787
576965 577041
577050 577100
577514 577640
577908 577986
578203 578279
578712 578821
578896 578969
579344 579446
579860 579923
580315 580422
580811 580897
581191 581256
581295 581376
581512 581623
582024 582128
582401 582483
582956 583030
583137 583231
583421 583543
583790 583913
584232 584332
584472 584582
584621 584670
585032 585135
585288 585359
585840 585944
586433 586518
586855 586980
587205 587274
587351 587465
587865 587946
588249 588357
588383 588494
588556 588650
588984 589092
589171 589245
589716 589817
590021 590096
590124 590232
590456 590559
590673 590768
590838 590956
591044 591139
591426 591499
591688 591812
592271 592337
592686 592765
593003 593122
593336 593410
593521 593601
593668 593753
594237 594317
594361 594498
594812 594892
595368 595485
595552 595693
595807 595896
596264 596395
596888 596977
597360 597446
597474 597600
598083 598168
598433 598530
598849 598922
599190 599281
599538 599638
599989 600036
600418 600533
600595 600672
601122 601190
601627 601763
602122 602197
602672 602751
603090 603167
603230 603331
603669 603798
603828 603919
604241 604304
604364 604465
604688 604773
605224 605303
605683 605808
606206 606280
606714 606788
606826 606911
607085 607199
607420 607498
607679 607780
608048 608155
608166 608282
608590 608687
608926 609039
609240 609347
609578 609676
609904 609999
610492 610579
610613 610698
610816 610898
611029 611119
611337 611450
611605 611646
611970 612061
612202 612306
612629 612685
612922 613041
613487 613580
613628 613725
613787 613907
614016 614141
614593 614685
614699 614792
614797 614925
615424 615517
615828 615904
616085 616169
616339 616437
616616 616738
616979 617083
617559 617639
617920 618033
618501 618584
619076 619169
619368 619441
619530 619638
619776 619872
620009 620124
620160 620290
620734 620817
621209 621251
621274 621366
621572 621656
622078 622186
622420 622500
622757 622895
623085 623184
623462 623546
623599 623709
623796 623855
624064 624183
624269 624350
624694 624808
624967 625091
625558 625651
625874 625965
625971 626065
626313 626414
626572 626679
627100 627132
627552 627669
628108 628215
628233 628307
628315 628432
628917 628990
629196 629318
629665 629760
629801 629892
629950 630083
630453 630537
631010 631149
631398 631482
631778 631898
632355 632498
632505 632610
632820 632927
633128 633235
633465 633588
633830 633950
634099 634200
634431 634497
634758 634832
634935 635052
635443 635551
635924 636044
636392 636497
636700 636785
636897 636997
637443 637537
637860 637955
638406 638511
638932 639048
639319 639407
639501 639591
639689 639766
640016 640127
640158 640232
640401 640484
640742 640850
640993 641083
641369 641485
641623 641698
641766 641873
642314 642411
642582 642692
642787 642908
643131 643221
643512 643612
643952 644048
644142 644224
644717 644804
645012 645093
645581 645684
645714 645799
645800 645848
645893 645995
646173 646238
646705 646839
647173 647266
647305 647358
647712 647825
647952 648052
648332 648427
648768 648896
649347 649465
649659 649759
650060 650176
650368 650444
650676 650770
650900 651005
651278 651372
651551 651684
651742 651832
651869 651964
652014 652131
652142 652247
652446 652575
652859 652968
653165 653265
653488 653610
654065 654148
654634 654741
654833 654978
655294 655416
655844 655945
656262 656352
656376 656494
656526 656619
656842 656986
657354 657443
657793 657908
658329 658446
658870 659013
659091 659208
659326 659408
659599 659675
659943 660047
660398 660522
660927 661064
661558 661633
662067 662185
662681 662780
662824 662933
663091 663181
663346 663474
663500 663610
663879 664010
664189 664267
664755 664855
664864 664977
665467 665556
666034 666142
666382 666503
666973 667082
667265 667376
667804 667936
668256 668304
668373 668470
668964 669073
669424 669537
669627 669718
669752 669877
670317 670407
670835 670919
671282 671390
671473 671592
671805 671887
671981 672086
672112 672210
672329 672410
672823 672879
673343 673418
673537 673618
673990 674114
674401 674499
674856 674925
675413 675516
675687 675755
675941 676030
676494 676604
676942 677012
677216 677302
677397 677498
677992 678095
678472 678554
678784 678878
679015 679144
679246 679354
679788 679865
680342 680438
680548 680636
680952 681059
681529 681620
681621 681722
681798 681902
682376 682479
682597 682722
683134 683210
683277 683352
683542 683629
683705 683776
684009 684126
684210 684266
684481 684586
684660 684737
685086 685186
685415 685499
685696 685801
686298 686364
686737 686843
687039 687146
687389 687482
687894 687979
688093 688189
688232 688324
688480 688571
688817 688906
689016 689130
689419 689507
689966 690063
690428 690509
690512 690605
690910 691026
691395 691482
691792 691905
692213 692323
692430 692548
692677 692766
692952 693030
693310 693424
693754 693828
693850 693977
694361 694475
694518 694634
694878 694961
695340 695476
695782 695867
696265 696361
696713 696804
696848 696927
697082 697143
697367 697500
697510 697588
697606 697701
697754 697833
698132 698217
698644 698723
699063 699140
699613 699706
700095 700168
700456 700569
700697 700818
700943 701037
701300 701383
701535 701641
702039 702163
702574 702673
703022 703137
703403 703481
703774 703858
704291 704369
704429 704530
704747 704864
704971 705094
705552 705662
705706 705830
705994 706068
706408 706524
706846 706951
706991 707118
707564 707650
707861 707959
708045 708140
708584 708687
708937 709021
709030 709145
709264 709327
709819 709922
710412 710505
711002 711103
711596 711709
711932 712035
712500 712648
713108 713185
713304 713399
713539 713654
713999 714080
714193 714306
714765 714823
715110 715194
715606 715706
715763 715856
715964 716080
716125 716243
716566 716674
717038 717147
717636 717774
717862 717984
718285 718384
718522 718579
719004 719102
719267 719340
719610 719720
720052 720160
720352 720435
720637 720710
721100 721219
721416 721529
721834 721957
722211 722290
722643 722732
722991 723089
723346 723433
723472 723603
723745 723822
723903 723993
724297 724427
724809 724877
725271 725407
725603 725671
725819 725923
725932 726050
726424 726489
726835 726928
727049 727128
727541 727626
728015 728092
728258 728328
728403 728512
728927 729059
729302 729419
729430 729498
729987 730054
730414 730524
730835 730945
731374 731468
731884 732016
732431 732527
732831 732919
732963 733033
733331 733414
733881 733926
734406 734493
734831 734937
735114 735210
735240 735305
735762 735843
736084 736171
736483 736608
737044 737131
737621 737727
737984 738092
738136 738242
738661 738749
738946 739020
739164 739260
739664 739759
739886 739959
740187 740307
740650 740755
741091 741209
741533 741583
741721 741820
741869 741961
742286 742377
742730 742832
743008 743093
743521 743621
743946 744070
744489 744613
745080 745186
745364 745465
745846 745960
746450 746515
746767 746911
747367 747465
747845 747949
748218 748303
748458 748564
748769 748873
749292 749387
749879 749967
750400 750491
750588 750672
750808 750894
751390 751500
751747 751885
752290 752368
752789 752891
753194 753283
753418 753502
753943 754041
754484 754592
754818 754952
755416 755507
755914 755998
756008 756129
756178 756268
756431 756516
756722 756815
756941 757072
757247 757320
757781 757859
758037 758140
758571 758700
759072 759172
759221 759325
759405 759489
759906 759973
760130 760278
760538 760648
760841 760928
761234 761324
761362 761507
761651 761770
762146 762241
762325 762441
762578 762656
762729 762802
762809 762927
763050 763134
763465 763557
763788 763913
764163 764242
764446 764554
764587 764676
765106 765208
765212 765327
765800 765900
766359 766455
766501 766617
767013 767132
767381 767495
767677 767780
767888 767994
768150 768285
768730 768804
769101 769199
769546 769622
770014 770118
770505 770635
771109 771188
771609 771712
771885 772000
772192 772273
772496 772563
772895 772993
773338 773419
773491 773555
773602 773672
773879 774025
774042 774118
774393 774477
774599 774687
775019 775125
775595 775723
776047 776148
776482 776613
777054 777140
777359 777434
777668 777763
778236 778339
778578 778673
779109 779208
779648 779745
780209 780310
780694 780815
780898 780975
781079 781191
781557 781669
782152 782268
782603 782693
782942 783044
783241 783332
783484 783551
783925 784031
784354 784446
784920 785019
785500 785601
785702 785824
785989 786072
786208 786312
786423 786542
786961 787080
787190 787285
787669 787779
787812 787918
788082 788204
788523 788617
788716 788817
789096 789203
789207 789319
789571 789661
789846 789940
790262 790393
790860 790961
791367 791457
791601 791682
792121 792196
792226 792302
792747 792891
792969 793079
793514 793586
794047 794122
794134 794211
794688 794811
795049 795150
795192 795324
795686 795804
795989 796109
796281 796401
796644 796697
797094 797191
797402 797498
797988 798107
798275 798354
798431 798533
798692 798775
799153 799284
799489 799586
800014 800104
800175 800225
800635 800732
801211 801342
801669 801791
801801 801892
802083 802171
802451 802527
802597 802709
802767 802833
803048 803173
803627 803784
804115 804223
804532 804599
804693 804806
805224 805338
805648 805767
805915 806028
806288 806394
806561 806648
806904 806997
807397 807472
807801 807871
807960 808045
808146 808240
808299 808357
808780 808885
809190 809310
809311 809439
809887 810001
810258 810345
810636 810727
811199 811300
811324 811443
811647 811770
811825 811945
812259 812337
812358 812422
812768 812862
813071 813189
813568 813654
813659 813730
814149 814245
814679 814798
814947 815041
815271 815365
815707 815824
816239 816333
816455 816568
817031 817162
817612 817762
817782 817887
817947 818052
818537 818663
818813 818891
819011 819106
819437 819527
819570 819631
819675 819803
819991 820094
820558 820661
820882 820974
821074 821158
821410 821491
821768 821861
822018 822097
822472 822551
822563 822695
822770 822874
822927 823052
823334 823426
823520 823633
823780 823845
823936 823991
824300 824375
824543 824639
824777 824871
824967 825084
825263 825367
825463 825551
825576 825675
826134 826175
826497 826615
827095 827177
827615 827721
827759 827894
827915 827998
828339 828441
828755 828892
829208 829325
829767 829872
830037 830133
830321 830397
830757 830882
831350 831457
831554 831641
831837 831966
831991 832075
832413 832509
832800 832915
833235 833325
833705 833809
833993 834066
834144 834228
834553 834665
835143 835258
835704 835810
836139 836244
836639 836761
836802 836902
837151 837231
837647 837754
838223 838297
838661 838768
839253 839334
839555 839662
839666 839736
839956 840059
840503 840611
840998 841081
841558 841679
841687 841788
841886 841986
842141 842228
842305 842439
842656 842785
842859 842967
843093 843202
843254 843350
843829 843919
844090 844214
844530 844620
844870 844988
845388 845500
845883 845996
846494 846609
846749 846854
846889 846974
846978 847050
847440 847519
847587 847657
848130 848235
848643 848729
848755 848871
849000 849085
849386 849517
849520 849625
850059 850187
850625 850743
850891 850991
851350 851476
851612 851711
851990 852047
852528 852631
852976 853070
853363 853473
853643 853776
853950 854083
854445 854537
854976 855066
855557 855672
855673 855779
856061 856144
856565 856621
856674 856751
857017 857097
857489 857560
857694 857764
857899 857996
858245 858304
858443 858572
859041 859119
859415 859503
859747 859864
859924 859989
860197 860263
860266 860388
860718 860818
860958 861044
861195 861301
861733 861817
862147 862278
862694 862801
862850 862945
863317 863432
863923 864033
864180 864289
864298 864397
864497 864616
864677 864772
865139 865289
865777 865885
865909 866012
866350 866454
866560 866648
866995 867071
867404 867517
867612 867715
868078 868167
868485 868590
868687 868775
868998 869106
869528 869649
869658 869754
870207 870301
870432 870523
870859 870954
871404 871520
871737 871858
872075 872180
872297 872375
872815 872871
873318 873386
873502 873628
873712 873843
873917 874015
874186 874302
874606 874716
875116 875202
875577 875701
875752 875851
875985 876111
876456 876549
876560 876628
876981 877080
877254 877364
877562 877696
877735 877821
878027 878130
878537 878662
879063 879168
879592 879661
879844 879958
880293 880385
880625 880695
880868 880946
881089 881185
881649 881754
881781 881870
882259 882367
882540 882665
882965 883047
883325 883429
883603 883713
883888 883973
884417 884533
884832 884947
885437 885568
885956 886042
886227 886328
886819 886919
887065 887133
887355 887474
887811 887908
888189 888333
888531 888638
888931 889025
889504 889599
889842 889940
890101 890172
890242 890356
890440 890551
891025 891127
891576 891723
891872 891956
892347 892467
892591 892687
892846 892915
893256 893362
893581 893694
893951 894022
894385 894512
894527 894604
894736 894856
895246 895351
895690 895822
895893 895968
896332 896392
896846 896929
897285 897370
897784 897879
898337 898418
898730 898789
898893 898982
899379 899463
899618 899736
900186 900300
900402 900510
900639 900742
900806 900875
901294 901372
901677 901791
902160 902297
902619 902743
903189 903274
903554 903641
903886 903960
904232 904306
904313 904422
904585 904696
905089 905185
905358 905459
905579 905672
905806 905875
906360 906485
906557 906645
906692 906797
906886 907016
907413 907533
907905 907990
908446 908532
908952 909030
909326 909413
909540 909677
909828 909912
909962 910075
910287 910348
910535 910644
910879 910990
911442 911573
911677 911757
912252 912338
912491 912574
912925 912995
913401 913523
913655 913727
913763 913827
914175 914288
914649 914799
914999 915094
915506 915594
915622 915758
916055 916171
916580 916690
916770 916887
917208 917342
917419 917514
917764 917873
918277 918361
918567 918671
919062 919170
919348 919481
919899 920005
920216 920332
920803 920895
921014 921114
921400 921499
921593 921695
921926 922025
922450 922584
922890 922992
923204 923294
923340 923467
923674 923748
924063 924172
924429 924542
924982 925073
925372 925454
925877 925954
926192 926297
926573 926665
927001 927082
927568 927631
928063 928143
928208 928308
928684 928798
929180 929302
929483 929571
929608 929704
929739 929855
930250 930334
930449 930544
930724 930793
930855 930946
931077 931167
931611 931730
932146 932255
932521 932641
933072 933192
933200 933266
933360 933469
933735 933854
934018 934124
934487 934592
934643 934761
934878 934994
935037 935125
935574 935672
935883 935970
936216 936298
936482 936556
936770 936851
937011 937088
937444 937519
937586 937701
938080 938198
938655 938763
938928 938999
939227 939316
939680 939731
939850 939934
940228 940303
940363 940429
940617 940727
940873 940936
940973 941073
941334 941501
941655 941737
941794 941930
942063 942202
942414 942477
942773 942882
943095 943217
943435 943547
943570 943666
944165 944248
944505 944635
945042 945127
945527 945646
946059 946157
946524 946634
946731 946834
947257 947329
947448 947539
947740 947849
948181 948292
948332 948479
948943 949009
949484 949583
949860 949965
950160 950276
950511 950624
951031 951116
951416 951544
951871 951892
952319 952394
952397 952505
952945 953082
953219 953338
953661 953756
954133 954215
954301 954407
954627 954736
954990 955068
955092 955197
955460 955584
955918 955989
956252 956332
956376 956473
956699 956793
957219 957276
957751 957840
958324 958423
958624 958728
958753 958855
959228 959332
959388 959518
959936 960021
960081 960129
960478 960598
961039 961169
961259 961354
961367 961459
961707 961792
962195 962292
962438 962512
962700 962814
963304 963375
963646 963778
963915 964004
964501 964609
964751 964858
964863 964977
965417 965489
965942 966043
966168 966281
966325 966415
966772 966869
966973 967092
967283 967380
967774 967914
968311 968402
968730 968790
969013 969071
969091 969164
969270 969375
969383 969478
969613 969741
969910 969992
970347 970475
970696 970794
970798 970951
971045 971139
971158 971251
971288 971384
971786 971889
972289 972388
972756 972861
972887 973003
973363 973473
973875 973994
974097 974175
974533 974612
975110 975202
975510 975569
976010 976122
976490 976593
977027 977159
977514 977633
977829 977909
978395 978498
978858 978946
979248 979390
979501 979614
979988 980074
980152 980225
980498 980614
981048 981136
981537 981646
982087 982187
982659 982743
982823 982919
983383 983483
983593 983745
984200 984304
984718 984835
984997 985099
985567 985686
985893 985962
986148 986244
986644 986740
986978 987030
987406 987542
987735 987829
988326 988441
988773 988850
989049 989173
989208 989338
989787 989882
989895 989998
990256 990362
990600 990717
991068 991165
991627 991742
991870 991977
992278 992385
992641 992785
992932 993021
993252 993340
993498 993598
994050 994160
994488 994575
994976 995112
995592 995676
996103 996237
996370 996515
996587 996729
997095 997201
997270 997364
997453 997570
997872 997991
998408 998461
998955 999075
999165 999256
999741 999844
999964 1000053
1000209 1000322
1000713 1000821
1001115 1001225
1001616 1001759
1001941 1002064
1002185 1002252
1002518 1002639
1003123 1003216
1003570 1003673
1003703 1003825
1004199 1004311
1004352 1004440
1004864 1004973
1005262 1005368
1005773 1005883
1006337 1006435
1006507 1006610
1006713 1006776
1007252 1007345
1007667 1007762
1008111 1008195
1008336 1008403
1008744 1008836
1009326 1009407
1009837 1009923
1010368 1010451
1010636 1010759
1011228 1011331
1011810 1011916
1012091 1012207
1012345 1012496
1012932 1013013
1013144 1013247
1013275 1013393
1013673 1013757
1013838 1013941
1014357 1014459
1014876 1015018
1015339 1015443
1015492 1015604
1015786 1015859
1015954 1016049
1016530 1016637
1016946 1017035
1017482 1017599
1017875 1017989
1018481 1018586
1018691 1018784
1019166 1019253
1019276 1019413
1019490 1019612
1019881 1019980
1020157 1020213
1020453 1020556
1020640 1020731
1020820 1020919
1021411 1021515
1021991 1022096
1022252 1022351
1022743 1022843
1023043 1023137
1023287 1023377
1023869 1023964
1024261 1024378
1024843 1024938
1025205 1025282
1025399 1025491
1025918 1025976
1026262 1026354
1026542 1026655
1027037 1027134
1027390 1027478
1027709 1027812
1027991 1028104
1028131 1028236
1028390 1028519
1028659 1028760
1028818 1028913
1029319 1029415
1029734 1029826
1030283 1030384
1030449 1030584
1030960 1031026
1031310 1031416
1031825 1031921
1032209 1032274
1032619 1032700
1032797 1032898
1033094 1033160
1033275 1033381
1033443 1033562
1034015 1034106
1034444 1034544
1034752 1034907
1035377 1035509
1035907 1036007
1036074 1036194
1036653 1036769
1036919 1037015
1037333 1037461
1037905 1038029
1038279 1038371
1038381 1038447
1038551 1038630
1038831 1038949
1039293 1039408
1039744 1039845
1039904 1039992
1040043 1040115
1040286 1040431
1040845 1040946
1041420 1041506
1041845 1041955
1042330 1042387
1042769 1042886
1043384 1043497
1043902 1044028
1044468 1044571
1044919 1045017
1045456 1045535
1046013 1046106
1046522 1046629
1046912 1046994
1047169 1047260
1047442 1047547
1047562 1047656
1047866 1047989
1048347 1048473
1048787 1048900
1049279 1049369
1049729 1049808
1050179 1050272
1050334 1050451
1050733 1050812
1051239 1051357
1051731 1051818
1052245 1052310
1052476 1052586
1052915 1052995
1053318 1053427
1053603 1053691
1054041 1054131
1054322 1054375
1054558 1054627
1055057 1055149
1055364 1055495
1055992 1056108
1056580 1056714
1057098 1057195
1057407 1057494
1057837 1057974
1058374 1058489
1058785 1058868
1059364 1059477
1059950 1060056
1060373 1060446
1060732 1060862
1061119 1061175
1061444 1061557
1061650 1061751
1062180 1062236
1062706 1062813
1062925 1063038
1063076 1063194
1063306 1063385
1063533 1063619
1063648 1063714
1064100 1064160
1064490 1064611
1064820 1064926
1065140 1065227
1065711 1065801
1065901 1066025
1066465 1066560
1066745 1066836
1066935 1067008
1067219 1067320
1067373 1067470
1067851 1067951
1068139 1068226
1068526 1068639
1068642 1068770
1069193 1069323
1069434 1069523
1069970 1070098
1070519 1070635
1070815 1070929
1071093 1071215
1071505 1071592
1071843 1071960
1072424 1072537
1072872 1072998
1073229 1073305
1073462 1073586
1074045 1074149
1074170 1074270
1074271 1074367
1074833 1074922
1075267 1075388
1075871 1075952
1076161 1076285
1076691 1076799
1076825 1076932
1077295 1077395
1077447 1077540
1077549 1077650
1077985 1078075
1078190 1078317
1078454 1078602
1078636 1078727
1079033 1079124
1079222 1079339
1079376 1079481
1079843 1079937
1080397 1080485
1080563 1080642
1080939 1080999
1081496 1081595
1081945 1082059
1082231 1082317
1082606 1082685
1083019 1083098
1083508 1083577
1083964 1084098
1084484 1084582
1084953 1085059
1085478 1085566
1085712 1085838
1086179 1086242
1086270 1086352
1086653 1086746
1087018 1087096
1087497 1087584
1087703 1087794
1087912 1088022
1088097 1088205
1088676 1088780
1088799 1088880
1089320 1089409
1089902 1089989
1090249 1090304
1090630 1090736
1091222 1091333
1091361 1091450
1091791 1091907
1092194 1092278
1092751 1092817
1093057 1093165
1093288 1093368
1093848 1093954
1094193 1094281
1094495 1094612
1094695 1094805
1095279 1095390
1095687 1095791
1095844 1095951
1096101 1096196
1096249 1096349
1096404 1096473
1096881 1096986
1097214 1097313
1097366 1097467
1097635 1097739
1097800 1097885
1098221 1098327
1098808 1098892
1098982 1099077
1099387 1099473
1099833 1099955
1100099 1100237
1100704 1100808
1101135 1101254
1101508 1101628
1102077 1102170
1102384 1102476
1102844 1102948
1103365 1103467
1103695 1103803
1104080 1104170
1104597 1104719
1105197 1105286
1105607 1105724
1106055 1106127
1106604 1106688
1107183 1107277
1107631 1107761
1108175 1108288
1108326 1108448
1108567 1108646
1109091 1109218
1109650 1109713
1110007 1110112
1110478 1110582
1110806 1110914
1110917 1111022
1111389 1111498
1111661 1111763
1112022 1112098
1112114 1112230
1112263 1112379
1112627 1112723
1112834 1112938
1113045 1113119
1113260 1113343
1113680 1113778
1114051 1114203
1114493 1114576
1114815 1114911
1115031 1115148
1115338 1115462
1115808 1115927
1116061 1116163
1116588 1116726
1116971 1117096
1117301 1117404
1117559 1117683
1118165 1118231
1118526 1118634
1118680 1118763
1118993 1119088
1119512 1119609
1119660 1119722
1119889 1119951
1120374 1120466
1120512 1120636
1120984 1121087
1121107 1121192
1121229 1121350
1121392 1121517
1121926 1122006
1122054 1122137
1122264 1122377
1122522 1122596
1122886 1122990
1123179 1123276
1123666 1123745
1123838 1123945
1124093 1124184
1124523 1124620
1124797 1124915
1125123 1125224
1125331 1125438
1125602 1125703
1125894 1126005
1126294 1126393
1126841 1126925
1127158 1127254
1127518 1127623
1127682 1127790
1127965 1128064
1128416 1128485
1128586 1128718
1129037 1129161
1129404 1129489
1129609 1129722
1129985 1130104
1130316 1130463
1130576 1130654
1131063 1131209
1131363 1131468
1131499 1131619
1131692 1131809
1132147 1132265
1132293 1132401
1132699 1132812
1133297 1133397
1133746 1133827
1133945 1134071
1134340 1134426
1134791 1134922
1135221 1135319
1135340 1135394
1135547 1135646
1136054 1136135
1136482 1136603
1136676 1136753
1137093 1137180
1137554 1137617
1137647 1137767
1137925 1138017
1138395 1138473
1138690 1138819
1139221 1139325
1139620 1139701
1139824 1139920
1140127 1140253
1140700 1140806
1141101 1141216
1141372 1141497
1141805 1141886
1142089 1142187
1142354 1142476
1142778 1142874
1143364 1143472
1143863 1143988
1144172 1144300
1144695 1144753
1144818 1144935
1145339 1145404
1145556 1145641
1145992 1146053
1146101 1146202
1146579 1146684
1147162 1147263
1147548 1147629
1147931 1148013
1148099 1148186
1148417 1148516
1148571 1148661
1148987 1149130
1149621 1149693
1149861 1149964
1150097 1150202
1150252 1150360
1150793 1150932
1151311 1151426
1151737 1151847
1152222 1152309
1152614 1152721
1152780 1152872
1153107 1153227
1153385 1153483
1153575 1153655
1153935 1154049
1154070 1154159
1154467 1154554
1154631 1154712
1155138 1155248
1155568 1155694
1155983 1156079
1156540 1156639
1156710 1156803
1157113 1157249
1157615 1157717
1158016 1158100
1158224 1158315
1158430 1158485
1158949 1159091
1159203 1159289
1159742 1159874
1160142 1160243
1160639 1160736
1160874 1160977
1160986 1161083
1161107 1161195
1161200 1161294
1161743 1161826
1162236 1162331
1162624 1162705
1162787 1162884
1163359 1163435
1163631 1163735
1163972 1164093
1164395 1164540
1164928 1165038
1165049 1165159
1165410 1165505
1165777 1165856
1166325 1166433
1166580 1166701
1166919 1167046
1167077 1167165
1167200 1167279
1167741 1167845
1168220 1168295
1168719 1168808
1169222 1169334
1169607 1169765
1169816 1169909
1170248 1170359
1170592 1170690
1170878 1170973
1171355 1171467
1171949 1172038
1172389 1172489
1172781 1172853
1172982 1173063
1173131 1173224
1173289 1173385
1173430 1173552
1173632 1173764
1174240 1174338
1174691 1174781
1175241 1175333
1175368 1175448
1175735 1175851
1175959 1176046
1176262 1176354
1176381 1176457
1176946 1177012
1177428 1177526
1177915 1178002
1178159 1178243
1178299 1178401
1178713 1178850
1179178 1179242
1179564 1179697
1180037 1180119
1180549 1180647
1180848 1180970
1181023 1181119
1181124 1181257
1181474 1181532
1182011 1182115
1182367 1182462
1182477 1182550
1182678 1182806
1182822 1182891
1183112 1183233
1183341 1183411
1183799 1183897
1184357 1184448
1184926 1185056
1185425 1185552
1185828 1185916
1186327 1186407
1186744 1186811
1186947 1187005
1187026 1187125
1187493 1187586
1188043 1188127
1188585 1188670
1189110 1189251
1189376 1189460
1189865 1189939
1190423 1190548
1191023 1191086
1191444 1191589
1191675 1191797
1192216 1192332
1192526 1192611
1192694 1192795
1193217 1193319
1193461 1193516
1193643 1193774
1193792 1193891
1194330 1194440
1194859 1194993
1195230 1195304
1195412 1195485
1195765 1195877
1196290 1196412
1196795 1196897
1197342 1197448
1197719 1197834
1197903 1198019
1198417 1198520
1198772 1198825
1199150 1199229
1199691 1199759
1199992 1200093
1200387 1200509
1200682 1200757
1201135 1201231
1201293 1201415
1201769 1201879
1202194 1202304
1202626 1202739
1203155 1203268
1203505 1203623
1203675 1203800
1204214 1204307
1204493 1204589
1204748 1204840
1205071 1205130
1205326 1205435
1205730 1205820
1206081 1206200
1206629 1206719
1206721 1206826
1207254 1207378
1207630 1207706
1208152 1208263
1208586 1208702
1208927 1209038
1209340 1209455
1209689 1209787
1209980 1210095
1210539 1210628
1210704 1210813
1211103 1211212
1211655 1211766
1212223 1212341
1212481 1212591
1213057 1213150
1213243 1213339
1213381 1213484
1213782 1213880
1214044 1214143
1214429 1214544
1214982 1215094
1215352 1215457
1215711 1215813
1216186 1216277
1216617 1216721
1216847 1216953
1216975 1217091
1217584 1217672
1217846 1217934
1218301 1218391
1218717 1218791
1218882 1218993
1219262 1219328
1219422 1219535
1219868 1219944
1220202 1220332
1220604 1220733
1220734 1220813
1221040 1221144
1221434 1221517
1221865 1221971
1222249 1222326
1222740 1222875
1223157 1223275
1223349 1223438
1223473 1223547
1224036 1224149
1224338 1224400
1224468 1224582
1224732 1224838
1225170 1225258
1225397 1225508
1225646 1225754
1226179 1226288
1226427 1226538
1226966 1227085
1227145 1227231
1227365 1227455
1227807 1227929
1228151 1228241
1228491 1228569
1228819 1228938
1229060 1229189
1229686 1229804
1229833 1229939
1230075 1230156
1230421 1230544
1230799 1230874
1231214 1231336
1231705 1231804
1232058 1232147
1232302 1232400
1232509 1232588
1232863 1232986
1233189 1233291
1233705 1233796
1234207 1234311
1234540 1234611
1234807 1234915
1235311 1235418
1235781 1235894
1236083 1236170
1236590 1236714
1237129 1237257
1237298 1237366
1237719 1237819
1238177 1238316
1238377 1238481
1238543 1238625
1238647 1238777
1239060 1239138
1239342 1239462
1239586 1239680
1240138 1240201
1240603 1240695
1240710 1240828
1240832 1240949
1241421 1241533
1241896 1241961
1242148 1242245
1242616 1242712
1243044 1243146
1243643 1243736
1244124 1244253
1244258 1244373
1244791 1244884
1245272 1245387
1245776 1245844
1245914 1246005
1246476 1246584
1247041 1247192
1247243 1247353
1247368 1247460
1247558 1247651
1247974 1248080
1248574 1248658
1249155 1249219
1249531 1249624
1249826 1249921
1250115 1250234
1250246 1250360
1250522 1250621
1251026 1251107
1251569 1251666
1252068 1252167
1252308 1252387
1252749 1252846
1253188 1253280
1253766 1253853
1254327 1254447
1254772 1254884
1255086 1255141
1255518 1255587
1255899 1255981
1256081 1256182
1256476 1256598
1256713 1256817
1256853 1256950
1257041 1257150
1257277 1257390
1257886 1258000
1258466 1258573
1258689 1258806
1259211 1259303
1259359 1259421
1259854 1259958
1260246 1260330
1260660 1260731
1261218 1261313
1261324 1261434
1261908 1261993
1262125 1262225
1262555 1262660
1263121 1263234
1263624 1263720
1264205 1264280
1264709 1264798
1265288 1265403
1265848 1265930
1266418 1266515
1266781 1266898
1266982 1267085
1267459 1267564
1267807 1267887
1268231 1268297
1268345 1268477
1268482 1268587
1268630 1268730
1268944 1269044
1269361 1269451
1269798 1269893
1270176 1270314
1270553 1270675
1270867 1270989
1271439 1271555
1271998 1272066
1272346 1272428
1272705 1272809
1273014 1273106
1273373 1273474
1273776 1273888
1274034 1274105
1274220 1274333
1274505 1274572
1274948 1275075
1275543 1275614
1275622 1275686
1275823 1275929
1276252 1276373
1276824 1276902
1276920 1276998
1277080 1277165
1277640 1277715
1277750 1277858
1278050 1278178
1278276 1278389
1278418 1278497
1278958 1279060
1279451 1279535
1279757 1279816
1280132 1280237
1280299 1280378
1280407 1280491
1280550 1280648
1281089 1281210
1281329 1281435
1281639 1281733
1282231 1282307
1282734 1282822
1282933 1283050
1283129 1283244
1283426 1283516
1283949 1284030
1284236 1284318
1284339 1284440
1284746 1284832
1284935 1285052
1285368 1285447
1285810 1285901
1285933 1286059
1286082 1286170
1286458 1286568
1286652 1286749
1287121 1287241
1287304 1287418
1287566 1287689
1287745 1287808
1288097 1288204
1288584 1288672
1288726 1288799
1288850 1288972
1289095 1289189
1289622 1289710
1290165 1290264
1290339 1290475
1290840 1290953
1291280 1291363
1291539 1291612
1291910 1291989
1292100 1292182
1292379 1292499
1292756 1292849
1293022 1293120
1293410 1293524
1293862 1293995
1294398 1294524
1294832 1294949
1295146 1295209
1295524 1295616
1295970 1296055
1296153 1296282
1296547 1296644
1297090 1297184
1297465 1297590
1297809 1297905
1298285 1298366
1298760 1298867
1298917 1299012
1299057 1299151
1299155 1299213
1299474 1299570
1299995 1300079
1300281 1300389
1300479 1300552
1300754 1300869
1301018 1301123
1301185 1301255
1301461 1301576
1301801 1301915
1301996 1302097
1302410 1302504
1302927 1303016
1303319 1303411
1303810 1303865
1304263 1304367
1304816 1304902
1305059 1305171
1305417 1305490
1305829 1305875
1306211 1306282
1306316 1306403
1306460 1306568
1306992 1307087
1307362 1307449
1307530 1307625
1307655 1307708
1307873 1307913
1308263 1308392
1308585 1308695
1308910 1309008
1309257 1309364
1309379 1309475
1309719 1309849
1309943 1310003
1310028 1310137
1310482 1310583
1310767 1310838
1311128 1311242
1311673 1311758
1311945 1312023
1312099 1312215
1312377 1312463
1312621 1312755
1312949 1313020
1313313 1313407
1313512 1313659
1313782 1313861
1314343 1314480
1314922 1315004
1315467 1315548
1315970 1316053
1316516 1316654
1316872 1316981
1317324 1317447
1317783 1317872
1318142 1318212
1318361 1318468
1318711 1318820
1319068 1319170
1319290 1319422
1319626 1319710
1319971 1320079
1320568 1320707
1320985 1321084
1321542 1321622
1322084 1322195
1322432 1322546
1322636 1322720
1322990 1323065
1323504 1323580
1323675 1323745
1323840 1323934
1324151 1324255
1324581 1324674
1324896 1325047
1325103 1325194
1325593 1325696
1325834 1325936
1326356 1326480
1326591 1326681
1327158 1327284
1327545 1327654
1327685 1327786
1328050 1328176
1328543 1328606
1328816 1328938
1329121 1329264
1329718 1329851
1330189 1330286
1330695 1330785
1330925 1331001
1331338 1331439
1331590 1331705
1331983 1332135
1332153 1332224
1332307 1332430
1332698 1332824
1332933 1333054
1333057 1333175
1333179 1333302
1333682 1333810
1334192 1334274
1334281 1334374
1334763 1334834
1334892 1335007
1335454 1335553
1335688 1335791
1335814 1335865
1336123 1336216
1336487 1336581
1337042 1337138
1337376 1337471
1337595 1337687
1338114 1338186
1338375 1338448
1338769 1338879
1339339 1339487
1339523 1339628
1339850 1339965
1340323 1340459
1340838 1340921
1341262 1341350
1341422 1341528
1341705 1341788
1342029 1342155
1342329 1342407
1342767 1342886
1342909 1343020
1343486 1343567
1343897 1343975
1344328 1344403
1344780 1344895
1345018 1345115
1345278 1345376
1345588 1345704
1346038 1346138
1346409 1346523
1346974 1347105
1347595 1347711
1347997 1348122
1348614 1348719
1349134 1349244
1349388 1349489
1349970 1350074
1350277 1350359
1350735 1350833
1350953 1351044
1351177 1351280
1351380 1351479
1351542 1351650
1351687 1351791
1351860 1351931
1352258 1352339
1352354 1352465
1352920 1353008
1353390 1353473
1353835 1353907
1353995 1354077
1354516 1354597
1354899 1355042
1355047 1355103
1355445 1355550
1355779 1355922
1356081 1356153
1356211 1356295
1356298 1356379
1356857 1356936
1357109 1357180
1357567 1357684
1358163 1358238
1358735 1358830
1359272 1359364
1359693 1359759
1360096 1360167
1360653 1360761
1361224 1361341
1361612 1361721
1361934 1362029
1362317 1362417
1362624 1362697
1363019 1363132
1363534 1363623
1363766 1363889
1364320 1364393
1364570 1364638
1365095 1365217
1365699 1365828
1365865 1365949
1366044 1366139
1366294 1366424
1366626 1366702
1367086 1367156
1367648 1367766
1367793 1367862
1368013 1368105
1368277 1368363
1368510 1368597
1369067 1369182
1369406 1369516
1369575 1369676
1369914 1370019
1370274 1370346
1370368 1370493
1370809 1370890
1371281 1371363
1371474 1371567
1371608 1371728
1371876 1371978
1372469 1372563
1372885 1372995
1373290 1373382
1373637 1373708
1373828 1373931
1374054 1374134
1374519 1374610
1375081 1375197
1375576 1375666
1375941 1376027
1376262 1376389
1376475 1376589
1377063 1377159
1377478 1377564
1377658 1377754
1378120 1378222
1378511 1378643
1378716 1378791
1379254 1379339
1379806 1379885
1380102 1380226
1380566 1380692
1380767 1380879
1381177 1381287
1381521 1381613
1381694 1381797
1382172 1382269
1382441 1382544
1382872 1382960
1383144 1383246
1383703 1383812
1383982 1384049
1384120 1384219
1384428 1384513
1384861 1384981
1385443 1385502
1385741 1385830
1386196 1386297
1386639 1386715
1386961 1387023
1387052 1387111
1387252 1387310
1387472 1387580
1387598 1387707
1387795 1387913
1388133 1388217
1388552 1388653
1388667 1388781
1388874 1388964
1389189 1389256
1389372 1389494
1389657 1389777
1390263 1390381
1390718 1390805
1390833 1390902
1390908 1390982
1391165 1391272
1391530 1391627
1391986 1392077
1392183 1392277
1392522 1392596
1392753 1392853
1393228 1393317
1393563 1393651
1393735 1393847
1394272 1394366
1394862 1394924
1395345 1395473
1395598 1395722
1396001 1396100
1396309 1396381
1396667 1396820
1396903 1396987
1397343 1397409
1397615 1397734
1397994 1398114
1398151 1398225
1398304 1398416
1398757 1398842
1399087 1399179
1399417 1399503
1399510 1399622
1399833 1399947
1400409 1400513
1400691 1400798
1400810 1400898
1401224 1401320
1401529 1401618
1401783 1401866
1401942 1402038
1402319 1402425
1402867 1402976
1403234 1403331
1403719 1403831
1403920 1404010
1404361 1404438
1404761 1404859
1405114 1405186
1405500 1405565
1405782 1405879
1405940 1406065
1406354 1406446
1406522 1406613
1406951 1407065
1407157 1407249
1407411 1407471
1407487 1407571
1407660 1407764
1407966 1408060
1408119 1408240
1408654 1408754
1409134 1409264
1409682 1409758
1409894 1410003
1410156 1410254
1410414 1410512
1410975 1411062
1411550 1411670
1411928 1412018
1412415 1412509
1412631 1412759
1413247 1413350
1413464 1413585
1414054 1414179
1414500 1414594
1414852 1414977
1415426 1415551
1415851 1415975
1416067 1416163
1416267 1416405
1416603 1416664
1416826 1416962
1417083 1417193
1417351 1417420
1417478 1417565
1417779 1417851
1418038 1418148
1418157 1418223
1418438 1418539
1418561 1418715
1419102 1419191
1419599 1419683
1419928 1420051
1420278 1420380
1420628 1420724
1421023 1421105
1421525 1421631
1421939 1422019
1422143 1422219
1422422 1422558
1422937 1423016
1423145 1423194
1423532 1423646
1423852 1423972
1424183 1424265
1424558 1424666
1425041 1425130
1425589 1425718
1426129 1426224
1426584 1426676
1426991 1427069
1427168 1427247
1427566 1427645
1427701 1427776
1427849 1427943
1428069 1428168
1428182 1428311
1428613 1428714
1428833 1428922
1429104 1429193
1429448 1429520
1429590 1429704
1429860 1429947
1430287 1430404
1430745 1430814
1431076 1431154
1431354 1431437
1431856 1431949
1432220 1432339
1432762 1432822
1433055 1433149
1433494 1433613
1433701 1433842
1434322 1434407
1434598 1434642
1435097 1435174
1435665 1435778
1436272 1436394
1436505 1436608
1436947 1437077
1437132 1437206
1437556 1437681
1438028 1438095
1438511 1438582
1438667 1438765
1438847 1438956
1439043 1439130
1439495 1439585
1439906 1440007
1440376 1440495
1440967 1441063
1441286 1441358
1441687 1441766
1442225 1442298
1442622 1442734
1443130 1443249
1443547 1443670
1443752 1443845
1444212 1444340
1444372 1444448
1444788 1444862
1445124 1445215
1445619 1445712
1446084 1446190
1446471 1446594
1446756 1446861
1447275 1447387
1447637 1447738
1448141 1448210
1448518 1448611
1448952 1449045
1449488 1449589
1450061 1450165
1450403 1450496
1450829 1450896
1451186 1451326
1451446 1451567
1451939 1452040
1452356 1452428
1452689 1452775
1453219 1453310
1453483 1453579
1454041 1454130
1454554 1454679
1454948 1455061
1455391 1455474
1455700 1455812
1456058 1456158
1456292 1456400
1456713 1456810
1457117 1457207
1457363 1457455
1457953 1458050
1458316 1458387
1458545 1458633
1458898 1458981
1459299 1459342
1459516 1459616
1459885 1459999
1460315 1460389
1460513 1460601
1461081 1461131
1461382 1461476
1461540 1461614
1461735 1461810
1461979 1462062
1462161 1462271
1462399 1462492
1462523 1462595
1462810 1462908
1463312 1463424
1463630 1463749
1463984 1464103
1464285 1464389
1464865 1464957
1465360 1465431
1465532 1465655
1465678 1465769
1466119 1466227
1466364 1466462
1466833 1466941
1467353 1467450
1467864 1467969
1468191 1468302
1468380 1468500
1468789 1468908
1469030 1469155
1469553 1469639
1470029 1470086
1470139 1470232
1470582 1470642
1470880 1470973
1471012 1471101
1471385 1471522
1471970 1472088
1472376 1472472
1472764 1472835
1472904 1473006
1473169 1473269
1473691 1473780
1473953 1474029
1474050 1474160
1474616 1474748
1474989 1475075
1475306 1475397
1475495 1475559
1475561 1475634
1475692 1475785
1476132 1476215
1476679 1476791
1477222 1477283
1477714 1477790
1478065 1478139
1478275 1478377
1478510 1478621
1478750 1478831
1479086 1479197
1479322 1479448
1479923 1480017
1480023 1480152
1480545 1480652
1480754 1480835
1481064 1481163
1481410 1481494
1481796 1481919
1482395 1482504
1482710 1482794
1482837 1482926
1483239 1483343
1483810 1483891
1484307 1484465
1484930 1485057
1485302 1485405
1485442 1485535
1485649 1485759
1486028 1486121
1486599 1486695
1486927 1487035
1487433 1487497
1487526 1487626
1487645 1487778
1487784 1487909
1488031 1488107
1488201 1488262
1488490 1488605
1488782 1488880
1488979 1489090
1489198 1489282
1489305 1489396
1489521 1489616
1489663 1489769
1489915 1490027
1490393 1490515
1490608 1490702
1490800 1490898
1491330 1491414
1491743 1491779
1491783 1491885
1492300 1492447
1492661 1492759
1493050 1493138
1493632 1493728
1494217 1494294
1494662 1494773
1495029 1495143
1495597 1495722
1496011 1496078
1496158 1496255
1496376 1496460
1496768 1496853
1497078 1497186
1497541 1497642
1497962 1498075
1498164 1498235
1498525 1498598
1498770 1498900
1499332 1499372
1499440 1499526
1499705 1499802
1500136 1500229
1500480 1500566
1500772 1500860
1500916 1501016
1501327 1501397
1501836 1501912
1501961 1502098
1502311 1502422
1502530 1502649
1503005 1503114
1503284 1503402
1503766 1503876
1504207 1504297
1504458 1504545
1504564 1504674
1504855 1504922
1505141 1505244
1505731 1505847
1506258 1506379
1506845 1506985
1507286 1507396
1507724 1507815
1508043 1508142
1508166 1508261
1508436 1508537
1508603 1508682
1508922 1509034
1509374 1509457
1509815 1509965
1510197 1510275
1510447 1510548
1510637 1510736
1510805 1510893
1511264 1511370
1511735 1511815
1512251 1512357
1512853 1512944
1513065 1513189
1513283 1513399
1513736 1513824
1514318 1514430
1514746 1514866
1514868 1514947
1515181 1515296
1515507 1515615
1515892 1515980
1516103 1516196
1516483 1516572
1516757 1516872
1517365 1517444
1517721 1517810
1518186 1518246
1518410 1518474
1518598 1518702
1519195 1519266
1519415 1519491
1519686 1519786
1520190 1520293
1520535 1520625
1520681 1520787
1520805 1520900
1521352 1521461
1521604 1521720
1521969 1522062
1522078 1522169
1522589 1522679
1523116 1523219
1523591 1523659
1523709 1523791
1524284 1524422
1524430 1524536
1524772 1524867
1525361 1525475
1525656 1525723
1526054 1526134
1526228 1526321
1526662 1526768
1527196 1527311
1527444 1527583
1527979 1528095
1528372 1528472
1528709 1528791
1529162 1529282
1529512 1529600
1529979 1530040
1530344 1530409
1530519 1530611
1530718 1530808
1531212 1531328
1531754 1531882
1532168 1532281
1532631 1532709
1533160 1533253
1533529 1533637
1533840 1533912
1534329 1534432
1534810 1534911
1535158 1535246
1535338 1535383
1535877 1535992
1536425 1536493
1536906 1536987
1537450 1537518
1537590 1537703
1537915 1538025
1538158 1538245
1538288 1538363
1538504 1538577
1538681 1538786
1539049 1539174
1539381 1539471
1539969 1540061
1540497 1540589
1540706 1540784
1541059 1541150
1541370 1541468
1541626 1541675
1542082 1542136
1542248 1542380
1542505 1542580
1542734 1542802
1543082 1543166
1543550 1543644
1543702 1543808
1544082 1544232
1544261 1544351
1544769 1544866
1545153 1545248
1545252 1545360
1545720 1545809
1545918 1546016
1546429 1546539
1546985 1547099
1547367 1547488
1547705 1547792
1548029 1548146
1548374 1548429
1548691 1548777
1548981 1549085
1549158 1549269
1549428 1549553
1550039 1550124
1550590 1550671
1550959 1551008
1551037 1551147
1551554 1551681
1551842 1551935
1552409 1552501
1552866 1552958
1553058 1553164
1553535 1553612
1553648 1553747
1554042 1554148
1554502 1554568
1554651 1554725
1554754 1554843
1555128 1555211
1555681 1555791
1556038 1556125
1556286 1556368
1556501 1556637
1556853 1556920
1557376 1557469
1557869 1557982
1558081 1558158
1558507 1558601
1558815 1558870
1559114 1559224
1559372 1559448
1559485 1559552
1559761 1559873
1560131 1560214
1560527 1560667
1560686 1560777
1561271 1561349
1561550 1561614
1561785 1561894
1562319 1562382
1562838 1562933
1563012 1563147
1563205 1563298
1563792 1563913
1563996 1564144
1564380 1564506
1564592 1564691
1564895 1564980
1565258 1565361
1565543 1565668
1565752 1565900
1566037 1566149
1566338 1566424
1566659 1566723
1566847 1566910
1567210 1567312
1567775 1567887
1568112 1568169
1568337 1568376
1568622 1568691
1568788 1568914
1569348 1569477
1569964 1570057
1570394 1570497
1570954 1571033
1571098 1571205
1571511 1571593
1571791 1571875
1572011 1572123
1572467 1572573
1572653 1572732
1573000 1573098
1573121 1573250
1573701 1573816
1573946 1574009
1574176 1574229
1574404 1574493
1574920 1575011
1575323 1575432
1575707 1575822
1576047 1576152
1576234 1576309
1576334 1576433
1576901 1577009
1577497 1577567
1577847 1577915
1578095 1578196
1578282 1578400
1578885 1579014
1579160 1579243
1579420 1579504
1579738 1579900
1580314 1580396
1580872 1580973
1581139 1581242
1581353 1581423
1581685 1581765
1581878 1581965
1582358 1582465
1582535 1582615
1582717 1582799
1582942 1583050
1583396 1583483
1583875 1583976
1584395 1584508
1584929 1585009
1585429 1585530
1585749 1585885
1586104 1586185
1586407 1586502
1586523 1586605
1586999 1587095
1587118 1587230
1587375 1587495
1587890 1588003
1588151 1588258
1588602 1588716
1589176 1589302
1589725 1589802
1590079 1590177
1590329 1590446
1590690 1590796
1591071 1591189
1591250 1591328
1591406 1591508
1591722 1591789
1592251 1592321
1592424 1592563
1592872 1592973
1593141 1593280
1593711 1593783
1594187 1594266
1594286 1594393
1594467 1594546
1594920 1595025
1595317 1595443
1595517 1595639
1595808 1595894
1596234 1596344
1596675 1596799
1596801 1596916
1597027 1597157
1597260 1597367
1597572 1597683
1598003 1598139
1598404 1598514
1598877 1598988
1599335 1599432
1599868 1599933
1600403 1600490
1600596 1600685
1601004 1601107
1601170 1601297
1601628 1601738
1602222 1602299
1602635 1602750
1603140 1603224
1603384 1603460
1603610 1603732
1603847 1603951
1604163 1604224
1604587 1604684
1605044 1605152
1605590 1605702
1605986 1606076
1606139 1606255
1606688 1606819
1607057 1607159
1607233 1607346
1607669 1607775
1608234 1608366
1608781 1608890
1608938 1609044
1609359 1609461
1609935 1610001
1610099 1610220
1610690 1610779
1610800 1610877
1610968 1611066
1611137 1611224
1611554 1611621
1611633 1611767
1612024 1612106
1612440 1612543
1612754 1612842
1613189 1613315
1613665 1613771
1613898 1613999
1614299 1614362
1614528 1614614
1614940 1615052
1615054 1615144
1615522 1615602
1615708 1615788
1616184 1616255
1616295 1616391
1616774 1616865
1616997 1617142
1617419 1617503
1617827 1617898
1618144 1618244
1618682 1618796
1619190 1619287
1619369 1619471
1619686 1619779
1620063 1620154
1620616 1620695
1620838 1620959
1621149 1621259
1621430 1621522
1621718 1621810
1621894 1622023
1622213 1622319
1622618 1622737
1622842 1622950
1623342 1623467
1623677 1623788
1624089 1624220
1624696 1624787
1624995 1625101
1625508 1625650
1626014 1626103
1626488 1626591
1627078 1627161
1627335 1627488
1627914 1628040
1628405 1628530
1628980 1629052
1629380 1629506
1629601 1629714
1629916 1630003
1630126 1630216
1630611 1630722
1631090 1631209
1631409 1631520
1631549 1631644
1631903 1631983
1632260 1632374
1632400 1632506
1632686 1632817
1633298 1633381
1633822 1633905
1634390 1634484
1634914 1635015
1635344 1635452
1635459 1635569
1635591 1635699
1636075 1636170
1636384 1636486
1636535 1636623
1636958 1637098
1637478 1637561
1637570 1637646
1637831 1637926
1637974 1638075
1638510 1638628
1638772 1638865
1639158 1639237
1639245 1639380
1639871 1639957
1640099 1640184
1640637 1640748
1641222 1641336
1641793 1641871
1642257 1642356
1642411 1642499
1642644 1642771
1643081 1643171
1643455 1643564
1643743 1643843
1644284 1644397
1644819 1644937
1645232 1645335
1645735 1645846
1645900 1645978
1646174 1646263
1646719 1646825
1647243 1647349
1647570 1647680
1647916 1648017
1648048 1648175
1648186 1648261
1648265 1648340
1648448 1648563
1648666 1648762
1648915 1649018
1649185 1649277
1649554 1649631
1649857 1649937
1650344 1650422
1650549 1650664
1651093 1651172
1651180 1651309
1651350 1651433
1651911 1652035
1652386 1652456
1652897 1653024
1653291 1653349
1653822 1653943
1654033 1654168
1654301 1654398
1654660 1654776
1654787 1654888
1655307 1655406
1655771 1655865
1656347 1656426
1656620 1656757
1656922 1657010
1657058 1657197
1657303 1657422
1657603 1657739
1658238 1658346
1658633 1658736
1658858 1658988
1659277 1659358
1659588 1659663
1659772 1659891
1660173 1660255
1660337 1660460
1660816 1660917
1661227 1661335
1661449 1661552
1661761 1661837
1662206 1662314
1662404 1662492
1662901 1663010
1663297 1663393
1663454 1663559
1663626 1663702
1664065 1664135
1664312 1664410
1664690 1664782
1664888 1665000
1665483 1665602
1665975 1666055
1666464 1666564
1666710 1666783
1667013 1667125
1667576 1667665
1668046 1668149
1668197 1668283
1668741 1668829
1669024 1669119
1669466 1669580
1669817 1669887
1669908 1669986
1670147 1670238
1670496 1670611
1670967 1671063
1671335 1671470
1671499 1671587
1671936 1672038
1672042 1672161
1672504 1672608
1673005 1673120
1673408 1673497
1673707 1673813
1673968 1674078
1674466 1674570
1674592 1674688
1674846 1674962
1675197 1675290
1675561 1675675
1675848 1675979
1676204 1676312
1676525 1676658
1676996 1677126
1677379 1677474
1677559 1677647
1678003 1678119
1678350 1678458
1678493 1678623
1678902 1679004
1679215 1679343
1679620 1679724
1680127 1680198
1680680 1680807
1680988 1681105
1681336 1681435
1681858 1681957
1682349 1682462
1682686 1682770
1683039 1683134
1683172 1683293
1683447 1683533
1683649 1683747
1683931 1684056
1684292 1684403
1684717 1684816
1685128 1685252
1685278 1685391
1685701 1685767
1686000 1686108
1686481 1686597
1686984 1687068
1687438 1687512
1687758 1687832
1687939 1688033
1688133 1688248
1688689 1688773
1688862 1688956
1689277 1689354
1689376 1689501
1689962 1690068
1690544 1690616
1691050 1691135
1691295 1691358
1691537 1691662
1691982 1692046
1692119 1692202
1692561 1692629
1692771 1692859
1692960 1693071
1693331 1693425
1693584 1693668
1693747 1693845
1694085 1694211
1694353 1694437
1694884 1694993
1695089 1695178
1695650 1695753
1696250 1696295
1696347 1696435
1696822 1696928
1697070 1697169
1697225 1697328
1697412 1697464
1697835 1697956
1698412 1698525
1698891 1698996
1699296 1699418
1699592 1699715
1700204 1700286
1700735 1700780
1701127 1701236
1701477 1701568
1701719 1701827
1702168 1702271
1702529 1702649
1703010 1703112
1703523 1703593
1703758 1703846
1704251 1704322
1704633 1704711
1704791 1704941
1705051 1705139
1705296 1705367
1705393 1705478
1705789 1705877
1706080 1706198
1706518 1706581
1706586 1706645
1706868 1707014
1707373 1707529
1707685 1707766
1707988 1708105
1708590 1708708
1709041 1709114
1709285 1709394
1709712 1709818
1710093 1710169
1710454 1710569
1710781 1710865
1710892 1711019
1711501 1711605
1711898 1712006
1712264 1712360
1712461 1712562
1712696 1712799
1712980 1713042
1713496 1713618
1713850 1713941
1713955 1714044
1714459 1714536
1714760 1714853
1715001 1715121
1715472 1715594
1716076 1716168
1716303 1716428
1716454 1716546
1716771 1716882
1717230 1717341
1717795 1717859
1718043 1718147
1718303 1718407
1718768 1718878
1719322 1719408
1719761 1719852
1720278 1720389
1720715 1720794
1720882 1720975
1721391 1721486
1721495 1721579
1721797 1721927
1721932 1722030
1722080 1722183
1722515 1722638
1722780 1722885
1723367 1723461
1723772 1723858
1724115 1724187
1724388 1724511
1724674 1724735
1725104 1725199
1725303 1725407
1725777 1725864
1726252 1726330
1726493 1726584
1726625 1726721
1726949 1727071
1727309 1727415
1727458 1727557
1727970 1728079
1728198 1728298
1728499 1728612
1728821 1728881
1729253 1729351
1729522 1729651
1730074 1730165
1730475 1730565
1730822 1730908
1730991 1731064
1731260 1731316
1731784 1731879
1731910 1732011
1732319 1732432
1732850 1732938
1733128 1733243
1733347 1733438
1733676 1733796
1734151 1734220
1734712 1734811
1735092 1735200
1735628 1735777
1736167 1736265
1736555 1736611
1736995 1737085
1737383 1737462
1737558 1737663
1737768 1737877
1738088 1738206
1738387 1738523
1738718 1738807
1739288 1739382
1739708 1739789
1740100 1740220
1740258 1740366
1740859 1740971
1741016 1741102
1741459 1741566
1741952 1742044
1742463 1742572
1742735 1742797
1743243 1743338
1743678 1743746
1743915 1744012
1744438 1744572
1744816 1744912
1745223 1745337
1745393 1745495
1745991 1746102
1746135 1746227
1746639 1746737
1746852 1746944
1747248 1747335
1747414 1747548
1747616 1747742
1748105 1748191
1748674 1748751
1748752 1748841
1749146 1749244
1749711 1749836
1750161 1750251
1750644 1750753
1750995 1751132
1751227 1751350
1751381 1751481
1751940 1752075
1752081 1752181
1752280 1752364
1752749 1752841
1753068 1753131
1753401 1753526
1753899 1753975
1754046 1754162
1754339 1754434
1754861 1754966
1755272 1755376
1755525 1755614
1755848 1755930
1756002 1756096
1756284 1756393
1756875 1756962
1757254 1757357
1757554 1757628
1757877 1757989
1758464 1758568
1758883 1758986
1759426 1759520
1759911 1759990
1760390 1760473
1760509 1760602
1760698 1760782
1760988 1761050
1761394 1761468
1761843 1761984
1762184 1762289
1762390 1762459
1762563 1762656
1762886 1762979
1763441 1763536
1763975 1764063
1764480 1764572
1765063 1765145
1765289 1765396
