0.00000000 17.46720000
0.16650000 17.46720000
0.34070000 17.46720000
0.54880000 17.46720000
0.76840000 17.46720000
0.96520000 17.46720000
1.16200000 17.46720000
1.31720000 17.00150000
1.47990000 16.88500000
1.67300000 16.88500000
1.84710000 16.41920000
2.06280000 16.06990000
2.25970000 15.83700000
2.45650000 15.02180000
2.64950000 14.67250000
2.83120000 13.85740000
3.03180000 12.80930000
3.22480000 11.76130000
3.41030000 10.36390000
3.55790000  9.08300000
3.70170000  7.68560000
3.84560000  5.82240000
3.98940000  4.07570000
4.11050000  1.97960000
4.22410000  0.00000000
