-0.00380000 35.16740000
 0.10220000 34.93450000
 0.23850000 34.93450000
 0.43150000 34.81800000
 0.61320000 34.93450000
 0.79490000 34.70160000
 0.96520000 34.58520000
 1.09390000 34.58520000
 1.29450000 34.46870000
 1.45340000 34.11940000
 1.60860000 34.00290000
 1.74110000 33.77000000
 1.86220000 33.53710000
 1.99090000 33.07130000
 2.13100000 32.72200000
 2.26720000 32.37260000
 2.45270000 31.67390000
 2.61540000 30.74240000
 2.76310000 29.69430000
 2.91820000 28.64630000
 3.06960000 27.36540000
 3.21350000 25.73510000
 3.36110000 23.75550000
 3.50870000 21.54290000
 3.64500000 19.33040000
 3.77370000 16.41920000
 3.89480000 13.74090000
 3.98560000 10.94610000
 4.08400000  7.80200000
 4.17110000  4.65790000
 4.25440000  1.51380000
