0.00000000 52.40170000
0.21200000 52.40170000
0.41640000 52.40170000
0.62450000 52.40170000
0.82130000 52.28530000
0.99550000 52.28530000
1.18470000 51.93600000
1.37400000 51.70310000
1.57080000 51.35370000
1.75620000 51.00440000
1.94930000 50.30570000
2.16500000 49.60700000
2.36560000 48.79180000
2.53600000 47.62740000
2.71390000 46.46290000
2.90690000 44.71620000
3.18450000 42.85300000
3.20210000 40.64050000
3.34600000 38.42790000
3.48220000 35.63320000
3.62230000 32.13970000
3.75090000 28.52980000
3.86070000 24.45410000
3.95910000 20.72780000
4.05370000 16.65210000
4.12570000 13.04220000
4.19760000  9.19940000
4.27710000  4.77440000
4.34520000  0.23290000
