427
288
444
246
167
431
420
153
20
101
69
72
196
326
38
72
108
447
226
360
289
266
284
488
135
375
464
328
135
320
151
460
412
32
64
419
279
54
126
41
442
111
182
322
417
10
115
235
56
104
4
367
324
265
149
13
319
276
97
26
142
322
146
283
55
314
419
403
105
310
73
412
320
142
442
132
150
290
346
254
233
298
401
206
101
433
131
121
107
185
36
192
303
310
301
289
415
444
452
140
141
207
68
322
470
492
81
226
206
348
434
293
237
123
174
463
483
7
64
338
486
464
240
178
40
355
478
150
23
190
148
134
389
454
56
239
497
265
88
320
388
285
47
142
462
160
379
276
285
450
432
486
254
346
121
233
249
39
452
487
316
70
194
315
442
203
198
380
107
104
57
1
96
245
276
446
419
308
379
444
459
422
42
405
204
355
266
176
134
267
114
206
426
108
47
288
332
181
2
417
325
227
75
252
173
165
78
367
497
249
295
301
248
154
130
459
355
227
298
120
311
41
218
24
37
49
399
378
235
362
114
76
480
491
88
161
9
87
435
364
153
29
55
312
354
210
270
84
268
418
35
391
357
225
215
418
237
488
469
409
436
359
115
348
156
82
251
64
316
15
407
449
379
247
154
77
485
228
195
278
184
87
463
317
164
410
339
45
328
39
201
373
173
196
307
441
297
403
293
242
323
367
205
185
462
115
276
331
292
232
10
291
255
103
71
162
13
50
391
400
7
57
84
285
37
497
451
142
379
28
458
313
451
146
67
422
397
170
411
149
310
154
180
182
312
246
53
143
426
95
218
26
18
238
57
129
253
120
462
124
437
387
3
76
333
408
13
271
160
188
151
272
474
475
140
305
283
375
393
134
282
133
24
128
481
178
402
286
453
10
92
48
467
155
363
101
143
455
67
81
343
396
229
70
72
286
338
323
164
479
74
15
213
11
129
96
390
219
278
337
416
224
464
410
165
314
147
296
352
405
111
319
452
238
60
341
167
155
92
46
135
402
234
382
446
195
354
2
315
306
307
457
352
394
217
479
368
314
166
66
37
366
129
461
106
133
407
389
131
211
150
482
259
176
418
316
446
419
422
360
256
159
255
272
278
436
450
426
152
28
171
382
171
252
198
148
97
202
304
394
329
442
38
318
182
455
249
162
133
55
47
259
178
320
443
319
125
260
331
325
3
205
484
18
335
143
29
380
186
308
458
426
103
467
282
485
340
368
469
346
28
132
141
171
289
337
134
243
262
93
30
125
149
33
306
42
460
174
26
385
235
396
27
3
210
356
64
92
97
220
162
38
100
499
408
195
470
81
443
128
482
184
415
400
397
383
144
244
198
458
163
177
69
300
182
264
262
225
99
386
347
116
277
81
270
212
140
9
159
391
271
299
68
417
66
284
33
341
488
194
377
45
406
411
402
287
322
375
16
362
292
485
250
384
384
348
462
233
20
208
225
235
292
463
424
145
334
480
265
106
204
60
58
267
385
283
141
372
495
413
329
242
25
35
145
254
147
206
157
213
273
305
136
377
489
451
230
483
461
328
469
80
454
20
34
315
129
406
92
239
228
244
95
250
369
435
498
84
53
432
151
32
190
403
155
16
41
451
156
183
73
292
126
319
230
338
96
105
56
87
399
324
89
190
351
459
265
140
362
81
55
296
6
427
245
318
468
170
31
446
412
214
27
149
333
251
122
234
169
279
359
59
453
44
302
242
267
465
5
294
455
465
353
468
140
227
35
256
424
303
171
348
291
452
188
306
330
228
80
71
211
84
140
261
81
477
232
159
208
105
456
218
199
350
32
101
210
256
159
71
327
433
271
382
331
210
24
34
158
366
355
252
471
114
368
103
395
381
189
491
85
333
178
407
420
17
76
246
383
6
165
164
281
118
404
89
335
456
181
258
127
74
37
75
298
274
86
399
39
256
57
62
133
411
55
3
212
53
286
333
492
426
332
446
490
6
449
91
460
221
139
333
162
185
160
207
483
368
365
450
498
234
474
189
51
432
184
444
194
410
289
282
123
485
112
323
134
64
385
255
387
231
321
94
17
200
473
425
403
373
443
237
305
69
265
223
89
51
255
261
369
465
434
498
120
169
118
366
235
130
127
436
494
161
148
232
150
423
291
468
415
22
63
396
357
182
337
141
226
237
239
78
281
166
131
317
460
109
59
102
202
97
463
249
439
380
375
305
64
51
113
361
449
118
379
120
340
177
383
379
391
329
443
499
466
253
456
291
205
17
470
399
478
38
451
111
456
357
242
434
169
483
205
114
102
41
228
477
277
212
254
280
291
125
464
10
434
173
340
11
129
356
48
365
326
459
165
285
61
13
393
202
257
461
291
355
469
257
294
9
232
118
269
287
65
383
254
454
230
155
390
14
153
187
387
307
287
403
124
247
337
354
335
439
396
44
42
495
462
209
372
493
8
253
144
252
333
256
492
161
161
366
432
60
455
193
104
189
119
272
205
428
329
251
497
1
433
487
344
313
221
9
296
482
404
81
370
485
16
211
34
337
382
391
89
112
300
465
309
485
223
487
376
174
302
156
59
417
445
221
301
185
431
71
167
374
467
132
394
405
466
435
247
331
435
89
233
364
233
430
450
42
216
388
26
50
486
441
19
475
242
217
285
345
127
461
270
439
492
313
406
281
307
239
190
99
122
67
396
243
143
345
442
367
30
29
434
35
194
171
427
337
99
173
163
21
326
290
39
371
350
266
202
68
378
232
211
404
240
317
228
442
317
78
151
294
37
299
140
445
244
137
167
291
167
197
237
206
236
303
20
181
323
264
177
244
84
469
339
179
346
289
344
353
301
454
174
382
277
343
27
481
421
111
115
467
198
64
276
472
182
378
65
381
6
140
302
322
328
495
113
124
477
142
360
105
300
75
134
356
220
308
53
442
331
27
4
398
38
65
471
482
337
22
115
300
135
280
130
493
242
353
378
397
200
211
406
191
257
243
116
389
277
154
83
403
400
496
368
473
407
366
211
250
493
45
99
402
170
187
458
468
404
119
340
403
291
6
21
283
331
293
272
55
96
186
127
440
217
84
333
493
350
78
336
265
155
302
357
439
399
191
316
201
453
205
112
168
495
488
421
339
275
1
167
59
213
336
491
17
198
362
94
80
52
30
282
298
62
338
354
230
64
167
474
127
17
188
360
466
115
67
117
273
320
464
124
77
311
131
218
304
144
17
280
307
266
124
199
47
34
151
374
251
123
229
81
451
181
80
385
331
216
274
19
238
300
412
37
207
211
84
409
115
471
365
494
1
286
497
232
23
5
204
242
330
438
85
488
99
96
481
423
106
361
240
490
121
271
152
263
43
235
444
261
468
20
334
168
448
61
236
317
10
324
373
419
98
429
80
384
123
266
84
416
276
465
2
68
110
142
12
325
93
218
146
323
285
215
271
294
198
498
216
47
2
200
30
98
228
121
397
404
152
85
346
361
294
286
408
228
368
396
406
133
13
435
105
254
147
363
411
125
136
477
19
361
258
247
494
461
54
290
61
207
375
87
477
219
377
188
453
246
220
106
210
417
41
464
124
316
334
94
1
309
58
13
330
353
202
195
452
407
322
485
168
179
220
239
321
364
52
488
399
174
365
405
320
409
149
135
306
277
249
368
391
374
475
429
280
421
19
82
171
351
226
376
255
456
2
51
194
32
445
458
189
321
159
44
316
217
292
109
233
349
308
98
272
486
325
251
351
397
163
497
171
462
232
113
124
48
330
206
20
116
173
173
138
225
401
218
492
465
424
132
289
423
393
73
52
254
131
168
442
318
64
407
296
1
332
313
154
191
88
311
356
160
374
196
416
36
2
101
243
310
382
342
105
272
438
363
266
451
106
315
494
380
393
280
238
188
302
304
165
479
236
388
419
87
492
308
364
175
435
73
110
198
97
48
89
78
365
242
308
379
476
446
119
67
131
51
322
111
250
161
201
186
14
475
122
457
40
66
414
220
494
216
450
303
376
389
391
355
199
391
228
54
2
451
427
263
223
258
168
127
98
82
430
75
405
345
192
1
487
118
29
330
139
13
337
142
370
234
380
486
283
207
32
24
439
486
486
86
185
340
241
365
181
78
243
213
300
491
114
74
260
203
84
491
216
168
260
128
378
314
32
287
362
85
118
483
303
402
196
182
158
470
173
288
307
31
381
119
25
28
116
39
203
44
140
431
197
333
367
135
277
34
262
281
312
142
11
103
192
176
276
282
480
452
86
333
310
125
360
51
105
91
222
488
205
417
147
387
374
28
97
359
116
59
174
374
97
35
387
365
74
22
404
193
480
164
316
84
46
134
13
21
453
302
270
401
157
84
382
52
377
132
343
198
129
120
148
382
176
373
194
2
295
247
241
478
445
469
64
22
27
154
182
177
69
272
324
268
146
372
292
215
221
364
40
473
347
177
74
249
10
42
5
461
426
173
68
393
246
466
181
367
197
45
430
20
266
488
25
256
207
455
212
476
335
311
274
386
146
346
91
195
409
196
201
25
428
213
277
194
183
58
126
125
306
295
433
196
395
103
238
264
216
48
474
486
443
318
417
201
417
474
257
255
174
414
441
106
205
136
299
448
135
441
412
372
49
318
386
420
360
435
6
484
25
63
202
183
305
360
451
315
261
165
313
406
433
298
282
53
433
57
421
328
62
40
371
271
422
299
407
22
460
371
69
300
292
221
319
204
131
64
201
315
50
89
12
417
209
148
247
316
115
49
216
428
291
46
82
263
80
24
409
63
435
243
399
134
360
451
445
389
425
400
327
337
349
246
430
309
191
11
35
262
197
195
127
65
413
118
426
396
175
185
78
280
353
406
280
141
266
238
317
30
208
438
235
481
364
465
201
176
169
344
201
397
292
445
453
17
108
94
190
404
185
175
196
132
396
120
423
296
241
51
120
274
273
303
239
167
102
140
409
24
92
369
156
119
21
479
151
483
68
317
205
21
58
409
487
54
150
74
470
341
128
110
223
343
187
241
320
100
150
44
451
121
339
286
394
259
345
197
225
65
475
282
141
296
301
388
422
56
155
353
191
214
117
376
106
6
46
133
459
50
280
374
468
142
328
129
48
94
229
376
164
122
263
115
377
285
71
243
165
404
207
351
302
256
266
105
219
181
241
430
158
131
179
91
179
80
152
73
242
497
450
160
322
115
138
169
190
249
203
138
341
230
317
63
265
70
417
177
416
256
271
163
61
303
327
40
345
472
248
167
497
454
397
244
420
98
229
145
290
128
360
137
381
280
468
206
87
474
46
476
126
334
193
388
302
329
352
145
238
445
67
29
360
365
260
348
161
441
294
8
150
235
421
40
61
44
399
30
101
171
73
403
97
473
312
129
305
189
348
280
275
144
266
170
255
197
465
393
242
426
363
197
279
123
21
289
281
381
291
19
349
148
358
347
150
15
198
65
464
499
272
317
22
13
211
303
27
200
145
214
420
340
237
367
237
27
155
224
371
238
349
182
352
118
407
296
424
393
61
301
342
230
109
243
456
478
448
326
320
192
265
86
267
357
376
355
110
268
318
312
19
79
180
432
233
118
412
161
234
271
146
74
156
187
255
124
436
25
422
177
173
445
279
313
182
433
175
320
160
214
57
179
315
53
185
129
114
489
498
443
73
438
432
99
154
301
133
161
61
105
466
155
158
337
214
181
75
118
312
238
28
231
453
94
376
398
101
399
53
434
135
301
454
195
265
481
255
35
126
283
444
193
317
196
83
164
3
263
456
348
1
168
269
188
367
53
56
8
389
177
203
295
361
105
327
305
116
389
175
132
485
331
96
162
201
105
174
312
116
291
321
406
6
102
420
422
100
138
231
50
272
396
119
348
69
454
397
362
368
208
464
305
493
171
33
160
127
46
21
455
282
345
315
24
42
337
357
63
155
398
362
471
56
63
33
229
232
479
274
72
211
258
70
108
231
12
360
188
295
102
341
337
166
182
239
128
453
343
30
433
257
2
138
292
313
286
200
207
183
180
378
17
236
326
468
277
122
354
152
238
355
94
246
443
259
496
93
219
150
427
39
493
131
7
36
138
170
13
315
498
113
273
188
115
479
490
3
360
33
86
270
318
476
59
116
91
154
189
481
93
383
396
93
412
159
211
50
412
215
231
371
88
230
282
249
223
387
104
42
404
107
383
165
146
162
235
176
445
411
208
354
369
141
470
319
370
342
188
487
260
177
270
100
70
207
347
184
61
251
454
415
304
45
311
43
403
296
335
499
111
124
226
92
245
460
34
442
118
251
172
204
293
488
285
457
68
6
124
224
360
147
186
181
40
254
39
446
259
333
277
313
185
219
343
462
139
129
407
122
424
204
37
152
142
384
207
125
75
281
109
329
86
238
287
64
267
228
75
288
152
327
127
11
314
388
339
81
222
34
462
477
356
430
430
58
199
298
66
278
94
425
273
73
358
187
3
236
402
198
237
36
488
93
273
179
460
387
68
402
452
178
415
6
18
359
136
73
299
143
46
21
146
438
112
343
271
232
370
210
51
98
268
116
419
432
12
189
233
167
294
459
468
421
221
220
299
68
128
264
331
399
147
318
418
388
161
105
289
234
183
177
335
443
108
361
436
40
415
256
462
490
364
37
353
353
266
142
6
151
163
203
68
494
186
147
313
182
99
145
216
103
22
131
67
452
365
339
484
3
453
263
455
381
227
178
412
94
314
413
423
366
343
17
301
486
309
80
105
28
221
429
291
370
185
26
119
43
117
246
495
405
336
444
346
438
480
434
356
383
212
163
190
364
195
493
86
323
369
58
319
119
205
364
48
269
93
463
143
277
109
408
268
324
180
224
32
383
326
95
138
162
473
436
80
23
197
269
397
414
419
483
222
223
33
218
244
339
469
43
387
136
32
205
423
454
242
303
38
223
243
128
148
242
371
71
340
27
47
477
151
293
250
486
482
427
281
63
388
247
24
92
301
354
353
320
305
70
87
140
469
244
25
489
301
471
320
41
296
361
142
329
73
278
240
70
326
496
497
324
343
395
343
245
248
322
454
186
271
460
366
196
216
26
221
252
35
186
304
192
206
474
411
472
312
22
200
339
64
74
342
257
282
412
277
445
44
165
147
54
90
149
366
428
309
276
206
312
218
250
59
298
470
398
417
465
371
483
20
152
91
93
282
135
117
105
323
433
472
422
387
178
124
87
331
326
469
268
93
156
281
358
126
396
463
363
28
451
306
488
32
351
281
185
284
144
269
73
456
175
282
58
383
93
145
179
374
97
212
390
342
381
177
421
183
337
313
296
360
258
28
334
3
409
46
36
317
33
363
485
100
111
480
379
135
305
83
440
153
417
60
458
90
141
281
18
346
366
176
413
138
155
69
95
278
188
439
61
374
266
210
76
44
268
443
80
493
29
138
469
117
390
467
331
88
161
231
74
151
2
430
139
335
425
223
483
130
6
397
320
232
155
492
362
170
438
128
302
126
160
343
393
170
84
323
368
172
1
140
294
26
80
51
50
64
141
435
207
44
316
347
475
83
313
357
456
328
72
121
320
416
461
178
477
336
490
2
35
85
435
149
305
447
324
226
281
198
483
317
215
312
56
176
395
223
24
365
410
101
239
59
30
234
47
256
128
211
405
267
355
466
348
229
116
253
446
380
54
259
317
220
412
453
275
145
219
253
313
250
321
355
162
345
237
212
273
245
2
163
17
53
208
77
139
159
244
142
27
121
486
284
215
382
134
47
108
51
401
149
287
273
137
322
247
392
113
357
485
475
465
70
178
239
150
168
475
323
207
471
424
492
400
20
52
240
158
372
433
109
61
36
444
399
307
238
436
395
19
117
226
200
147
34
130
155
141
456
203
64
204
75
108
9
193
454
38
101
402
97
188
74
45
53
413
17
259
96
346
174
468
377
43
345
395
39
90
179
276
135
386
208
67
276
225
42
477
31
183
195
178
123
306
36
425
371
469
319
145
132
178
78
28
135
367
478
156
266
226
201
178
16
224
79
328
316
298
287
263
453
127
149
477
499
371
208
26
485
235
100
277
379
206
34
73
176
241
33
390
359
103
221
430
284
300
150
443
371
80
427
114
257
430
250
11
411
425
444
205
390
401
460
232
342
328
293
444
390
89
87
19
215
21
193
415
219
85
395
445
30
478
273
381
488
28
354
45
67
120
276
349
187
181
414
334
293
476
261
31
30
160
447
454
149
333
131
486
94
291
392
26
212
202
146
38
51
200
134
293
499
245
217
59
401
209
445
483
218
371
447
17
423
54
158
177
296
58
461
407
20
460
126
226
205
376
148
414
297
284
260
239
192
232
313
373
7
448
153
430
210
208
494
192
324
104
265
35
215
390
478
454
87
337
9
491
29
305
399
110
175
284
351
472
499
94
363
277
208
374
195
424
405
411
471
219
101
133
190
378
85
49
26
26
495
107
340
171
414
393
76
261
9
265
281
88
436
407
380
473
431
383
466
246
45
212
482
85
135
38
393
286
260
236
379
436
185
79
115
252
37
480
215
362
315
420
30
192
221
319
387
472
203
221
143
63
120
71
110
314
435
270
441
353
485
286
391
378
55
117
348
357
282
455
73
343
147
178
406
253
170
459
227
115
272
350
489
20
493
254
33
160
129
106
106
295
411
123
6
121
411
237
74
165
175
443
306
441
450
421
214
465
394
27
250
373
328
22
415
386
105
114
313
306
92
86
430
140
17
466
147
250
275
372
87
310
63
194
75
398
419
148
179
319
351
254
383
342
10
36
435
264
264
310
307
410
469
336
291
328
122
236
377
260
163
279
201
397
236
75
119
160
190
63
286
329
174
23
106
137
323
127
62
329
194
227
213
411
197
103
202
53
178
391
487
188
25
45
300
366
319
462
166
421
57
391
153
49
400
336
216
185
132
402
376
308
44
223
165
268
459
1
39
152
463
40
393
405
157
22
151
36
59
338
470
35
434
324
349
36
296
24
384
209
182
141
55
400
121
398
447
68
301
235
71
302
241
291
362
115
468
159
176
48
284
101
225
387
58
240
343
308
60
489
447
299
168
484
329
457
229
212
301
265
472
474
18
470
121
228
496
429
485
141
401
96
236
476
129
498
480
417
85
282
329
151
150
23
239
141
279
322
257
267
66
481
363
45
174
190
495
27
337
348
298
130
280
155
265
342
68
139
3
269
138
456
96
473
216
112
2
30
80
124
141
123
383
19
457
109
300
172
247
490
462
136
254
373
243
17
79
344
19
289
338
12
226
91
124
363
233
159
329
19
406
4
361
284
357
440
282
15
244
311
278
242
495
223
415
435
82
170
281
37
402
325
73
283
113
71
460
410
284
215
7
292
245
327
206
477
259
411
226
58
61
36
227
13
3
307
313
385
229
71
371
427
59
390
374
99
484
177
358
210
120
193
352
356
403
299
137
26
481
65
20
105
195
312
179
93
464
61
19
488
145
34
7
353
17
182
298
404
183
159
211
23
186
80
82
400
231
483
285
389
391
179
499
381
474
333
393
68
268
428
2
53
190
324
441
63
84
382
471
62
297
348
167
249
79
328
343
155
381
49
210
263
198
165
71
407
273
423
248
410
94
334
199
126
199
392
340
146
425
381
24
170
226
470
152
467
342
412
33
187
199
111
333
421
249
199
426
255
80
5
460
240
347
186
327
198
389
163
280
76
64
306
149
93
413
42
260
240
27
384
288
333
402
415
32
121
31
247
27
148
492
384
163
366
222
309
424
115
29
50
177
247
218
311
64
315
330
383
446
187
89
61
88
114
26
264
386
479
24
57
146
10
226
105
21
412
482
255
341
422
81
184
194
59
149
251
59
406
223
350
184
287
167
86
323
407
383
69
4
28
292
177
433
153
366
353
355
86
209
395
351
339
487
415
384
141
432
173
92
484
152
486
18
170
439
192
247
141
225
475
129
305
368
205
111
336
464
50
318
48
231
325
127
305
409
381
337
234
476
184
375
138
53
275
8
346
480
216
28
207
325
469
368
63
58
422
351
310
250
401
15
486
303
266
77
23
181
426
26
447
292
73
44
127
320
139
497
194
310
250
272
477
140
200
13
6
485
298
445
406
286
419
251
214
229
280
235
490
375
430
22
127
135
388
369
189
81
429
120
27
125
81
453
235
221
434
429
192
171
359
107
1
102
221
408
264
204
124
317
159
130
377
192
186
454
425
114
22
499
440
499
95
54
439
54
148
483
166
439
186
497
358
344
151
398
306
141
430
370
341
470
125
359
25
173
138
246
139
355
135
192
113
355
90
53
99
224
319
452
10
393
143
77
191
379
341
88
485
66
465
191
364
111
63
306
204
66
249
71
378
360
168
414
252
81
48
205
89
378
180
441
24
460
75
428
50
282
283
172
387
254
463
152
345
399
86
163
272
164
82
453
216
155
328
455
138
166
110
35
385
395
16
146
84
113
324
175
117
94
241
218
404
452
441
95
273
32
474
15
270
317
496
368
448
360
338
429
227
179
499
298
312
357
168
86
45
258
259
387
272
289
183
432
187
292
232
67
498
406
98
175
10
188
139
471
135
312
189
224
442
406
141
192
31
162
198
185
374
21
426
434
262
21
138
201
390
61
375
111
300
85
211
393
193
388
159
330
267
30
77
91
99
393
398
244
380
74
145
295
83
453
133
123
347
379
109
314
143
459
446
425
121
441
304
190
257
487
103
85
326
237
202
492
338
422
449
363
124
254
164
37
20
341
278
422
139
382
140
131
101
419
333
46
442
413
118
263
202
316
252
139
99
103
57
119
301
381
420
249
180
322
61
379
142
52
128
362
422
108
376
376
22
341
104
224
295
191
5
350
308
111
34
263
231
144
93
70
11
375
308
220
492
277
142
203
64
104
263
112
369
89
165
315
377
269
213
203
369
170
307
370
196
22
418
32
315
230
284
168
133
19
444
254
395
162
463
231
473
168
390
130
411
270
119
78
202
79
450
372
475
131
102
303
197
393
260
31
359
441
365
177
116
355
44
28
339
444
292
330
336
400
345
446
352
447
209
95
87
290
176
439
452
173
79
243
433
456
448
371
432
265
327
385
436
280
181
260
289
272
389
440
43
300
239
225
274
153
122
316
123
177
180
353
103
223
227
4
310
99
36
322
455
203
178
338
107
406
4
44
494
82
298
66
101
279
236
223
80
62
33
85
190
229
121
409
75
125
417
461
342
410
88
471
346
37
167
454
201
332
354
27
430
1
386
189
335
363
462
88
87
270
167
281
330
121
400
95
124
17
438
283
445
260
463
47
155
82
148
36
32
135
13
463
100
404
259
183
197
25
9
370
71
155
492
330
260
249
304
350
18
