122
339
622
849
1117
1135
1296
1624
1765
1985
2369
2581
2914
3082
3450
3766
4140
4441
4637
4803
4867
5111
5277
5294
5463
5543
5842
5988
6267
6533
6739
6806
6934
7024
7062
7096
7439
7831
8115
8160
8447
8519
8883
9148
9536
9580
9643
9860
9914
9959
10054
10060
10168
10388
10415
10524
10737
11057
11115
11377
11411
11448
11732
12110
12196
12386
12577
12892
12899
12923
12998
13037
13201
13412
13692
13907
14186
14494
14632
14644
14648
14944
15140
15487
15534
15560
15943
15974
16150
16159
16527
16709
16765
16815
16914
17294
17554
17599
17832
17924
17960
17968
18054
18170
18452
18583
18709
19040
19401
19713
20108
20342
20527
20919
21293
21527
21824
21950
22206
22524
22898
22948
23136
23399
23462
23473
23493
23800
24175
24491
24517
24741
25064
25338
25677
25870
25897
25966
26302
26449
26474
26558
26636
26697
26768
27099
27431
27642
27773
27922
28214
28580
28900
29273
29432
29466
29748
30140
30478
30831
30928
31258
31528
31770
31997
32090
32222
32540
32670
32991
33136
33163
33497
33871
34228
34287
34331
34722
34854
35223
35232
35570
35798
36022
36079
36462
36673
36891
37151
37417
37750
37985
38125
38265
38632
38664
38985
39077
39119
39137
39381
39586
39707
39953
40207
40531
40835
41064
41219
41435
41635
41822
41853
42162
42435
42543
42602
42896
42981
43161
43560
43949
44203
44512
44723
44967
45070
45390
45666
45783
45826
45985
46101
46136
46266
46267
46343
46496
46804
47143
47517
47801
48173
48431
48607
48618
48843
49207
49579
49620
50018
50344
50545
50774
50826
51176
51407
51424
51560
51878
52164
52389
52700
52874
52961
53305
53480
53484
53514
53823
54128
54457
54641
54875
54897
55131
55395
55676
55840
55978
56313
56636
56941
57183
57257
57323
57365
57404
57597
57656
57853
58174
58216
58587
58968
59183
59213
59357
59612
59874
60060
60108
60265
60497
60798
61133
61201
61361
61387
61704
61848
62034
62246
62274
62421
62780
62919
63033
63402
63509
63742
63901
64247
64281
64513
64757
64897
65141
65474
65512
65658
65737
65856
66042
66264
66342
66653
66836
67166
67309
67463
67546
67639
67937
68311
68655
68714
68922
69048
69212
69589
69682
69929
70120
70331
70515
70650
70930
71302
71658
71892
71976
72312
72366
72450
72807
72993
73141
73308
73330
73336
73420
73436
73749
74100
74342
74526
74535
74771
74946
74953
74958
75166
75288
75557
75878
76089
76187
76334
76722
77071
77249
77570
77968
78255
78579
78901
79292
79687
79788
80182
80373
80555
80840
81078
81303
81479
81816
81996
82157
82399
82623
82919
83038
83049
83107
83330
83449
83598
83729
83985
84286
84469
84809
85033
85347
85644
85795
86170
86371
86560
86867
87087
87190
87273
87559
87627
87890
87993
88125
88185
88236
88631
88895
89199
89295
89680
89971
90311
90652
90918
91102
91445
91751
91755
92040
92264
92524
92705
93086
93218
93277
93623
93884
93921
94058
94228
94444
94759
94870
94989
95264
95492
95550
95756
96141
96455
96522
96734
97013
97164
97233
97387
97583
97649
97711
98049
98286
98587
98892
99091
99400
99544
99874
100045
100166
100439
100689
100713
101084
101328
101413
101687
101847
102004
102128
102285
102475
102559
102839
103217
103289
103596
103704
103722
103838
103953
104325
104393
104395
104608
104725
104868
104929
104932
105021
105170
105393
105643
106000
106373
106544
106795
107027
107116
107320
107438
107708
108107
108155
108155
108305
108565
108610
108651
108962
108965
108992
109369
109420
109665
109802
109932
110147
110181
110363
110516
110664
110982
111039
111270
111620
111775
112143
112268
112453
112563
112922
113017
113225
113266
113274
113658
113925
114205
114259
114444
114681
114963
115068
115432
115730
115925
116124
116338
116624
116900
117016
117047
117077
117244
117524
117828
118113
118175
118239
118584
118622
118688
118709
118861
119175
119302
119611
119692
120082
120213
120539
120708
121020
121054
121294
121612
121751
121956
122090
122404
122779
122879
123224
123381
123722
123864
123949
124169
124194
124494
124622
124982
125216
125381
125398
125546
125793
126122
126366
126731
127110
127147
127474
127590
127738
127937
127987
128253
128321
128565
128696
128977
129240
129312
129591
129757
129870
129967
129984
130000
130267
130577
130906
131130
131460
131755
131845
132087
132109
132144
132523
132810
132849
133133
133346
133479
133616
133965
134021
134212
134538
134887
135129
135266
135516
135623
135752
135919
136202
136291
136472
136713
136792
137178
137505
137819
138144
138177
138379
138426
138434
138446
138500
138660
139059
139063
139222
139580
139584
139765
139989
140077
140266
140599
140681
140912
140913
140947
140964
141010
141175
141371
141644
142020
142375
142773
142855
143017
143254
143390
143509
143523
143772
143774
144076
144211
144307
144485
144753
144889
145243
145266
145583
145783
145878
146044
146306
146507
146625
146881
147234
147383
147638
147930
148193
148239
148591
148758
148858
149171
149523
149786
150174
150491
150889
151180
151463
151854
152202
152567
152902
153171
153383
153633
153993
154128
154128
154496
154531
154908
155104
155494
155513
155745
155841
156179
156314
156607
156726
156904
157023
157086
157341
157415
157709
157868
157918
158124
158464
158660
158667
158675
158915
159027
159382
159582
159658
159910
160250
160295
160386
160594
160685
161051
161142
161342
161726
161978
162326
162437
162629
162906
163213
163442
163537
163856
164202
164383
164617
164719
164844
164887
165065
165199
165220
165556
165604
165697
165933
166010
166279
166620
166771
167160
167345
167543
167562
167894
168227
168616
168948
169166
169327
169460
169519
169807
169938
170320
170323
170338
170511
170854
170944
171237
171407
171783
171998
172113
172477
172561
172698
172726
173067
173090
173483
173815
173886
173980
174278
174480
174637
174733
175100
175152
175305
175638
175979
176105
176401
176661
176680
176943
177080
177424
177679
177727
177907
178106
178335
178386
178526
178692
179079
179475
179738
180026
180372
180482
180872
180985
181330
181593
181725
181916
181947
182204
182494
182676
182962
183079
183401
183477
183743
184102
184234
184279
184606
184749
184822
185179
185381
185449
185811
186159
186499
186568
186853
187092
187434
187771
187771
188125
188157
188444
188713
188818
189171
189245
189459
189604
189976
190030
190221
190493
190738
190758
190831
190892
191084
191173
191229
191407
191614
191734
191800
192020
192175
192268
192642
192976
193243
193514
193670
193691
194008
194174
194179
194254
194430
194517
194690
194694
194988
195373
195604
195835
195936
195950
195980
196083
196453
196818
196886
197174
197535
197606
197862
197983
198015
198127
198429
198489
198730
198983
198987
199182
199479
199861
200030
200349
200457
200485
200510
200750
201065
201159
201225
201301
201429
201692
201769
202166
202562
202933
203185
203523
203643
203708
203874
203889
204094
204280
204626
204803
205117
205434
205710
205854
206104
206243
206499
206722
206808
207056
207112
207459
207837
207976
208220
208530
208680
209012
209135
209464
209515
209797
210187
210371
210610
210689
211074
211241
211292
211639
211935
212183
212194
212400
212756
212841
212873
213091
213298
213623
213868
213999
214359
214675
215029
215194
215283
215493
215510
215786
215812
215911
216060
216162
216305
216688
216779
217103
217478
217704
217884
217973
218009
218031
218283
218402
218778
218780
219055
219233
219525
219764
219958
220227
220281
220488
220602
220640
220684
220921
221053
221163
221536
221910
221959
221966
221989
222110
222265
222269
222428
222595
222861
223090
223107
223345
223645
223861
224255
224505
224582
224712
224799
225012
225214
225381
225721
226040
226351
226670
226676
226970
227288
227417
227754
227833
227967
228099
228443
228604
228939
229044
229239
229627
229939
230084
230220
230540
230938
231258
231263
231349
231687
231911
232120
232241
232385
232630
232972
233177
233332
233610
233966
234277
234375
234771
234868
234902
235265
235562
235836
236102
236226
236231
236604
236923
237256
237305
237528
237829
238156
238421
238476
238813
239023
239038
239167
239510
239843
240165
240381
240489
240507
240789
241026
241408
241711
242056
242322
242448
242771
243166
243448
243738
244024
244380
244503
244636
244722
245100
245426
245771
246002
246175
246420
246438
246719
246876
247128
247296
247436
247698
248087
248225
248286
248413
248437
248609
248833
249109
249360
249419
249517
249683
249828
250137
250359
250533
250825
251095
251226
251554
251629
251894
252045
252139
252144
252253
252483
252594
252809
252820
253187
253299
253683
253748
254077
254327
254408
254724
254815
254976
255275
255292
255427
255795
256101
256357
256539
256631
256870
256982
257023
257099
257275
257319
257705
258075
258398
258437
258719
258959
259264
259375
259470
259856
259898
260271
260537
260874
261240
261399
261535
261882
262248
262391
262664
262861
262923
263088
263136
263205
263516
263687
264045
264126
264448
264508
264889
265150
265490
265584
265797
265945
266248
266558
266860
266873
267069
267154
267332
267515
267864
268165
268510
268880
269043
269284
269511
269588
269878
269883
270089
270425
270778
270811
270924
271153
271209
271589
271767
271897
272244
272416
272627
272778
272947
273128
273220
273471
273819
274052
274328
274719
274767
274964
275306
275372
275616
275742
275886
275944
276270
276600
276974
277096
277307
277312
277545
277635
277922
278105
278202
278309
278451
278515
278541
278707
278841
279107
279502
279644
279859
280024
280056
280171
280468
280670
280729
280939
281088
281314
281594
281809
282003
282336
282681
282763
283109
283313
283647
284004
284115
284239
284256
284324
284660
284678
284913
285297
285430
285715
286059
286350
286483
286592
286809
286825
287124
287168
287209
287267
287506
287745
287827
288024
288397
288424
288559
288931
289244
289576
289853
289897
290187
290363
290619
290693
290891
291112
291502
291693
291719
292021
292250
292415
292570
292638
292980
293096
293180
293419
293689
293741
294028
294269
294273
294275
294337
294402
294678
294848
295161
295465
295522
295868
295915
296045
296067
296389
296716
296929
297297
297590
297889
298135
298333
298517
298567
298932
299137
299312
299373
299487
299614
299842
299877
300048
300212
300482
300484
300726
301019
301030
301324
301461
301554
301682
302010
302194
302479
302816
302938
302993
303358
303438
303469
303718
303954
303967
303968
304307
304560
304859
304923
305111
305414
305697
305943
306087
306482
306666
306670
306680
306684
307083
307164
307557
307633
307680
307982
308326
308334
308334
308579
308703
308880
308893
309026
309053
309381
309594
309933
310165
310275
310639
310955
311299
311624
311709
311740
312042
312279
312389
312433
312641
312686
313040
313421
313686
313898
313923
314089
314355
314659
314816
314919
314944
315251
315453
315819
315899
316141
316528
316532
316683
316979
317137
317171
317389
317569
317643
317701
318069
318264
318389
318479
318587
318792
318892
318969
319188
319265
319583
319842
319967
320059
320096
320255
320338
320567
320772
320873
320961
320999
321345
321346
321460
321609
321970
322169
322489
322608
322653
323013
323279
323319
323399
323796
323805
324056
324140
324255
324649
325004
325170
325238
325250
325526
325806
326135
326526
326663
326911
327309
327698
327967
328124
328230
328241
328536
328742
329090
329467
329818
330092
330404
330481
330708
330956
331298
331652
331973
332134
332378
332721
332957
332998
333015
333301
333502
333625
333669
333883
334266
334646
334770
335156
335475
335828
335870
335990
336284
336615
336857
336892
336906
337126
337259
337382
337515
337790
338122
338265
338548
338607
338845
339243
339244
339595
339847
339883
339894
340257
340479
340812
341128
341193
341418
341622
341918
342311
342680
342862
343049
343225
343328
343576
343801
343981
344113
344116
344464
344773
345018
345127
345331
345595
345804
345841
345954
345983
346174
346186
346262
346359
346471
346519
346888
347132
347269
347406
347701
348050
348378
348687
348848
349068
349245
349303
349632
349666
349926
350160
350365
350695
350876
351134
351440
351448
351745
351817
352103
352339
352498
352836
352892
353072
353295
353562
353632
353749
353836
354119
354387
354502
354619
354713
354737
355000
355038
355373
355460
355625
355863
355864
356157
356522
356623
356978
357031
357392
357585
357667
357974
358050
358271
358619
358660
358753
359080
359432
359578
359687
359689
359931
360296
360466
360828
360997
361228
361479
361599
361876
362031
362332
362534
362799
362838
362888
362889
363100
363270
363311
363457
363653
363768
364054
364117
364207
364261
364363
364431
364701
364806
364972
365037
365251
365536
365567
365753
365758
365794
366009
366242
366259
366592
366756
367127
367204
367399
367659
367887
367959
368212
368279
368562
368713
369005
369049
369054
369144
369194
369531
369567
369616
369701
369927
370058
370432
370583
370679
370903
370929
371028
371305
371436
371618
371654
372035
372223
372415
372596
372630
372738
373111
373347
373414
373692
373860
374238
374599
374930
374976
375234
375346
375534
375790
376174
376509
376513
376529
376616
376683
376940
376951
377172
377443
377624
377645
377980
378103
378218
378346
378685
378806
378814
378938
379109
379254
379272
379412
379604
379733
380050
380062
380203
380357
380746
380889
381266
381524
381858
381864
382052
382229
382529
382683
382701
382752
382805
383045
383387
383436
383798
384030
384168
384463
384803
385119
385149
385499
385791
385876
386175
386303
386552
386828
387054
387096
387475
387549
387814
387972
388287
388456
388612
388811
388868
389235
389611
389706
389742
389930
390149
390541
390630
390648
390704
390796
390892
391210
391409
391465
391632
391827
391955
392164
392233
392618
392917
393094
393367
393468
393475
393864
394139
394220
394361
394431
394452
394655
394799
394905
395148
395205
395539
395643
395891
395894
396184
396202
396409
396739
396935
397268
397324
397367
397566
397923
397948
398236
398624
398965
399079
399107
399307
399350
399530
399583
399585
399846
399960
400279
400632
400947
401263
401358
401655
401892
401913
402109
402319
402432
402690
402908
403167
403356
403689
403827
404159
404549
404733
404821
405126
405224
405535
405606
405608
405652
405955
406212
406603
406963
407290
407640
407700
407960
408075
408282
408567
408610
408977
409076
409462
409697
409974
410020
410317
410555
410679
410729
410902
411285
411526
411627
411976
412188
412558
412909
413228
413608
413630
413979
414106
414369
414632
414837
414993
415301
415420
415625
415740
415861
416174
416442
416536
416901
416949
417080
417274
417451
417833
418136
418167
418390
418398
418675
418785
419171
419549
419836
420157
420536
420781
420847
421038
421253
421330
421538
421684
421708
421903
421939
422142
422290
422416
422645
422862
423075
423416
423505
423885
424107
424295
424298
424589
424979
425026
425335
425504
425666
425898
426034
426322
426364
426654
426935
427119
427305
427591
427785
427996
428214
428216
428558
428891
429120
429225
429405
429689
429732
429752
429911
430011
430118
430169
430367
430523
430667
430949
431199
431298
431585
431623
431808
431924
432011
432262
432463
432740
433081
433272
433644
433768
433835
433924
433929
434163
434187
434535
434879
435081
435438
435574
435739
435802
436071
436245
436607
436729
437050
437087
437187
437482
437573
437718
437859
438215
438424
438720
439087
439266
439422
439465
439763
439985
440263
440419
440585
440855
441084
441306
441511
441818
442210
442454
442501
442638
442948
443185
443271
443498
443878
444256
444394
444441
444839
444875
444885
444959
444997
445009
445063
445135
445145
445393
445501
445742
445818
445922
446046
446274
446434
446736
447010
447193
447207
447561
447586
447763
447809
448098
448205
448541
448592
448661
448753
449096
449327
449598
449747
449812
450061
450139
450400
450529
450808
450938
451206
451581
451669
451789
451977
452019
452080
452165
452194
452550
452681
452887
453064
453353
453654
453875
454202
454339
454564
454756
455153
455520
455675
455852
456078
456265
456645
457009
457341
457571
457856
457897
458037
458411
458806
459041
459372
459464
459618
459934
460069
460260
460518
460840
460847
461159
461471
461540
461683
461722
461942
462013
462401
462422
462577
462769
463073
463161
463274
463413
463680
463853
464114
464494
464532
464699
464735
464910
465209
465254
465435
465545
465877
465958
465997
466010
466393
466532
466710
466767
466911
467119
467320
467395
467790
468078
468369
468629
468693
468945
469201
469302
469624
469738
470074
470437
470722
470966
471214
471326
471477
471801
471802
472005
472370
472758
472901
472927
473276
473536
473578
473704
473866
474144
474292
474494
474514
474875
474949
475108
475477
475824
476025
476170
476246
476291
476624
476807
476855
476857
477229
477236
477600
477646
477933
477974
478249
478359
478636
478687
478733
478810
479154
479231
479295
479497
479637
480008
480184
480311
480646
480673
481032
481120
481465
481480
481716
482050
482258
482510
482786
482968
483306
483467
483732
484127
484469
484835
484884
485025
485242
485631
485935
486209
486482
486851
486919
487167
487213
487579
487611
487883
488047
488292
488445
488624
488863
489016
489226
489273
489517
489621
489728
489891
489960
490248
490408
490698
491022
491327
491723
491869
492129
492272
492571
492773
492925
492933
493221
493534
493829
493959
494071
494293
494477
494675
494821
495086
495200
495317
495695
495695
495985
496190
496351
496737
497043
497413
497726
498120
498364
498637
498958
499129
499459
499804
499949
500159
500519
500556
500772
500890
501233
501485
501860
502095
502457
502751
503107
503188
503401
503527
503665
503686
504003
504254
504571
504693
504783
505086
505098
505423
505800
506166
506486
506527
506658
506713
506747
507056
507275
507384
507757
508138
508527
508634
508886
509078
509199
509217
509578
509952
510080
510144
510382
510505
510689
510700
510883
511011
511018
511305
511541
511573
511798
512043
512397
512753
512758
513138
513183
513563
513806
514114
514329
514495
514738
514988
515058
515136
515338
515531
515755
515806
516114
516486
516628
516816
516963
516968
517130
517458
517672
517886
518129
518131
518471
518551
518733
519126
519255
519575
519807
519934
520208
520391
520711
520904
521228
521495
521666
521866
521873
521933
522100
522180
522395
522747
523123
523452
523533
523794
523865
523938
524171
524399
524703
524824
525150
525496
525512
525810
526064
526240
526628
526811
527004
527291
527292
527675
528070
528192
528576
528733
529024
529116
529506
529706
529899
529943
530281
530495
530893
531011
531379
531697
531895
531905
532263
532562
532826
532954
533153
533206
533288
533507
533625
533766
533971
534078
534278
534459
534542
534574
534723
534931
535321
535619
535999
536363
536695
536942
536974
537009
537335
537413
537667
537929
538152
538241
538510
538689
538808
538865
538939
539236
539492
539583
539654
539955
540183
540399
540653
540901
541279
541369
541521
541801
541998
542209
542282
542301
542584
542898
543158
543331
543348
543569
543706
543890
543920
544176
544373
544765
544770
544860
545151
545363
545574
545929
546187
546519
546612
546906
546989
547305
547586
547896
548197
548273
548645
548976
549362
549603
549643
549985
550019
550286
550674
550705
550915
550980
551089
551112
551317
551527
551808
551949
552222
552444
552796
553052
553064
553336
553524
553687
553980
554343
554460
554687
554740
555011
555317
555490
555650
556032
556401
556784
557014
557316
557626
557916
558119
558269
558413
558522
558644
558931
559107
559202
559294
559497
559781
559966
560186
560549
560655
561045
561109
561405
561634
561800
562023
562253
562416
562539
562643
562803
563061
563380
563654
563737
563983
564152
564256
564522
564872
565077
565203
565439
565557
565778
566129
566517
566899
566993
567305
567621
567785
568126
568379
568617
568869
569183
569393
569433
569698
569863
569940
570241
570434
570502
570858
570987
571283
571419
571792
572180
572367
572699
573015
573066
573103
573322
573479
573705
574061
574393
574459
574738
575023
575420
575783
575783
575798
575971
576205
576506
576766
576944
577129
577482
577511
577712
577764
577908
578079
578351
578547
578612
578750
578808
579019
579188
579244
579255
579313
579464
579640
579769
579901
580096
580248
580460
580572
580892
581291
581469
581628
581760
582071
582332
582431
582747
582829
582968
583315
583470
583499
583880
584203
584295
584663
584746
584871
585179
585252
585452
585812
586115
586175
586342
586636
586662
586809
587129
587411
587513
587804
588133
588368
588543
588760
589009
589128
589166
589287
589368
589628
589910
590205
590372
590679
590835
590890
591164
591554
591875
592105
592226
592406
592724
592825
592932
592941
593157
593229
593474
593774
593854
594213
594421
594431
594800
594956
595308
595648
596025
596335
596361
596686
597043
597183
597350
597693
598018
598384
598486
598568
598807
598845
599099
599485
599770
600084
600229
600259
600624
600743
601000
601092
601355
601644
602040
602148
602228
602302
602562
602840
603136
603285
603620
603649
603652
603911
603914
604285
604507
604566
604928
605224
605399
605737
605925
606121
606519
606907
607111
607287
607658
608025
608345
608533
608803
608902
609246
609334
609533
609565
609799
609866
609978
610015
610391
610400
610521
610621
610819
610920
611289
611489
611734
611873
611886
612018
612051
612275
612538
612582
612908
613227
613587
613687
613763
613903
614183
614512
614591
614637
614830
614886
614936
615079
615166
615390
615404
615740
615791
616136
616534
616832
617015
617148
617332
617390
617718
617885
618007
618212
618448
618494
618724
618889
619009
619310
619326
619635
620000
620215
620435
620721
621030
621270
621351
621423
621449
621697
621697
621815
621826
622113
622124
622232
622338
622686
622708
622725
623124
623497
623824
623965
624199
624226
624499
624616
624906
625289
625384
625777
625784
625823
626043
626401
626450
626501
626772
626933
627291
627634
627883
628206
628333
628601
628831
629119
629412
629503
629754
629842
629957
630349
630717
631021
631364
631467
631715
631959
632117
632221
632380
632476
632596
632860
632993
633312
633546
633716
633761
634151
634208
634406
634579
634934
635088
635322
635332
635362
635465
635862
636091
636266
636269
636283
636455
636526
636710
636768
637081
637317
637492
637891
638055
638318
638402
638754
638822
638999
639175
639201
639345
639416
639425
639440
639473
639778
639849
640026
640354
640712
640894
641133
641490
641608
641622
641811
641832
641918
642117
642433
642600
642720
642898
642967
643148
643489
643678
643993
644046
644071
644174
644397
644530
644840
644999
645146
645388
645456
645527
645665
645666
645993
646002
646123
646519
646905
646918
647080
647321
647587
647704
648001
648053
648204
648449
648600
648863
648961
648982
649129
649358
649523
649593
649766
650103
650268
650578
650939
651232
651534
651692
651857
652222
652522
652890
653287
653680
653839
653924
654276
654604
654944
655047
655341
655379
655649
656045
656371
656628
656974
657136
657506
657611
657847
658022
658410
658418
658434
658525
658600
658722
658738
659048
659362
659513
659800
659840
660172
660226
660262
660586
660739
661086
661399
661587
661854
662216
662517
662797
663123
663407
663789
664086
664106
664283
664625
664783
665049
665433
665483
665537
665810
666158
666534
666655
666797
666978
666997
667299
667676
667715
667937
668209
668330
668546
668859
669114
669504
669545
669891
670165
670217
670390
670629
670805
671179
671387
671512
671697
671983
671992
672004
672403
672475
672809
673131
673250
673434
673651
673708
673764
673871
673948
674213
674272
674340
674567
674896
675132
675354
675747
676041
676065
676126
676246
676269
676332
676630
676814
677079
677159
677507
677741
677781
678159
678266
678493
678676
678682
678820
678923
678933
679035
679107
679129
679488
679516
679563
679586
679832
680088
680094
680209
680297
680331
680356
680423
680685
680978
681236
681327
681618
681651
681762
681854
682105
682494
682569
682895
683006
683206
683503
683756
683950
684250
684618
684959
685336
685571
685831
686139
686348
686452
686723
686893
686968
686976
687228
687618
687851
688007
688128
688237
688296
688581
688934
689309
689522
689765
689850
690084
690394
690628
690920
690976
691258
691410
691507
691823
691846
691973
692007
692176
692398
692432
692726
692786
693176
693382
693586
693819
694011
694361
694588
694850
695020
695027
695142
695158
695510
695815
695935
696088
696423
696646
696687
697062
697254
697570
697575
697688
698067
698240
698437
698694
698983
699238
699284
699462
699542
699880
700084
700248
700322
700366
700608
700791
701090
701299
701605
701980
702150
702512
702876
703094
703226
703338
703585
703681
703785
704140
704473
704517
704891
705128
705372
705387
705531
705651
705972
706353
706728
707084
707180
707519
707682
707716
708092
708382
708767
709140
709491
709831
710192
710557
710905
710945
711116
711351
711572
711818
712088
712150
712306
712374
712375
712691
712844
713186
713384
713617
713682
713864
714089
714302
714663
714976
715085
715305
715588
715896
716079
716124
716394
716730
716966
717067
717461
717556
717692
718057
718242
718521
718844
718953
719269
719470
719599
719610
719787
720143
720431
720701
721004
721334
721609
721768
722136
722256
722630
722953
723022
723042
723057
723328
723386
723613
723749
723905
724019
724094
724312
724438
724699
724780
725170
725381
725494
725881
725953
726208
726504
726649
726683
727031
727037
727112
727477
727505
727591
727889
727939
728042
728056
728143
728156
728263
728633
728656
728784
728974
729332
729410
729432
729609
729971
730127
730451
730555
730640
730898
730902
730938
731047
731260
731434
731807
731896
732288
732356
732536
732824
733052
733275
733606
733791
734120
734180
734435
734630
734685
735076
735206
735430
735697
735986
736280
736580
736740
737135
737224
737580
737795
738076
738397
738465
738796
738864
739235
739365
739708
739884
740108
740108
740434
740501
740644
740651
740803
741180
741293
741374
741436
741578
741784
742041
742136
742414
742629
742975
743258
743583
743631
743860
744231
744508
744725
744738
744937
744958
745346
745423
745705
745889
746221
746595
746902
747224
747492
747743
747805
748011
748149
748465
748758
749136
749336
749449
749521
749854
749967
750096
750322
750345
750492
750724
750870
751173
751175
751181
751213
751330
751542
751839
752000
752208
752527
752602
752615
752948
753166
753395
753757
753905
754228
754320
754499
754720
754844
755085
755135
755194
755289
755310
755562
755602
755869
756123
756334
756518
756883
757262
757532
757627
757856
758026
758370
758477
758744
759040
759169
759367
759597
759786
760143
760412
760538
760686
760870
761117
761153
761307
761377
761689
761879
761996
762123
762317
762704
762804
763061
763198
763289
763555
763768
764156
764265
764545
764576
764691
764932
764976
765344
765702
765964
766097
766233
766602
766933
767039
767386
767505
767831
767867
768179
768371
768404
768531
768577
768692
768913
769281
769442
769788
770185
770255
770539
770546
770910
771135
771437
771682
771757
771883
772002
772229
772354
772690
772738
773103
773329
773389
773639
773798
773888
774007
774368
774690
774904
774995
775366
775597
775727
776001
776193
776234
776311
776525
776835
777061
777390
777693
777899
778238
778593
778991
779295
779605
779678
779756
780096
780235
780520
780549
780716
780835
781192
781291
781590
781702
781924
781933
782192
782448
782795
782920
783282
783431
783697
783822
784045
784247
784431
784825
784898
785177
785468
785537
785883
786219
786484
786589
786915
786966
787115
787500
787827
788008
788122
788236
788634
788758
788889
788948
789112
789459
789797
790182
790542
790842
791132
791220
791304
791338
791598
791892
792075
792095
792399
792729
792837
793207
793359
793460
793845
793980
794182
794201
794250
794491
794800
794852
795030
795098
795138
795284
795426
795747
796117
796223
796473
796735
796942
797002
797336
797463
797585
797803
797970
798224
798437
798511
798537
798541
798751
799068
799357
799680
799897
800281
800572
800575
800591
800726
800945
800999
801110
801248
801344
801474
801614
801964
801997
802302
802509
802797
803040
803057
803318
803485
803638
803642
803749
804110
804244
804573
804880
805048
805208
805208
805273
805507
805714
805868
806100
806250
806421
806511
806596
806980
807309
807347
807692
807710
808039
808173
808553
808588
808925
808951
809099
809412
809539
809584
809955
810108
810135
810296
810520
810880
811041
811266
811358
811640
811861
812057
812212
812567
812754
812830
812844
813149
813205
813472
813707
813826
814007
814053
814116
814476
814556
814735
814938
815216
815512
815683
815769
816078
816470
816524
816800
816810
817005
817357
817626
817981
818256
818618
818724
818815
818822
819132
819514
819640
819911
820161
820419
820646
820920
821190
821459
821819
822169
822484
822727
823011
823285
823575
823632
823892
824124
824397
824420
824777
824946
825076
825141
825181
825346
825439
825753
825794
825945
826283
826651
826988
826990
827218
827436
827676
827953
828171
828517
828763
828807
829137
829142
829388
829631
829800
829874
829896
830064
830212
830466
830587
830619
830966
831219
831457
831581
831794
831798
831830
832216
832500
832637
832881
833069
833359
833651
833788
833943
834099
834185
834468
834542
834826
835119
835337
835447
835677
835930
836230
836325
836528
836796
836992
837067
837463
837605
837960
838254
838274
838449
838664
839017
839070
839380
839387
839488
839872
839950
840332
840501
840771
841015
841227
841385
841540
841847
842140
842304
842318
842709
843089
843413
843532
843886
843916
844047
844264
844426
844600
844704
844920
845032
845382
845777
846093
846259
846369
846567
846662
847030
847365
847458
847596
847675
847933
848159
848366
848586
848970
849367
849385
849542
849661
849782
849800
850132
850392
850466
850478
850820
851211
851289
851359
851663
851969
852138
852317
852450
852808
852826
852870
852961
853252
853403
853428
853565
853611
853996
854219
854497
854607
854934
854942
855074
855453
855544
855559
855592
855647
855945
856338
856384
856752
856878
856967
857166
857295
857666
857835
857901
858204
858232
858406
858576
858975
859047
859047
859143
859508
859644
860040
860414
860458
860665
860832
860933
861207
861590
861674
861970
862033
862242
862328
862559
862843
863139
863243
863603
863831
864054
864298
864655
864869
865204
865602
865820
866148
866501
866658
866754
866965
867213
867599
867682
867749
868079
868124
868514
868824
868890
869085
869321
869418
869735
870016
870327
870474
870693
870923
870987
871152
871551
871807
872192
872240
872261
872615
872873
872875
873172
873569
873605
873846
874111
874232
874497
874581
874758
875059
875327
875454
875550
875948
876288
876302
876436
876816
876959
877112
877420
877584
877867
878265
878379
878427
878822
879114
879352
879657
879803
879856
879890
880253
880460
880621
880740
881115
881186
881472
881496
881623
882011
882018
882255
882319
882436
882456
882499
882778
883032
883329
883358
883596
883979
884251
884453
884850
884991
885326
885399
885796
886005
886395
886508
886743
887014
887258
887348
887588
887592
887842
888162
888387
888591
888748
889023
889204
889239
889345
889426
889536
889661
890027
890421
890646
890752
891050
891317
891704
891762
892075
892319
892403
892617
892647
892704
893070
893110
893270
893430
893591
893800
893962
894024
894196
894202
894331
894553
894831
894982
895156
895439
895642
895961
896163
896493
896496
896728
896764
896961
897213
897218
897251
897520
897753
897791
897895
897982
898105
898217
898437
898502
898750
899042
899185
899185
899458
899570
899768
900080
900282
900633
900659
900851
900874
900956
901205
901391
901516
901809
902162
902482
902493
902877
903125
903207
903291
903481
903778
903810
903828
904143
904156
904509
904619
904900
904961
905120
905250
905521
905833
906052
906354
906680
906875
907158
907164
907213
907609
907964
908136
908197
908209
908334
908431
908575
908720
908927
909119
909218
909246
909351
909452
909569
909578
909934
910280
910427
910803
911038
911406
911604
911749
911754
912097
912257
912484
912821
913214
913229
913560
913908
914226
914558
914818
915064
915266
915275
915395
915607
915804
916175
916504
916641
916770
917042
917198
917436
917830
917898
918073
918112
918391
918401
918438
918553
918723
918742
919038
919226
919583
919914
920134
920270
920525
920671
920835
921232
921329
921719
921817
921905
922104
922258
922432
922657
922846
923054
923180
923334
923368
923528
923819
924046
924249
924527
924618
924783
925115
925461
925597
925993
926276
926423
926817
926872
926949
927125
927473
927713
927902
928247
928429
928547
928696
929019
929196
929336
929678
929692
930060
930196
930317
930654
930891
931055
931164
931492
931568
931736
932080
932395
932537
932810
933203
933256
933594
933974
934018
934209
934537
934820
934838
934895
934988
935145
935350
935665
935755
935875
936141
936371
936373
936607
936987
937330
937388
937612
937970
938188
938335
938591
938881
939171
939432
939449
939760
940091
940244
940588
940839
941078
941235
941443
941816
941898
941913
941961
942210
942294
942684
943080
943280
943520
943661
943679
943927
944274
944488
944775
945172
945268
945513
945791
946073
946353
946412
946463
946853
947046
947085
947331
947645
947990
948258
948314
948654
948752
948756
949151
949469
949621
949940
950029
950424
950656
950747
950931
951264
951357
951571
951661
951901
952102
952423
952638
952911
953062
953235
953384
953454
953671
953793
954187
954230
954504
954877
954913
955258
955407
955660
956031
956237
956419
956524
956736
957109
957497
957667
958063
958153
958481
958576
958702
958816
959100
959271
959513
959683
959891
959900
959922
960123
960491
960546
960802
960955
961136
961504
961877
961974
961997
962199
962216
962325
962384
962779
962883
962936
963242
963267
963323
963620
963751
964011
964368
964748
964885
965064
965076
965376
965716
965731
965755
965926
966296
966690
966906
967189
967195
967455
967767
967892
968256
968439
968625
969015
969200
969448
969583
969668
969910
970083
970237
970491
970636
970755
971075
971155
971155
971423
971464
971534
971619
971639
971852
971897
972169
972525
972533
972741
972847
972870
972967
973014
973345
973350
973736
973936
974217
974350
974508
974703
974902
975297
975465
975667
975990
976109
976338
976691
976792
976861
977211
977378
977435
977645
977947
978274
978642
978678
978685
978742
979095
979329
979607
979901
980211
980500
980804
981181
981392
981770
981832
982107
982374
982563
982580
982615
983005
983196
983472
983857
984213
984588
984789
984839
984867
985235
985616
985895
985919
986131
986162
986298
986574
986807
987197
987205
987327
987526
987784
987943
988258
988620
989009
989173
989495
989833
990232
990602
990871
990941
990949
991082
991215
991332
991352
991538
991682
991900
991941
991956
992039
992278
992318
992390
992453
992658
992794
993034
993163
993318
993648
993725
993856
994202
994285
994628
994856
994886
995173
995542
995770
995987
996022
996421
996702
996816
997087
997272
997623
997782
998044
998243
998634
