28
164
178
321
317
436
339
585
434
586
599
744
462
720
485
886
616
992
845
805
976
908
1127
777
1129
784
1213
597
1086
461
1311
577
1463
744
1497
699
1374
733
1146
715
1269
863
1480
869
1624
916
1532
772
1746
746
1574
858
1753
1004
1949
1024
1953
1167
2177
1265
2094
1363
2033
1303
1943
1181
1701
1018
1835
885
1722
925
1687
1085
1608
1223
1432
1088
1469
900
1690
726
1921
539
1975
544
2083
626
2009
659
1900
673
2136
562
2080
371
2016
459
1952
551
1731
384
1516
468
1367
312
1381
349
1620
343
1647
434
1811
322
1749
508
1500
420
1339
441
1512
531
1450
522
1348
325
1256
428
1308
553
1185
660
1421
564
1296
629
1474
546
1377
555
1298
504
1443
687
1194
758
1068
764
1095
583
1297
544
1056
410
1304
285
1456
125
1377
78
1432
82
1402
166
1296
325
1168
383
1308
247
1555
190
1735
207
1826
273
1601
171
1771
186
1856
43
1989
60
2223
40
2391
217
2623
412
2657
441
2424
408
2362
604
2484
525
2405
516
2614
705
2781
640
2841
542
2886
681
3072
775
3213
759
3068
941
3191
1014
3402
889
3188
823
3311
916
3455
1062
3474
1093
3407
1101
3473
965
3663
924
3433
1009
3395
814
3533
953
3472
937
3319
808
3354
612
3544
721
3695
606
3739
474
3868
592
3947
739
3709
867
3844
801
3920
738
4042
874
4075
680
4219
653
4000
726
4040
694
3894
674
3702
810
3810
1001
3943
1078
3917
1053
4022
1229
4053
1213
3915
1313
4046
1283
3841
1429
3770
1333
3958
1430
4010
1618
3956
1542
3876
1535
4112
1451
3878
1489
3840
1420
3856
1542
3644
1361
3652
1430
3686
1381
3806
1338
3972
1321
4147
1173
4394
1363
4156
1466
4126
1386
3892
1321
3902
1164
3878
1335
4109
1212
4313
1276
4318
1429
4177
1558
4235
1556
4316
1752
4140
1876
4197
1766
4081
1656
4036
1542
4213
1632
4261
1615
4268
1459
4032
1350
4029
1280
3826
1207
3791
1032
3561
1188
3597
993
3612
1166
3509
1275
3552
1474
3366
1632
3372
1764
3462
1913
3683
2095
3918
1957
3848
1952
3976
2144
4141
1988
4303
1922
4289
1948
4394
1818
4317
1997
4075
2157
3960
2281
4070
2241
3923
2223
3703
2233
3487
2274
3727
2282
3904
2158
3694
1977
3450
1882
3395
2037
3159
2177
3048
2289
3139
2269
3247
2337
3394
2491
3364
2595
3365
2618
3194
2537
3014
2666
3073
2685
3183
2733
3366
2860
3510
2707
3444
2820
3582
2967
3752
2938
3650
2954
3867
2800
3947
2662
4128
2758
3960
2669
3779
2476
3649
2278
3879
2390
3798
2359
3808
2535
3822
2392
4067
2503
4122
2415
4182
2607
4233
2608
4284
2458
4213
2302
4262
2311
4335
2129
4386
2206
4151
2016
3975
2134
4034
2205
3986
2277
4204
2163
4282
2203
4126
2029
4322
2126
4347
2002
4313
2148
4518
2058
4651
1932
4621
1947
4662
1978
4718
1961
4607
1984
4727
1814
4949
1746
5157
1864
5009
1735
4929
1906
4771
2074
4758
2096
4751
2004
4769
2168
4955
2288
5099
2390
4863
2301
4776
2334
4744
2236
4565
2064
4332
1880
4200
1921
4248
2068
4062
2161
4093
2015
3935
1995
4023
2136
3855
2203
3702
2306
3894
2190
4073
2293
4274
2116
4380
2007
4464
1979
4463
1938
4517
1748
4419
1899
4380
2000
4629
2193
4632
2376
4669
2263
4641
2435
4809
2238
4938
2068
5171
2064
5132
1928
4888
1733
4780
1795
4869
1746
4880
1579
5099
1535
4950
1486
5138
1378
5089
1442
5243
1540
5027
1432
5153
1514
5010
1665
5101
1542
4921
1725
5141
1561
5164
1588
5335
1604
5371
1554
5537
1678
5556
1829
5749
1904
5923
1860
5849
1988
5910
1795
5812
1987
5739
2022
5944
2000
6191
2170
5998
1974
5827
2102
5820
2250
5720
2439
5496
2344
5360
2321
5507
2129
5735
2133
5950
2082
5877
2143
5677
2319
5660
2308
5530
2210
5282
2243
5073
2223
5049
2263
4957
2450
4997
2319
5221
2189
5340
2373
5168
2426
4944
2345
5112
2272
5086
2389
5213
2357
5219
2479
5230
2431
5267
2545
5253
2657
5392
2800
5175
2826
5181
2731
5024
2890
4877
2877
4716
3014
4516
3068
4711
3053
4724
2861
4597
2822
4481
2936
4454
2836
4544
2949
4674
3074
4636
3152
4460
3196
4469
3056
4635
2868
4519
2776
4464
2787
4564
2955
4799
3111
4897
3272
4954
3441
5030
3314
5086
3326
5105
3288
4876
3169
4986
3148
4940
3080
4712
3129
4462
3272
4620
3109
4864
2997
4886
3054
4707
3034
4674
3037
4457
3140
4648
3110
4583
3164
4388
3282
4309
3379
4207
3360
4442
3360
4225
3386
4260
3215
4336
3236
4210
3145
4139
3311
4306
3373
4480
3320
4699
3411
4574
3535
4422
3381
4581
3370
4415
3196
4649
3121
4801
3104
4926
2918
4785
3016
4870
2956
4978
3087
4789
2997
4817
2913
4878
3078
4781
2886
4934
3027
4933
3203
4829
3396
5039
3538
4974
3362
4978
3323
4916
3285
4925
3308
5137
3129
4921
3221
4867
3297
4804
3305
4829
3448
4645
3316
4733
3283
4632
3182
4746
3181
4626
3000
4560
2993
4443
3130
4239
3129
4348
3124
4116
3237
3975
3203
4016
3189
4263
3014
4092
2969
3958
3026
3802
3031
3680
2916
3637
3078
3414
3250
3611
3258
3843
3403
3761
3561
3706
3365
3603
3488
3671
3661
3582
3589
3347
3690
3333
3642
3531
3664
3397
3590
3359
3629
3280
3706
3214
3741
3023
3936
2961
3952
2988
3852
3053
3666
2873
3620
2969
3488
2800
3626
2585
3507
2473
3682
2491
3483
2436
3411
2459
3452
2415
3417
2467
3530
2697
3514
2669
3612
2509
3747
2393
3689
2378
3529
2398
3627
2543
3817
2399
3747
2275
3845
2039
3848
2235
3825
2151
3732
1975
3895
1759
4048
1712
4137
1722
4191
1617
4005
1656
3860
1635
3828
1455
4011
1331
4171
1136
4016
1079
3879
1094
3894
1271
4009
1397
3997
1459
3916
1503
3721
1711
3841
1545
3734
1411
3758
1522
3777
1384
3587
1431
3497
1609
3470
1749
3588
1666
3765
1592
3627
1519
3613
1724
3475
1585
3608
1444
3692
1615
3674
1587
3582
1471
3456
1479
3299
1720
3485
1854
3396
1683
3547
1563
3356
1584
3276
1757
3150
1780
3314
1927
3231
1904
3298
1781
3396
1893
3459
2045
3589
1892
3403
1836
3528
2073
3727
2294
3873
2538
3887
2553
4035
2770
3851
2691
3693
2661
3884
2469
4071
2286
3897
2308
3810
2461
3706
2471
3895
2562
3921
2428
3860
2524
3770
2318
3711
2242
3612
2031
3709
2023
3634
1934
3777
1973
3850
2079
3949
1864
4002
1853
4025
1965
4016
2122
4160
2175
4132
2289
4026
2123
4134
2187
4144
1993
4016
1843
4068
1951
4139
1911
4233
1888
4050
1667
4204
1436
4005
1618
3928
1426
3915
1544
3797
1400
3680
1387
3626
1170
3511
1220
3386
1086
3344
884
3145
1067
3039
1229
3083
1297
3201
1353
3036
1419
3132
1181
3258
1239
3335
1389
3253
1272
3281
1075
3091
867
3148
1015
2960
1248
3059
1231
3030
1449
3225
1543
3159
1387
2966
1575
3015
1582
3123
1798
3321
1604
3212
1705
3296
1925
3276
1887
3122
2015
3201
1908
3202
1837
3183
2053
3311
2155
3423
2163
3339
2357
3357
2376
3417
2457
3515
2524
3682
2748
3820
2738
3956
2656
3778
2791
3860
2775
3773
3007
3741
3216
3691
2973
3626
3074
3743
2869
3756
2910
3590
3149
3727
3197
3921
3151
3820
3198
3641
3032
3569
3140
3693
3065
3788
3190
3659
3115
3782
3045
3843
2863
3834
2805
3737
2879
3917
2759
4066
2900
4204
2892
4198
2784
4280
2566
4165
2695
4007
2821
4008
2928
3866
2951
4031
3003
4086
2994
4025
3083
4047
3107
4233
3151
4082
3339
3981
3346
3837
3208
4009
3184
3861
3356
3978
3408
3942
3206
3933
3129
4037
3092
4062
3180
4174
3384
4266
3200
4099
3200
3906
3092
3807
3327
3933
3533
4092
3663
4221
3781
4247
3845
4327
3908
4366
3917
4259
3803
4171
3825
4176
3818
4171
3737
4271
3602
4312
3608
4402
3823
4511
4014
4484
3890
4634
3886
4700
4024
4794
4079
4707
4033
4759
4031
4876
4278
4819
4384
4800
4516
4942
4319
5038
4460
4917
4445
5013
4314
4851
4503
4714
4407
4754
4240
4867
4454
4776
4696
4886
4856
4740
4839
4889
5067
4864
5026
4777
4924
4894
5139
4718
4894
4806
4725
4952
4576
5018
4327
5035
4176
4934
4329
4939
4152
4851
4014
4957
3859
5141
4067
5112
3916
5008
3718
5068
3796
5228
3802
5245
3607
5284
3677
5351
3498
5471
3690
5558
3640
5499
3437
5673
3205
5699
3363
5552
3312
5506
3277
5509
3355
5630
3597
5488
3712
5683
3651
5844
3541
5759
3362
5754
3474
5686
3619
5656
3827
5579
3908
5614
4071
5599
4286
5665
4434
5467
4421
5497
4534
5535
4650
5613
4798
5488
5039
5410
5190
5405
5136
5329
5368
5488
5353
5448
5383
5615
5596
5565
5633
5380
5698
5443
5819
5507
5854
5512
5836
5592
5786
5646
5790
5477
5935
5666
5952
5646
5735
5594
5862
5783
6087
5830
6223
5776
6304
5650
6319
5801
6171
5781
6233
5897
6097
5770
6279
5712
6204
5585
6446
5667
6460
5796
6534
5978
6696
5895
6639
5802
6656
5928
6508
5955
6439
5988
6329
6133
6274
6069
6378
6232
6139
6079
6184
6015
6291
5872
6509
5756
6665
5949
6458
6120
6547
6312
6573
6243
6653
6244
6829
6323
6647
6486
6492
6299
6301
6398
6284
6540
6036
6423
6165
6618
6192
6419
6172
6239
6315
6372
6096
6391
5918
6551
6102
6742
6057
6606
6102
6685
6173
6765
6211
6829
6019
6823
6184
6657
6181
6497
6354
6440
6445
6245
6622
6204
6786
6167
6630
6044
6731
5980
6880
6062
6951
5943
6936
6138
6964
6145
6851
6167
6619
6293
6400
6162
6612
6047
6719
5874
6830
5803
6830
5931
7077
6050
6985
5891
7069
5716
7266
5668
7176
5484
7304
5517
7274
5711
7456
5799
7412
5977
7578
6124
7792
5957
7668
5798
7695
5820
7522
5982
7428
5981
7592
5888
7499
5885
7510
5858
7365
5758
7488
5646
7539
5745
7565
5714
7506
5755
7585
5878
7601
5797
7487
5794
7337
5906
7250
6002
7382
6172
7136
6247
7138
6422
6933
6390
6770
6537
6842
6344
6855
6429
7075
6524
6934
6386
6927
6474
6991
6379
7076
6308
7124
6172
7029
6029
7012
5942
6771
6052
6689
5900
6635
6069
6414
6154
6625
6349
6658
6347
6803
6447
6653
6527
6461
6402
6270
6288
6391
6218
6174
6121
6307
6252
6420
6246
6569
6118
6628
6092
6621
6203
6553
6269
6510
6371
6421
6277
6381
6127
6459
6148
6656
6204
6536
6150
6602
6187
6563
6098
6403
5944
6636
5849
6805
5993
6783
6099
6946
5921
6778
6065
6594
6105
6721
6103
6638
6125
6492
6117
6311
5976
6508
6073
6631
6131
6477
5993
6428
6105
6565
6211
6708
6254
6514
6333
6704
6251
6746
6422
6854
6536
6737
6676
6711
6847
6857
6823
6676
6717
6598
6916
6810
6770
6673
6686
6519
6726
6444
6769
6273
6919
6148
7046
5906
6969
5968
6855
5795
6993
6000
7002
5762
7189
5627
7124
5533
7048
5653
6919
5453
6929
5223
6888
5241
6752
5265
6645
5226
6697
5389
6890
5225
6936
5053
6926
5244
6982
5366
7107
5118
7124
5196
6980
5200
6860
4967
6710
5201
6554
5104
6558
4956
6423
5070
6401
5064
6219
5072
6410
5200
6373
5354
6369
5362
6316
5123
6491
4873
6338
4802
6235
4837
6073
4737
5941
4541
5750
4534
5774
4530
5851
4703
6021
4525
6072
4566
5920
4544
5807
4361
5821
4406
5833
4434
5932
4505
5978
4285
5821
4343
5738
4241
5727
4396
5700
4218
5727
4134
5721
4361
5638
4442
5817
4418
5862
4534
5662
4340
5577
4355
5635
4343
5440
4406
5520
4449
5352
4591
5388
4787
5191
4728
5102
4520
5135
4739
5080
4960
5127
4764
5019
4747
4961
4971
4914
4780
4940
4793
5008
4693
5130
4492
5000
4559
5147
4399
5345
4225
5384
4401
5230
4520
5032
4419
5058
4536
5050
4696
4986
4789
5143
4871
5151
5029
5341
5070
5164
5296
5007
5122
4827
4933
4791
4781
4639
4648
4469
4734
4593
4760
4465
4771
4555
4933
4594
5057
4638
5303
4464
5221
4601
5332
4737
5254
4830
5376
4971
5202
4884
5231
4851
5403
4690
5187
4556
5427
4360
5318
4366
5381
4385
5337
4477
5483
4286
5270
4284
5285
4455
5207
4274
5276
4246
5455
4364
5372
4208
5458
4360
5558
4225
5593
4215
5829
4185
6034
4380
6063
4546
5884
4449
6078
4334
5857
4470
5799
4591
5559
4577
5684
4764
5874
4802
6008
4778
5900
4854
5830
4778
5999
4951
5861
5112
5724
5285
5868
5178
6064
4982
5887
4797
5993
4872
5808
5057
5974
5151
6160
5085
6243
4998
6240
5067
6179
4902
6409
4811
6487
4672
6452
4572
6357
4380
6375
4273
6312
4160
6495
4078
6659
3959
6816
3805
6833
3792
6898
3973
6933
4130
7040
4031
7279
4060
7348
3983
7415
3978
7540
3932
7633
3773
7600
3576
7838
3507
7606
3619
7657
3504
7640
3642
7707
3444
7685
3630
7699
3500
7801
3323
7790
3262
7919
3359
7849
3187
8021
3030
7983
3088
8127
3020
8349
2959
8239
2922
8479
2983
8725
2929
8495
3057
8293
3156
8098
3015
8133
2821
8007
2720
7906
2707
7694
2875
7825
3011
7603
3203
7615
3186
7560
3313
7495
3432
7498
3303
7414
3299
7186
3490
7191
3622
7016
3735
7111
3780
7273
3876
7313
3791
7442
3761
7510
3873
7497
4069
7304
3957
7150
4107
7291
4209
7332
4323
7110
4436
7328
4591
7248
4571
6999
4494
6769
4367
6684
4274
6471
4455
6386
4310
6448
4470
6373
4452
6136
4262
6365
4187
6137
4147
6345
3972
6529
3805
6340
3900
6194
3757
5985
3863
6012
4027
6008
3934
6055
3742
6251
3587
6199
3453
6146
3574
5929
3420
5883
3259
5834
3101
6015
2970
6101
3033
6301
3112
6315
2968
6481
3020
6617
3018
6493
3024
6295
3010
6091
3014
6076
2868
6202
2842
5984
2907
6124
3018
6015
3215
5778
3356
5994
3292
6082
3351
6030
3293
6183
3390
6252
3267
6436
3420
6529
3455
6279
3475
6291
3602
6471
3789
6257
3790
6480
3909
6560
3768
6791
3811
7019
3920
6841
4099
6892
4005
6845
3817
6973
3900
7072
3926
7299
3847
7486
4040
7570
4164
7767
3968
7735
3890
7725
3874
7949
3743
7989
3605
7829
3431
7593
3432
7553
3495
7331
3596
7508
3540
7741
3618
7879
3742
7892
3860
7881
3803
8119
3842
8066
3881
8056
3988
8031
3907
7852
4022
7671
3991
7650
3926
7881
3991
8102
3985
7940
3785
8016
3849
8015
3726
7860
3657
7988
3591
8203
3764
8074
3620
8046
3544
8022
3562
8048
3433
8249
3421
8130
3447
7934
3585
8112
3687
7862
3742
7654
3621
7450
3664
7493
3670
7398
3672
7434
3501
7630
3333
7661
3399
7844
3528
7845
3455
7940
3276
8047
3371
7901
3525
8126
3529
7911
3668
7687
3600
7763
3575
7528
3474
7471
3638
7410
3756
7374
3638
7267
3469
7151
3651
6970
3719
7201
3633
7212
3572
7291
3533
7454
3569
7466
3531
7566
3663
7393
3802
7390
3644
7203
3521
7148
3491
7272
3351
7294
3507
7474
3616
7661
3789
7592
3592
7529
3624
7579
3659
7456
3598
7229
3628
7478
3668
7529
3555
7421
3741
7627
3873
7626
3713
7540
3823
7737
3797
7522
3602
7313
3570
7332
3446
7231
3522
7269
3505
7114
3528
6990
3676
6787
3682
6771
3519
6939
3625
6855
3588
7063
3726
7297
3624
7309
3426
7329
3306
7125
3389
6893
3523
7126
3666
7215
3550
7324
3402
7554
3421
7688
3440
7820
3301
7815
3207
7827
3129
7611
3005
7585
2992
7664
2994
7503
2900
7681
2779
7731
2866
7853
2761
7892
2929
8051
2859
8033
2851
8104
2821
8024
2798
8219
2858
8250
2990
8121
2939
8230
2880
8070
2754
8210
2614
7965
2752
7751
2944
7691
3019
7668
2901
7513
3096
7677
2913
7618
3046
7495
3215
7522
3213
7692
3054
7720
3107
7679
3154
7595
3165
7796
3050
7778
3202
7758
3085
8006
3140
8145
3141
8211
3004
8363
2876
8474
2707
8585
2852
8806
3006
8785
3070
8907
3177
8837
3208
8948
3234
8708
3106
8925
2964
8848
2899
8722
2919
8590
2771
8498
2968
8686
2891
8799
2805
9024
2938
8790
2988
9006
2788
9190
2711
9411
2848
9274
2757
9410
2889
9332
2876
9360
2708
9167
2874
9113
2984
9181
2793
9050
2615
9115
2676
9323
2651
9251
2755
9318
2668
9228
2562
9207
2587
9102
2529
9143
2646
9252
2585
9041
2427
9162
2282
9107
2409
9004
2216
9110
2150
9260
1992
9377
2191
9524
2248
9501
2345
9750
2497
9953
2310
9904
2479
9838
2443
9849
2362
9689
2541
9467
2460
9400
2639
9462
2455
9372
2440
9398
2464
9202
2291
9076
2208
8835
2348
9015
2399
9099
2366
9055
2461
8858
2303
9063
2260
9038
2441
8870
2382
8745
2515
8627
2621
8600
2443
8535
2374
8445
2442
8404
2370
8424
2402
8310
2251
8107
2304
8278
2348
8173
2468
8305
2659
8244
2477
8336
2417
8560
2615
8625
2713
8786
2702
8981
2600
8898
2786
8660
2767
8799
2737
8759
2934
8792
2892
8822
2845
8622
2872
8773
2958
8875
2943
8630
3015
8392
3006
8194
2936
8222
3116
8280
2941
8381
2777
8530
2617
8283
2554
8458
2590
8461
2609
8549
2716
8689
2693
8756
2532
8745
2682
8675
2763
8465
2749
8593
2596
8485
2407
8587
2524
8702
2472
8652
2428
8846
2625
9058
2691
8973
2856
8878
2749
8810
2549
8997
2626
9153
2707
9078
2659
8859
2738
8804
2675
9012
2506
8815
2311
8678
2405
8631
2316
8575
2475
8824
2585
8597
2576
8477
2763
8601
2705
8684
2689
8715
2513
8631
2352
8854
2244
9021
2278
9150
2098
8956
2070
9167
2129
9034
2161
9204
2219
9433
2295
9256
2266
9228
2290
9405
2342
9594
2389
9750
2191
9879
2224
9783
2124
9590
1986
9483
1958
9710
1957
9552
1873
9570
1731
9727
1860
9488
1706
9291
1760
9337
1574
9568
1683
9710
1498
9839
1364
9978
1374
9877
1420
9807
1380
9756
1258
9608
1292
9440
1345
9419
1203
9566
1300
9631
1196
9673
1245
9657
1416
9565
1485
9408
1399
9535
1228
9641
1083
9511
1054
9343
1217
9187
1238
8987
1289
8768
1155
8599
1277
8617
1236
8388
1051
8417
1194
8475
1176
8430
1355
8463
1375
8363
1535
8233
1552
8011
1543
7780
1609
7831
1432
7800
1449
7819
1458
7583
1452
7397
1442
7322
1268
7382
1289
7166
1219
7360
1113
7406
1244
7234
1095
7081
1032
6980
919
6896
1088
7090
1234
6948
1362
6702
1296
6657
1253
6720
1147
6655
991
6804
959
6939
1067
6866
949
6695
756
6850
868
7026
888
6969
1027
6930
1106
6874
1120
6831
1155
6631
1134
6443
1252
6592
1252
6813
1349
6598
1248
6658
1080
6803
948
6700
876
6876
1026
6736
1081
6693
986
6764
997
6860
811
6637
963
6777
874
6858
850
6759
831
6896
742
6918
760
7032
703
6966
795
6918
683
6675
727
6894
709
6660
754
6513
825
6477
747
6680
629
6556
721
6383
556
6252
370
6396
509
6246
350
6343
152
6395
318
6633
360
6407
454
6504
410
6298
285
6274
395
6441
443
6558
379
6458
421
6354
470
6120
440
6356
248
6484
348
6519
428
6585
458
6395
261
6406
409
6221
576
5985
691
6213
569
6156
637
6022
745
5794
635
6040
570
6007
451
6213
583
6344
752
6399
830
6220
1017
6238
821
6212
909
6317
1053
6247
985
6269
809
6287
782
6443
594
6396
765
6193
787
6397
668
6266
705
6260
811
6125
910
6099
1065
5849
1087
5843
1146
5901
1201
5849
1269
5865
1168
6105
990
6306
845
6198
920
6263
1026
6510
830
6311
972
6090
944
6276
763
6456
574
6586
498
6387
414
6177
442
6106
568
5889
526
6024
340
5961
262
5989
178
6153
182
6389
168
6508
155
6499
26
6378
17
6419
72
6388
40
6376
133
6189
5
5959
32
5971
159
6077
23
6112
73
6294
71
6499
95
6379
83
6207
66
6247
83
6420
104
6521
167
6509
351
6348
205
6206
77
6350
15
6532
123
6708
136
6799
309
6685
190
6478
329
6644
514
6821
630
6834
825
6779
796
6563
638
6471
706
6510
526
6353
413
6260
217
6405
140
6643
325
6520
490
6312
542
6160
642
6073
612
6318
467
6517
380
6494
526
6244
581
6167
559
5991
387
6013
464
5828
266
6064
193
5978
313
5925
183
5892
271
5666
412
5571
578
5661
455
5900
471
6108
385
6265
219
6203
340
6011
372
5914
238
6095
64
5941
43
5978
87
6150
131
6225
27
6056
37
6212
92
6299
274
6525
420
6752
451
6868
436
6734
517
6513
569
6338
760
6221
645
6442
464
6690
418
6868
350
6805
543
6715
729
6801
687
6878
731
6670
588
6751
726
6609
665
6737
709
6815
738
6642
756
6745
706
6882
783
6979
690
6800
679
6808
512
6575
460
6611
392
6705
375
6917
232
6850
133
6993
116
7203
277
7319
437
7202
634
7359
721
7130
806
7165
999
7144
849
7338
774
7507
961
7742
917
7571
746
7631
739
7830
775
7848
879
7688
993
7552
1168
7554
991
7532
1038
7368
1031
7397
1187
7180
1287
7416
1271
7328
1358
7241
1425
7186
1573
7280
1386
7369
1583
7514
1613
7458
1725
7703
1592
7533
1528
7718
1551
7833
1739
7802
1833
7644
1670
7640
1703
7505
1739
7350
1761
7355
1791
7465
1603
7704
1498
7470
1610
7475
1791
7459
1625
7516
1615
7298
1566
7393
1729
7477
1728
7604
1737
7560
1709
7508
1764
7548
1824
7325
1963
7213
1994
6998
2077
6964
2003
6924
1829
6927
1937
7139
1997
6942
2138
7071
2125
6851
2032
6788
1887
6971
1907
6844
1983
6810
1878
7007
1806
7037
1942
7102
1955
7318
2148
7194
2205
7315
2249
7255
2097
7472
2288
7276
2410
7117
2355
6936
2211
7062
2106
7259
2113
7498
2070
7615
2256
7785
2145
7938
1995
8153
1989
8145
1917
8132
1843
8079
1772
7974
1725
7867
1688
8005
1558
7794
1680
8009
1590
8177
1582
8283
1556
8522
1523
8397
1437
8359
1572
8328
1473
8458
1551
8335
1694
8194
1737
8260
1682
8297
1587
8077
1577
8001
1573
7832
1516
7674
1473
7435
1654
7320
1518
7289
1687
7425
1652
7478
1475
7416
1448
7344
1591
7270
1733
7474
1591
7284
1504
7394
1530
7552
1521
7589
1703
7604
1756
7796
1804
7882
1936
7875
1834
8026
1927
8257
1836
8384
1796
8508
1852
8278
1772
8288
1785
8314
1850
8334
1853
8108
1831
8224
2029
8457
2061
8679
2083
8922
2210
8905
2086
8671
1976
8759
1856
8769
1787
8739
1780
8536
1772
8524
1908
8656
1783
8822
1600
8880
1722
8990
1620
8925
1430
8867
1480
8715
1524
8597
1717
8566
1573
8687
1584
8572
1652
8572
1731
8324
1671
8113
1637
8355
1500
8466
1554
8653
1730
8815
1819
8871
1669
8997
1700
9015
1648
8924
1791
8717
1688
8562
1532
8761
1441
8521
1551
8586
1524
8733
1456
8648
1351
8602
1309
8548
1267
8395
1335
8510
1188
8648
1371
8559
1244
8414
1408
8382
1601
8628
1457
8572
1527
8693
1493
8631
1589
8465
1395
8485
1392
8518
1363
8657
1421
8883
1239
8854
1235
8913
1390
8774
1465
8828
1348
8946
1496
9083
1519
9311
1391
9391
1553
9622
1727
9627
1682
9814
1526
10050
1377
9867
1288
9927
1299
9993
1232
9911
1282
10052
1352
9948
1342
9752
1213
9635
1177
9449
1223
9311
1076
9083
1023
9101
1088
9312
1080
9274
896
9360
794
9360
757
9190
843
9167
814
9271
873
9108
701
8957
827
8829
955
8777
998
8938
1017
8846
1120
8760
1072
8725
1072
8943
1268
8705
1101
8684
1122
8622
961
8822
826
8582
986
8465
1181
8471
1111
8258
1120
8445
1185
8286
1183
8382
1284
8152
1167
8385
1143
8621
1128
8490
1305
8723
1500
8750
1337
8679
1324
8457
1132
8242
938
8063
871
7832
677
7851
739
7855
856
7770
780
7778
766
7683
817
7481
873
7712
770
7474
903
7619
868
7468
991
7353
1169
7396
1078
7532
1018
7594
1074
7504
944
7275
1114
7341
1138
7154
978
7180
779
7062
637
7128
820
7355
862
7134
804
6950
808
7108
655
7008
684
7172
772
7247
601
7142
545
6921
494
7091
454
6852
296
6994
235
6811
368
6934
524
6730
649
6578
452
6673
574
6768
753
6749
877
6855
680
6794
580
7024
514
7271
333
7193
395
7336
582
7504
604
7478
767
7453
857
7625
964
7673
901
7836
952
7928
807
8017
821
8003
909
8001
989
8152
894
8039
739
7830
728
7900
595
7941
561
8160
454
8136
561
8097
455
8012
327
7771
420
7950
290
8177
409
8360
380
8376
350
8470
463
8487
446
8722
409
8601
529
8380
618
8330
462
8413
426
8521
433
8606
415
8416
516
8290
572
8399
665
8530
559
8481
626
8242
734
8426
887
8366
827
8252
767
8304
662
8128
775
8108
841
8208
746
8282
830
8037
668
8139
550
8336
679
8571
659
8696
788
8767
958
8668
1021
8871
1199
9040
1317
9285
1278
9067
1340
9171
1455
9008
1482
8884
1383
9050
1416
9121
1496
9041
1605
9151
1700
9060
1545
9260
1365
9075
1327
9228
1137
9453
992
9622
1088
9666
1044
9425
1071
9225
1106
9388
1196
9266
1395
9458
1549
9542
1626
9611
1547
9554
1455
9395
1559
9368
1421
9158
1392
8946
1569
8797
1520
8733
1668
8547
1654
8775
1604
8995
1769
8939
1875
8825
2072
9006
1976
8886
2160
8754
2140
8631
2188
8549
2270
8683
2122
8453
2098
8407
2046
8557
2242
8555
2353
8655
2356
8490
2436
8615
2255
8593
2262
8769
2077
8606
2184
8840
2323
8832
2491
8670
2587
8714
2631
8697
2754
8581
2620
8617
2812
8671
3002
8659
3128
8772
3189
8552
3244
8418
3158
8298
2998
8511
3046
8293
3191
8417
3100
8451
2979
8324
2973
8127
3119
7899
2940
7818
3130
7613
3298
7802
3262
7595
3355
7484
3423
7407
3602
7492
3433
7671
3591
7644
3602
7438
3521
7568
3528
7712
3645
7749
3501
7699
3595
7885
3684
7913
3554
7901
3564
7770
3626
7714
3754
7680
3882
7649
3984
7480
4178
7615
4250
7747
4136
7630
4063
7727
4229
7653
4237
7662
4387
7740
4298
7828
4236
8017
4044
8197
3874
8220
3746
8084
3786
8144
3887
8070
3736
7856
3618
7719
3568
7543
3752
7567
3658
7709
3698
7547
3622
7752
3685
7994
3667
7767
3654
7719
3753
7772
3875
7787
4058
7674
3985
7691
4102
7493
4105
7408
4287
7627
4310
7857
4149
7934
4218
7690
4112
7931
4012
8132
4115
8091
4019
8080
4058
7834
4195
7692
4265
7786
4370
7634
4248
7648
4402
7464
4492
7364
4538
7500
4366
7611
4536
7790
4594
8036
4761
8026
4584
7857
4446
8101
4317
7895
4329
7738
4402
7554
4316
7370
4445
7234
4373
7304
4241
7192
4385
6983
4264
6882
4373
6827
4183
7017
4287
7090
4315
7172
4173
7020
4192
7044
4324
7216
4178
7006
4372
7023
4502
7055
4655
7213
4747
7200
4718
7020
4677
7188
4852
6954
4722
7122
4810
6967
4769
6749
4689
6512
4868
6561
4882
6704
4953
6692
4889
6818
4817
7052
5008
7188
5034
7126
4975
6906
5098
6707
5107
6600
5215
6522
5100
6381
5181
6142
5030
5896
4874
5727
4870
5698
5035
5483
5059
5706
5258
5862
5215
5668
5276
5736
5465
5845
5530
6031
5559
5820
5408
5647
5292
5798
5219
5968
5399
5859
5561
5912
5409
5928
5503
5796
5642
5733
5832
5849
5841
5971
6007
5831
5884
5943
5699
6176
5663
5941
5672
6129
5846
6370
6031
6431
5977
6237
6063
6026
5987
5947
5993
5981
6024
6110
5940
6297
5974
6107
6110
6068
6254
6197
6377
6069
6280
6036
6442
6091
6511
6137
6643
6093
6738
6238
6556
6366
6426
6318
6597
6184
6663
6209
6511
6116
6334
6160
6480
6306
6578
6498
6631
6332
6569
6272
6649
6400
6719
6161
6779
6186
6653
6036
6524
6245
6418
6178
6514
6283
6676
6197
6665
6086
6764
6045
6660
5823
6629
5905
6695
6124
6592
5922
6525
5728
6503
5644
6660
5431
6817
5665
6958
5520
7156
5457
7169
5640
7056
5542
6896
5513
6966
5539
6960
5567
7027
5394
6971
5546
6847
5386
6875
5321
7051
5111
7101
5193
6924
5297
6901
5239
6901
5343
6824
5243
6769
5390
6959
5626
6759
5504
6626
5346
6779
5350
6940
5339
7110
5136
7140
5273
7206
5222
7306
5171
7502
5046
7426
4884
7485
5041
7636
4998
7794
4867
7723
4712
7856
4703
7738
4814
7605
4774
7741
4701
7905
4671
7940
4719
7793
4508
7661
4346
7474
4500
7332
4710
7188
4698
7183
4790
7261
4717
7257
4877
7095
4712
7280
4670
7401
4706
7343
4498
7492
4698
7306
4583
7148
4692
7073
4581
7194
4408
7175
4344
7026
4202
7080
4443
7116
4605
7090
4552
7284
4684
7396
4618
7563
4726
7460
4613
7268
4859
7444
4861
7372
5100
7288
5033
7261
4973
7391
4924
7322
4685
7495
4555
7384
4663
7294
4480
7171
4547
7082
4691
7139
4450
7177
4391
7246
4401
7167
4398
7000
4525
7134
4404
7010
4493
7038
4249
7213
4304
7121
4090
7312
3924
7227
3687
7425
3864
7402
3932
7401
3833
7389
3593
7329
3642
7386
3789
7317
3771
7446
3765
7295
3937
7396
3951
7319
4029
7276
4012
7226
3811
7127
3578
7118
3765
6989
3661
7068
3788
7233
3883
7196
3702
7248
3635
7188
3881
7268
3724
7424
3765
7305
3597
7319
3843
7493
3748
7653
3795
7488
3567
7407
3711
7574
3506
7541
3298
7682
3291
7693
3231
7714
3255
7808
3433
7612
3217
7542
3004
7610
3015
7707
3061
7684
3285
7747
3321
7787
3453
7938
3264
7864
3105
7957
3151
8121
3390
8052
3466
7862
3424
7966
3231
8077
3441
7998
3576
8084
3706
7947
3879
8012
3774
8085
3622
8071
3660
7977
3471
7962
3561
8053
3463
8228
3665
8291
3790
8132
3995
8295
3892
8485
4047
8427
4184
8408
3962
8350
3937
8436
4105
8418
4317
8552
4522
8659
4468
8541
4350
8510
4217
8656
4412
8549
4373
8446
4477
8546
4246
8449
4079
8338
4283
8473
4247
8423
4267
8562
4473
8724
4689
8722
4725
8766
4937
8870
4688
8712
4505
8695
4553
8595
4372
8746
4175
8713
4320
8823
4559
8820
4356
9015
4298
8877
4101
8787
3952
8835
4165
8781
4079
8852
4169
8704
4362
8556
4585
8560
4517
8636
4671
8809
4424
8846
4481
8839
4528
8757
4470
8766
4273
8629
4064
8692
4191
8593
4170
8418
4343
8352
4231
8418
3982
8538
3884
8455
3774
8354
3704
8395
3517
8364
3666
8318
3461
8288
3582
8203
3467
8371
3604
8277
3835
8344
4056
8420
4278
8467
4461
8497
4607
8320
4606
8244
4687
8342
4523
8478
4308
8461
4195
8386
4324
8466
4196
8517
4333
8320
4380
8410
4210
8428
4182
8296
4237
8246
4047
8441
4185
8248
4145
8101
4223
7996
4337
8142
4510
8130
4439
7942
4661
8058
4799
8164
5044
8267
4923
8343
4762
8233
4939
8190
4865
8203
5019
8058
5117
8083
5349
8065
5348
8069
5200
7969
5412
7954
5397
8070
5289
8008
5311
8041
5454
7956
5261
7858
5106
7897
5244
7769
5250
7607
5210
7579
5003
7449
4967
7597
4894
7552
4995
7357
4925
7402
4793
7293
4911
7335
5017
7201
4991
7390
5047
7388
5212
7338
5445
7199
5536
7206
5361
7293
5213
7330
5379
7244
5480
7201
5372
7173
5362
6981
5199
7039
5420
6998
5666
6899
5522
6828
5376
6908
5302
7063
5450
7082
5372
7255
5147
7156
5130
7095
4949
6985
5054
6996
5242
7085
5142
7076
5081
6939
5000
6903
5156
6946
5037
7062
5104
7216
5032
7192
4985
7296
4855
7412
4841
7377
5088
7369
4956
7391
5197
7352
5221
7310
5283
7327
5480
7463
5348
7659
5427
7632
5414
7469
5230
7320
5343
7319
5370
7257
5498
7414
5635
7460
5535
7598
5643
7512
5836
7619
5683
7542
5596
7523
5451
7384
5549
7536
5303
7469
5178
7517
5016
7420
5175
7432
5297
7378
5262
7210
5187
7067
5398
7258
5539
7296
5777
7251
5747
7317
5725
7500
5500
7321
5640
7176
5740
7361
5604
7261
5369
7235
5194
7220
5059
7340
5223
7324
5265
7315
5184
7342
4986
7443
4871
7579
4970
7708
5132
7744
5062
7710
5039
7807
5171
7712
4990
7873
4773
7932
4695
8131
4857
7997
4759
7799
4865
7916
5030
7735
4954
7826
5000
7746
4952
7721
5125
7907
5220
8059
5034
8083
5231
7900
5048
7723
5252
7819
5365
7684
5391
7651
5349
7551
5267
7383
5312
7418
5268
7375
5093
7183
5178
7090
5325
7144
5365
7186
5453
7165
5587
7358
5832
7264
5919
7435
5931
7530
5728
7528
5596
7625
5523
7681
5481
7495
5460
7385
5614
7531
5411
7390
5471
7235
5240
7107
5244
7081
5244
7053
5462
6991
5368
7027
5160
7035
5103
7215
5225
7281
5446
7307
5307
7149
5428
7085
5674
7195
5700
7145
5719
7068
5760
6968
5980
7139
5780
7274
5678
7303
5809
7173
5666
7010
5566
6987
5768
6824
5635
6630
5653
6495
5535
6441
5426
6242
5458
6229
5700
6220
5816
6182
5946
6076
5998
5947
5939
5873
5691
5764
5663
5958
5724
5920
5758
5919
5907
6059
6149
5869
6175
5997
6384
5977
6179
5923
6159
6071
6362
6010
6422
5811
6370
5666
6233
5777
6435
5751
6509
5784
6719
5933
6846
5742
7024
5832
6813
5957
6812
5890
6769
5908
6819
5884
7015
5978
7218
5872
7066
5732
6866
5561
6834
5732
7008
5624
7210
5489
7093
5320
7063
5419
7023
5339
7034
5250
7044
5419
7194
5617
7361
5740
7289
5846
7078
5772
6994
5735
7208
5817
7410
5673
7465
5848
7642
5700
7786
5590
7981
5400
7784
5368
7669
5556
7705
5494
7877
5367
7929
5519
7775
5606
7956
5778
7924
5888
7875
5709
8066
5757
8068
5648
8242
5672
8066
5776
7958
5821
7935
5647
7691
5537
7704
5728
7622
5777
7817
5819
7724
5628
7550
5660
7566
5658
7678
5715
7574
5871
7814
6065
7565
6130
7637
5946
7424
6130
7402
6098
7284
6244
7370
6074
7216
6213
7440
6107
7329
6104
7514
6191
7646
6191
7624
5996
7812
6158
8058
6294
8270
6254
8295
6358
8183
6502
8013
6463
7981
6486
7868
6345
7651
6306
7669
6218
7737
6283
7862
6329
8107
6475
8072
6583
8237
6634
8182
6461
7981
6325
8030
6176
7853
6202
7822
6009
7922
6184
8047
6203
8120
6053
8325
6163
8312
6211
8110
6347
7866
6436
7656
6240
7685
6103
7871
6190
7838
6179
7689
5980
7697
5873
7545
5751
7688
5735
7792
5763
7842
5896
7795
5843
7674
5665
7781
5633
7550
5620
7322
5510
7236
5502
7356
5312
7109
5380
7210
5568
7385
5582
7205
5399
7103
5322
6906
5513
6683
5524
6666
5431
6817
5590
6639
5693
6626
5875
6727
5937
6862
6125
6775
6295
6670
6277
6881
6436
6954
6322
7114
6252
7332
6278
7548
6415
7420
6348
7487
6273
7659
6313
7790
6322
7873
6241
7975
6333
7789
6445
7643
6334
7818
6425
7610
6492
7472
6438
7443
6347
7599
6251
7563
6221
7694
6158
7712
6109
7735
6180
7610
6313
7374
6136
7374
6320
7140
6392
7049
6252
6815
6228
6811
6071
6734
6169
6937
6357
7130
6509
6881
6534
6764
6390
6931
6226
6713
6356
6613
6198
6785
6236
6671
6153
6617
5956
6843
6149
6868
6009
6953
5851
7062
6012
7295
6031
7504
6040
7279
6173
7493
6155
7678
6201
7889
6311
7793
6508
7673
6616
7511
6661
7435
6798
7683
6837
7537
6825
7720
6689
7748
6882
7925
6725
8009
6821
8242
6768
8235
6817
8081
6635
7976
6609
8127
6524
8311
6466
8282
6623
8252
6659
8332
6587
8191
6387
8407
6461
8464
6281
8320
6149
8376
6080
8423
6216
8587
6134
8669
5961
8875
6015
9027
6210
9074
6088
9066
5989
9186
6025
9380
5992
9563
6140
9804
6031
9856
6020
9693
5938
9522
5876
9432
5856
9424
5984
9559
5896
9564
5735
9468
5913
9601
5792
9505
5966
9664
5870
9727
5786
9731
5658
9913
5788
9807
5823
9605
6008
9653
6166
9495
6025
9731
6186
9899
6320
10013
6330
10008
6330
9764
6167
9735
6006
9603
5979
9468
6055
9395
6182
9521
6215
9273
6045
9519
5880
9360
5694
9464
5496
9606
5677
9835
5831
9631
5994
9742
5872
9614
5818
9509
5678
9561
5877
9480
5918
9433
6065
9474
5921
9404
5916
9188
6056
9398
5872
9587
5906
9830
5798
9682
5694
9823
5728
9813
5714
9816
5682
9793
5709
9836
5588
9917
5722
10052
5821
10239
6016
10385
6183
10613
6135
10624
6256
10542
6070
10642
6028
10859
6131
10699
6235
10621
6300
10489
6268
10736
6414
10592
6516
10610
6326
10499
6338
10444
6338
10338
6184
10435
6322
10385
6222
10507
6383
10316
6552
10232
6694
10447
6689
10472
6844
10429
6762
10297
6797
10414
6753
10427
6756
10619
6790
10832
6844
10851
6748
10772
6634
10627
6799
10856
6715
10826
6763
10786
6938
10574
7081
10651
7164
10629
7221
10607
7053
10610
6946
10618
7122
10441
7000
10643
7194
10552
7067
10487
6928
10435
6739
10573
6837
10399
6712
10149
6533
10323
6437
10490
6279
10472
6166
10274
6310
10129
6136
9888
6302
9887
6395
10071
6208
9972
6038
9974
6067
10030
6145
10112
6305
9956
6422
10069
6346
9904
6465
9833
6355
10029
6254
9798
6229
9810
6080
9594
6239
9597
6296
9385
6301
9565
6231
9536
6299
9754
6267
9849
6253
9833
6452
10071
6437
9826
6573
9794
6703
9899
6783
10078
6787
10125
6833
9894
6647
9763
6461
9679
6421
9562
6505
9470
6488
9594
6564
9349
6555
9274
6414
9245
6343
9465
6421
9343
6388
9343
6508
9266
6672
9305
6481
9338
6362
9290
6437
9248
6515
9286
6694
9467
6855
9652
6719
9716
6727
9864
6751
9660
6666
9828
6844
9875
6982
9784
6876
9628
6782
9597
6885
9515
6982
9748
6858
9536
6659
9586
6655
9631
6474
9691
6276
9798
6340
9869
6325
9631
6235
9387
6043
9304
6165
9366
6088
9489
6029
9313
6085
9300
6235
9244
6408
9343
6297
9098
6160
9122
6150
9067
6137
9109
6018
8961
5843
8976
5890
8754
5826
8559
5774
8388
5918
8470
5983
8385
5979
8608
6116
8553
6310
8303
6287
8323
6462
8272
6660
8275
6543
8169
6382
8185
6430
8382
6335
8315
6268
8078
6085
8127
5889
8115
5718
7958
5832
7751
5860
7593
5767
7670
5832
7792
5643
7607
5831
7371
5685
7356
5516
7238
5565
7402
5614
7474
5575
7254
5675
7226
5712
7057
5869
7084
5720
7041
5523
7131
5338
7005
5471
6805
5440
6596
5518
6439
5329
6664
5348
6808
5473
6799
5565
6587
5565
6418
5433
6537
5590
6615
5720
6637
5655
6676
5591
6780
5491
6545
5407
6426
5361
6212
5246
6173
5373
6081
5308
5910
5204
5926
5057
5987
5227
6137
5107
5922
5282
6103
5145
6131
5172
5902
5353
5896
5154
5879
5348
5719
5542
5806
5635
5941
5647
6062
5506
6146
5366
6055
5373
6007
5430
5978
5501
5994
5480
6076
5672
6032
5681
5804
5784
5744
5930
5719
5894
5609
6040
5427
6034
5472
6083
5702
6251
5494
6123
5445
6249
5366
6065
5551
6036
5760
6073
5731
6068
5783
6152
6025
6153
5812
6199
5919
6054
5699
6015
5736
6055
5854
6221
5889
6099
6063
6078
5996
5998
6098
5945
6019
5745
6177
5700
6277
5612
6201
5786
6282
5840
6036
5781
5829
5771
5677
5930
5599
6110
5832
6007
5737
6087
5516
6084
5659
5901
5898
5882
5863
5973
6044
5883
6135
5739
6285
5834
6265
5748
6163
5697
6113
5609
6005
5564
6126
5485
5928
5510
5701
5423
5586
5477
5507
5458
5681
5340
5674
5275
5699
5284
5884
5103
5664
5138
5626
5020
5779
5130
5968
5288
5775
5404
5728
5541
5620
5384
5655
5187
5586
5077
5508
5212
5736
5235
5570
5094
5699
5256
5912
5203
5989
5353
6138
5179
6318
5274
6273
5104
6173
5121
6039
5257
6172
5377
6294
5525
6188
5652
6200
5664
6249
5604
6109
5673
6273
5694
6221
5708
6050
5784
6236
5798
6433
5823
6251
5813
6133
5704
6378
5628
6585
5702
6673
5669
6677
5576
6816
5575
6760
5525
6624
5541
6391
5588
6432
5392
6402
5212
6581
5256
6759
5129
6639
5170
6691
5345
6705
5145
6939
5045
7122
4907
7129
4971
6919
4948
6909
5028
6777
5207
6762
5031
6791
4847
6772
4760
6577
4956
6671
5030
6592
5039
6724
4941
6963
4948
6753
4865
6935
4955
6887
4908
6651
5088
6494
4944
6500
4788
6514
4710
6596
4608
6519
4775
6748
4596
6654
4572
6849
4543
6893
4398
6911
4296
6662
4195
6446
4166
6331
4122
6224
4266
6106
4433
6179
4287
5946
4410
6022
4484
5916
4339
5856
4210
5980
4329
6131
4400
5915
4545
6141
4469
6007
4480
5945
4427
6077
4500
6248
4334
5999
4265
5812
4403
5931
4382
6116
4435
6063
4241
6180
4285
6123
4085
6028
3934
5866
4004
5774
4147
5615
4273
5409
4180
5356
4063
5115
3931
5360
3737
5161
3914
4991
3745
4769
3782
4642
3938
4404
3845
4207
4036
4295
4173
4159
4332
4213
4333
4053
4328
3902
4518
3842
4705
3885
4793
3801
4652
3878
4567
4092
4541
3915
4366
3841
4298
3841
4100
3684
4024
3690
3975
3671
4156
3779
4081
3649
4273
3612
4271
3707
4076
3872
4146
4069
3966
3964
4143
3947
4336
4073
4270
4047
4330
3967
4336
4111
4476
4245
4544
4156
4626
3964
4800
3994
4979
4102
4835
4051
4681
4148
4714
4092
4809
3945
4925
3772
4758
3714
4838
3703
5005
3505
5147
3475
5225
3299
5071
3127
5007
3335
4992
3114
4978
3048
5157
2841
4968
2723
5084
2810
5279
2873
5447
2978
5598
3069
5578
3196
5498
3400
5315
3294
5277
3359
5376
3465
5302
3657
5248
3470
5169
3361
5313
3371
5267
3526
5326
3523
5258
3421
5078
3584
5234
3434
5163
3593
5265
3351
5226
3341
5397
3362
5550
3369
5499
3177
5575
3178
5537
3277
5733
3180
5687
3376
5781
3444
5611
3222
5653
3084
5535
3313
5410
3320
5557
3195
5656
3130
5632
3240
5504
3437
5567
3668
5383
3690
5228
3832
5264
3780
5339
3998
5140
4061
5031
4093
4986
4195
5007
4150
5054
3984
5237
4173
5142
4187
5188
4428
5387
4235
5334
4047
5434
3904
5241
4080
5266
4116
5136
4248
5277
4351
5458
4113
5617
4186
5630
4415
5584
4596
5669
4633
5811
4492
5888
4256
5925
4264
5729
4438
5756
4236
5644
4178
5770
4146
5620
4084
5637
4129
5822
4123
5934
4097
5951
4206
5831
4111
5916
4031
5734
4120
5714
3993
5787
4176
5913
4068
6111
3844
6236
3826
6416
3803
6504
3859
6636
3855
6767
4021
6599
3846
6580
3712
6525
3641
6632
3576
6574
3492
6645
3504
6805
3699
6743
3638
6642
3812
6708
3649
6621
3828
6491
4075
6546
4132
6700
4058
6781
4126
6777
4044
6720
3982
6550
4177
6545
4324
6485
4180
6625
4248
6622
4085
6707
4320
6664
4531
6607
4492
6636
4343
6718
4446
6737
4294
6669
4119
6773
3894
6589
4105
6633
4061
6702
4236
6502
4118
6623
4305
6787
4446
6812
4288
6788
4420
6725
4438
6584
4343
6470
4572
6558
4712
6475
4912
6529
4722
6362
4800
6178
4658
6220
4568
6344
4544
6469
4736
6484
4653
6369
4494
6455
4624
6508
4574
6326
4616
6174
4381
6043
4475
6029
4392
5973
4214
6058
4210
6024
4062
6133
4038
5990
4036
6018
3877
6185
3937
6359
3758
6382
3600
6440
3713
6365
3776
6184
3938
6269
3776
6104
3567
5915
3353
5781
3586
5861
3412
5922
3623
6015
3756
6000
3964
5881
3844
5977
3975
5972
4218
5798
4207
5967
4373
5910
4484
5826
4693
5998
4522
6108
4499
6107
4253
6125
4299
6198
4391
6054
4578
6149
4472
6038
4432
6028
4591
5895
4603
5971
4806
5923
4986
5847
4950
6042
5002
5994
5083
6100
5287
6023
5100
6132
4889
5955
4719
5940
4574
5847
4801
5968
4973
5858
4908
5744
4754
5846
4668
5677
4764
5540
4667
5357
4472
5228
4287
5084
4046
5185
4196
5204
3973
5339
4141
5329
3951
5447
3750
5349
3880
5409
3688
5553
3619
5536
3587
5514
3801
5688
4018
5821
4156
5753
4251
5924
4149
6100
3920
5998
4017
6191
4249
6342
4088
6178
4303
6348
4274
6530
4403
6716
4340
6723
4284
6770
4075
6743
4020
6941
4126
6873
4194
6832
4369
6727
4199
6712
4352
6677
4385
6697
4458
6820
4676
7000
4672
7154
4506
6961
4630
6910
4599
6869
4688
6723
4638
6784
4603
6824
4450
6784
4238
6623
4224
6681
4323
6638
4251
6460
4020
6461
4128
6421
4366
6410
4235
6415
3989
6342
3783
6323
3578
6253
3520
6212
3766
6091
3746
6005
3655
6200
3524
6215
3543
6294
3306
6157
3548
6280
3608
6404
3851
6211
3782
6382
3772
6526
3527
6623
3710
6527
3948
6498
3711
6623
3898
6673
3966
6607
4056
6438
4295
6539
4260
6458
4413
6400
4420
6331
4581
6175
4465
6159
4607
6115
4791
6077
4650
6173
4571
6317
4800
6497
4631
6501
4500
6666
4662
6520
4615
6673
4729
6862
4649
6781
4501
6662
4730
6669
4714
6712
4850
6818
4853
6758
5055
6790
5236
6764
5343
6671
5327
6641
5331
6517
5330
6320
5102
6290
5326
6300
5560
6426
5636
6544
5434
6657
5273
6710
5144
6842
5084
6698
4939
6884
5037
6903
4888
6781
4912
6664
4829
6696
4809
6830
4678
6830
4885
6744
4953
6550
4778
6550
4708
6630
4574
6474
4604
6429
4446
6610
4589
6607
4659
6622
4536
6450
4320
6532
4221
6636
4138
6749
3888
6614
4062
6593
4307
6613
4117
6422
4004
6570
4053
6557
4273
6536
4187
6412
4153
6390
4334
6315
4108
6147
4282
6000
4486
5949
4676
5792
4670
5800
4913
5869
4996
5713
5184
5630
5146
5671
5280
5637
5210
5742
5085
5851
5118
5864
4957
5923
4733
5888
4677
5699
4716
5782
4875
5730
4771
5725
4617
5733
4795
5654
4670
5530
4682
5455
4490
5592
4488
5535
4538
5578
4460
5502
4507
5580
4490
5520
4520
5520
4759
5620
4797
5431
4813
5276
4913
5275
4743
5307
4663
5243
4774
5057
4828
5133
4873
5188
4809
5104
4809
5176
4934
5006
4949
5029
4934
4981
5014
5062
4887
5208
4878
5371
4725
5303
4737
5194
4890
5163
4760
4963
4695
5082
4481
4997
4601
4960
4528
5142
4518
5152
4482
5191
4315
5084
4362
5090
4365
4982
4517
5003
4302
4952
4170
5143
4228
5269
4365
5291
4231
5118
3999
4923
4075
5017
4323
5213
4303
5293
4404
5104
4616
4974
4592
4845
4581
4939
4714
5089
4553
4952
4629
4911
4522
4911
4305
5039
4455
4958
4319
4901
4389
5043
4419
4904
4224
4984
4470
5037
4252
5021
4226
5141
4027
5328
3813
5477
3894
5490
3782
5551
3735
5444
3554
5335
3582
5210
3619
5316
3735
5353
3562
5353
3600
5412
3790
5589
3937
5686
3935
5530
4172
5379
4140
5288
4257
5213
4330
5172
4249
5366
4019
5242
3914
5049
4038
4882
4041
4887
4247
4742
4271
4723
4398
4833
4213
4675
4225
4866
3987
4862
4143
4994
4051
5170
4014
5281
4128
5324
3948
5176
4028
5073
4243
5039
4253
4893
4333
4871
4251
4773
4278
4701
4290
4666
4162
4484
4397
4285
4308
4228
4269
4103
4365
4015
4384
4193
4560
4186
4484
4284
4568
4165
4672
4339
4913
4507
5105
4447
5140
4254
5035
4160
5125
4059
5085
4212
5244
4163
5196
4166
5353
4201
5445
4099
5627
4213
5406
4148
5397
4187
5540
4032
5654
4223
5564
4229
5322
4216
5178
4414
5235
4229
5144
4310
5163
4150
5009
4065
5125
4078
5124
4215
5102
4236
5350
4221
5412
4155
5253
4342
5363
4328
5239
4176
5149
3981
5248
3812
5419
3915
5553
3750
5629
3871
5619
3990
5853
4020
5877
3983
6089
4182
6054
4001
6085
4123
6071
4062
6277
4232
6476
4195
6490
4049
6252
4078
6013
3911
5959
3993
6089
4190
6101
4189
6034
4138
6222
4321
6054
4270
5988
4082
6011
3923
6248
3814
6399
3761
6233
3831
6024
4004
6103
3947
6029
3791
6247
3705
6285
3865
6136
3678
6211
3820
6044
3984
6140
3813
6188
3672
6074
3661
6212
3739
6093
3891
6011
3932
5995
4065
5782
3996
5630
4159
5645
4087
5625
3968
5792
4131
6032
4330
6018
4343
5881
4309
5905
4488
5992
4581
5852
4398
5675
4350
5848
4416
5638
4388
5514
4456
5410
4319
5390
4205
5621
4296
5844
4442
5686
4319
5833
4267
6010
4177
5808
4113
5903
3947
5778
4090
5869
4026
5629
3884
5810
3701
5618
3843
5522
3789
5384
3712
5295
3788
5103
3697
5176
3833
4963
3925
4782
3784
4903
3646
5119
3633
4914
3531
4835
3508
4639
3364
4572
3169
4717
3005
4604
2991
4661
2791
4809
2745
4837
2856
4882
2722
4898
2532
4978
2630
4741
2568
4891
2743
5025
2835
4817
2711
4671
2723
4846
2793
4867
2865
4855
3016
4761
2852
4675
2770
4583
2710
4606
2815
4441
2737
4512
2572
4580
2500
4460
2535
4279
2562
4411
2564
4361
2532
4266
2411
4126
2524
4164
2589
3932
2538
3886
2414
3922
2421
3839
2266
3975
2328
3984
2331
3788
2499
3998
2648
4223
2793
4328
2691
4238
2493
4421
2686
4475
2494
4253
2435
4241
2439
4041
2512
4051
2621
3841
2748
3868
2935
3996
2738
4207
2835
4394
2700
4239
2874
4125
2885
4023
2755
4129
2736
3949
2649
4135
2497
4117
2508
4071
2707
3931
2540
4080
2594
4238
2588
4349
2509
4569
2508
4421
2651
4430
2550
4625
2523
4597
2377
4474
2318
4396
2243
4181
2348
4273
2205
4235
2234
4017
2351
4244
2504
4288
2519
4277
2627
4063
2600
3980
2553
4021
2738
4246
2756
4362
2570
4118
2419
4056
2266
4284
2410
4079
2367
4149
2370
4165
2508
4070
2569
3834
2405
3963
2461
3907
2464
3864
2394
3813
2328
3897
2476
3906
2430
4147
2236
3928
2351
4136
2458
4282
2630
4294
2567
4488
2557
4596
2362
4743
2323
4965
2136
5016
2266
4986
2310
5030
2399
5089
2452
5132
2349
5278
2319
5094
2153
4905
2213
5100
2201
5003
2307
4880
2280
5079
2344
5178
2404
5298
2480
5238
2398
5029
2309
5032
2439
5006
2457
4982
2396
5060
2513
5161
2327
5330
2252
5531
2205
5540
2337
5311
2242
5519
2072
5736
1986
5674
2092
5611
2159
5566
2179
5465
2280
5496
2259
5702
2365
5911
2478
5950
2511
5850
2510
5858
2608
5876
2554
5731
2495
5919
2317
6118
2386
6237
2464
6283
2522
6133
2635
6012
2812
5815
2820
5707
2859
5932
3034
5969
3149
6183
3143
6331
3271
6246
3264
6150
3277
5978
3169
6079
3347
6112
3282
5998
3126
5860
3085
5996
3082
6003
3075
6188
3173
6233
3067
6124
2969
6360
2790
6575
2651
6773
2617
6754
2439
6602
2264
6833
2373
6640
2262
6421
2079
6469
2110
6568
2130
6611
2081
6603
1933
6406
2018
6604
2186
6401
2145
6382
2092
6454
2153
6678
2309
6896
2123
7114
1944
7213
2012
6979
2029
6731
2198
6800
2146
6636
2067
6495
2250
6499
2372
6253
2226
6428
2087
6212
2185
6326
2020
6212
2146
6401
2156
6452
2323
6666
2142
6805
1947
7025
1754
7202
1558
7370
1502
7404
1540
7444
1509
7561
1411
7624
1373
7538
1527
7783
1445
7644
1269
7807
1073
7606
1054
7599
973
7498
1141
7499
1166
7741
1155
7617
1084
7532
1110
7720
1182
7909
1253
7715
1263
7663
1455
7505
1590
7507
1693
7263
1739
7494
1625
7272
1688
7418
1646
7510
1494
7661
1366
7522
1454
7407
1270
7195
1198
7267
1214
7363
1326
7363
1309
7189
1396
7417
1271
7419
1286
7427
1124
7265
1191
7271
1240
7170
1433
7253
1433
7415
1235
7314
1110
7195
946
7277
1124
7273
1111
7507
1180
7426
1199
7595
1171
7374
1345
7461
1449
7673
1396
7689
1269
7784
1395
7549
1384
7555
1410
7405
1212
7495
1021
7442
1031
7443
950
7268
965
7339
832
7584
1030
7544
1224
7391
1139
7370
1123
7251
962
7497
900
7430
1072
7374
1056
7345
1044
7289
942
7394
1013
7459
932
7537
1072
7658
1016
7527
1170
7771
1099
7944
1276
7940
1099
7901
1292
8147
1464
7948
1419
8027
1367
7832
1402
7813
1463
7760
1575
7897
1394
8025
1251
8271
1085
8251
1038
8338
1207
8419
1239
8220
1079
7978
882
8105
1058
7875
937
7749
990
7707
1178
7574
1264
7472
1197
7537
1219
7657
1087
7565
920
7534
1097
7291
1123
7468
1156
7494
1082
7550
949
7747
955
7890
981
7922
805
7755
810
7792
832
7743
821
7795
634
7792
711
7862
889
8083
746
7856
945
7987
1075
7890
902
8000
1003
8044
1001
8286
1067
8113
1256
8340
1446
8149
1246
7933
1395
8071
1388
8012
1507
8240
1621
8319
1519
8462
1603
8432
1483
8533
1447
8401
1453
8571
1431
8798
1555
8927
1530
9141
1725
8996
1710
9017
1775
8768
1675
8559
1847
8702
1950
8627
1852
8630
1827
8526
1906
8354
1861
8301
1991
8233
1964
8187
2025
8055
1913
8003
1799
8047
1895
8090
1967
8271
1970
8155
1952
7905
1949
7974
2118
7923
2081
7928
1920
7708
1997
7880
1813
7701
1660
7496
1850
7314
1691
7474
1692
7268
1842
7358
1693
7467
1580
7437
1768
7646
1755
7427
1579
7534
1444
7542
1643
7750
1563
7747
1366
7514
1441
7432
1357
7507
1440
7407
1589
7596
1507
7794
1638
7954
1482
7726
1582
7854
1418
7712
1390
7744
1539
7823
1491
7937
1361
8105
1461
8287
1425
8053
1470
7901
1536
7906
1494
8035
1321
8016
1289
7988
1486
7825
1477
7945
1512
7995
1565
8050
1586
8092
1426
8021
1474
7929
1450
7890
1342
8133
1408
8079
1386
7933
1418
7936
1478
7836
1451
7678
1390
7616
1383
7538
1582
7562
1658
7676
1643
7588
1464
7735
1465
7577
1506
7656
1523
7799
1642
7827
1755
7901
1581
7772
1549
7739
1690
7494
1655
7305
1800
7269
1895
7223
2011
7366
2121
7198
2204
7030
2403
7052
2536
7070
2590
7082
2775
6875
2966
7013
2791
6918
2830
6937
2827
6957
2869
6757
2747
6507
2878
6450
2691
6683
2502
6650
2385
6888
2409
7000
2216
6831
2269
6697
2216
6789
2194
6890
2382
7024
2523
6880
2669
6699
2501
6905
2680
7078
2823
7167
2712
7079
2580
6981
2431
7088
2493
7080
2478
7162
2458
7364
2549
7558
2434
7674
2353
7548
2389
7442
2569
7516
2663
7592
2658
7767
2539
7922
2500
8118
2660
8062
2570
8209
2649
8039
2830
8205
2844
7990
3012
7994
2913
7904
2910
8055
2765
7996
2688
8101
2711
7880
2695
8125
2706
8206
2893
8361
3026
8346
2962
8184
2771
8135
2679
8233
2865
8240
2901
8171
2831
8219
3013
8390
2947
8221
3083
8070
2920
8032
2721
7864
2916
7813
3099
7780
2929
7879
2829
7668
2918
7547
2766
7451
2769
7252
2928
7265
2989
7041
3059
6972
2860
7172
2794
7284
2650
7193
2781
6976
2864
7191
3031
7343
2960
7483
3049
7619
3248
7712
3436
7489
3317
7259
3265
7040
3195
7200
3010
7339
2812
7227
2670
7118
2737
6989
2695
7148
2642
7200
2475
7336
2501
7491
2386
7408
2571
7472
2430
7254
2315
7447
2471
7441
2340
7612
2177
7594
2007
7735
1868
7724
1685
7885
1849
7680
1810
7864
1693
7706
1584
7851
1563
7775
1753
7774
1722
7718
1799
7757
1850
7678
1953
7539
2045
7482
2064
7709
2044
7813
1888
7860
1914
7715
1732
7705
1680
7908
1764
7809
1713
7950
1664
7852
1596
7803
1657
7596
1686
7824
1529
8025
1329
8060
1330
8167
1375
7962
1559
8177
1562
7939
1454
7875
1404
7815
1268
7644
1395
7790
1212
7579
1339
7768
1150
7690
955
7816
1097
7640
1015
7453
1026
7339
1197
7463
1335
7697
1168
7707
1170
7887
1009
7871
1120
7743
1249
7872
1276
7846
1225
8000
1401
7913
1274
7796
1222
8012
1260
7842
1260
8006
1297
7994
1208
8030
1021
8091
1137
8139
996
7961
914
7860
965
7962
1035
8123
1049
8262
987
8342
896
8198
989
8138
1074
8265
1002
8333
938
8118
916
7939
938
7964
1134
7880
964
7852
853
7931
717
7737
693
7716
639
7775
833
7873
736
8033
710
8232
818
8089
900
7886
1004
7641
886
7766
805
7999
923
7847
800
7863
838
8107
916
8094
1056
7875
976
8115
821
8258
764
8503
789
8276
829
8357
897
8426
915
8341
727
8212
617
8107
459
8253
433
8061
449
8228
557
8294
536
8381
515
8609
440
8557
634
8474
702
8262
864
8469
708
8234
759
8377
642
8254
649
8123
538
8311
529
8112
420
7954
236
7828
217
7985
78
8215
186
8022
385
8143
491
8154
685
7944
512
7902
653
7826
699
8052
842
8221
673
8459
646
8302
546
8128
703
7913
841
8106
772
8019
592
7783
761
7822
824
7623
774
7478
721
7382
732
7583
641
7781
800
7984
909
8163
984
8032
1088
7819
940
7835
772
7969
684
7769
841
7822
933
7662
988
7675
1151
7585
962
7818
967
7777
866
7865
1048
7761
946
7994
861
8121
858
8319
927
8404
1001
8373
1064
8171
1026
8174
853
7971
777
8172
891
8176
996
8384
866
8220
1030
8449
1073
8339
1110
8304
1105
8276
1150
8032
1068
7864
1209
7949
1345
7890
1358
7869
1262
7916
1435
7792
1464
7853
1399
7797
1309
7550
1485
7425
1381
7322
1323
7229
1196
7180
1093
7378
1239
7280
1397
7086
1562
7062
1383
7186
1222
7421
1149
7505
1076
7342
952
7148
908
7224
760
7188
831
6994
778
6824
750
6648
891
6805
772
6862
908
6671
875
6752
757
6834
570
6804
569
7031
477
7003
630
6813
632
6808
696
6690
626
6678
500
6643
391
6716
396
6842
382
6651
520
6860
711
6818
901
6857
790
6989
977
7003
1143
7053
1293
7014
1149
6798
1180
6916
1108
6794
1191
6549
1037
6575
1223
6331
1165
6381
1101
6168
985
6131
1098
6297
996
6223
812
6156
724
5964
781
5743
884
5779
752
5875
871
5814
925
6043
726
5796
914
5755
1081
5540
1248
5355
1222
5601
1173
5367
978
5465
1035
5662
994
5614
955
5695
1004
5919
1191
5947
1212
5968
1221
6178
1023
6268
888
6149
809
5902
851
6109
813
6100
758
6170
749
5923
815
6097
1014
6197
1151
6065
1042
5987
1068
5789
1007
5691
858
5670
927
5696
1009
5866
852
5770
861
5818
944
5922
936
5879
740
6105
575
5915
550
5771
718
5620
699
5847
856
5818
851
5998
1047
6169
1234
6309
1390
6156
1312
6027
1420
6047
1287
6048
1188
5829
1129
5582
992
5383
1075
5481
990
5283
839
5254
916
5016
901
5132
1090
5156
1098
5380
1272
5619
1204
5708
1221
5805
1388
5773
1380
5650
1219
5579
1202
5762
1027
5530
1170
5537
1019
5444
881
5317
705
5179
884
5255
765
5099
961
5165
1024
4937
905
4836
1070
5034
1229
5056
1408
5287
1294
5140
1385
4988
1224
4829
1294
5034
1323
4960
1173
4988
1127
