28 192
370 691
1008 1444
1783 2368
2802 3388
3987 4731
5193 5913
6398 7284
7900 8892
9737 10542
11518 12426
13553 14330
15459 16243
17456 18053
19139 19600
20911 21488
22951 23695
25192 25891
27265 27998
29144 29859
31128 31991
33471 34340
35964 36880
38412 39184
40930 41676
43250 44108
45861 46865
48814 49838
51791 52958
55135 56400
58494 59857
61890 63193
65136 66317
68018 69036
70871 71756
73478 74403
76090 77175
78783 80006
81438 82526
83995 84895
86585 87311
89232 89771
91746 92290
94373 94999
97008 97667
99567 100240
102376 102938
105018 105389
107405 107864
109816 110367
112098 112482
113998 114466
115833 116145
117526 117875
119495 119838
121485 121919
123730 124052
125801 126309
127809 128229
129568 130009
131521 132052
133502 134024
135372 135697
136953 137381
138689 139242
140427 141087
142508 143072
144368 144997
146471 147017
148394 148949
150247 150751
152194 152881
154075 154833
155901 156665
157760 158343
159640 160184
161240 161650
162954 163239
164695 164820
166197 166275
167707 167789
169191 169357
170653 170978
172146 172529
173837 174084
175639 175829
177564 177771
179597 179870
181471 181642
183413 183599
185455 185498
187487 187547
189770 189810
192201 192418
195041 195453
198110 198551
200975 201383
203745 204349
206833 207358
209763 210279
212893 213598
216379 217019
219860 220402
223288 223969
227041 227816
231029 231788
234856 235797
238988 240002
243404 244293
247481 248304
251615 252531
255986 257048
260522 261615
265022 266123
269596 270561
274224 275148
278581 279590
282985 283799
287332 288285
291757 292694
296013 296821
300175 300787
304331 305052
308747 309353
313092 313566
317434 318026
321973 322712
326421 327288
331132 331933
335853 336591
340633 341507
345582 346262
350481 351134
355134 355860
359900 360594
364488 365162
368864 369674
373484 374485
378428 379506
383423 384476
388498 389727
393780 394993
398908 400221
404267 405550
409391 410820
414590 415923
419881 421311
425321 426939
430895 432437
436313 437848
441960 443411
447289 448778
452618 454038
457894 459436
463080 464441
468093 469523
473209 474590
478396 479734
483706 485027
489174 490347
494741 496104
500260 501726
505852 507238
511130 512451
516353 517517
521395 522730
526839 528051
532364 533640
537958 539387
543564 545122
549357 550913
555229 556981
561121 562997
567194 568960
573041 574697
578733 580275
584488 586120
590381 591996
596264 597723
601755 603105
607134 608414
612240 613447
617238 618270
621831 623019
626616 627609
631221 632387
635896 637171
640723 642197
645563 647195
650567 652331
655793 657706
661389 663484
667402 669359
673207 675159
679135 681279
685420 687408
691711 693633
697922 699870
704264 706082
710399 712396
716471 718628
722588 724869
728939 731180
735103 737326
741029 743262
746749 749023
752750 755032
758936 761094
764788 766765
770215 772097
775492 777529
780688 782865
785913 788202
791341 793610
796857 799194
802588 805079
808443 811038
814403 817021
820215 822752
825766 828432
831505 834190
837373 840106
843472 846332
849842 852549
855993 858813
862395 865362
869114 872052
875702 878656
882523 885323
889270 891932
896060 898818
902778 905447
909226 911702
915351 917629
921508 923898
927696 930055
933863 936398
940220 942612
946679 949182
953304 955719
959901 962508
966741 969349
973633 976091
980304 982606
986868 989179
993514 995643
1000029 1002235
1006386 1008402
1012377 1014511
1018545 1020750
1024736 1027013
1031217 1033380
1037662 1039865
1043991 1046020
1050342 1052468
1056815 1058817
1063130 1065278
1069796 1071854
1076505 1078437
1083058 1085005
1089667 1091645
1096363 1098324
1102931 1104915
1109642 1111456
1116405 1118151
1123308 1125172
1130181 1131916
1136845 1138751
1143522 1145596
1150354 1152450
1157201 1159205
1163974 1166142
1171097 1173385
1178484 1180874
1185737 1188038
1192814 1195148
1199892 1202128
1206693 1208757
1213089 1214969
1219169 1221090
1225338 1227406
1231468 1233629
1237722 1239737
1243672 1245667
1249690 1251826
1255681 1257884
1261586 1263892
1267786 1269976
1274049 1276342
1280616 1282732
1287112 1289119
1293583 1295562
1300025 1301963
1306480 1308228
1312647 1314546
1318926 1320926
1325555 1327748
1332380 1334756
1339425 1341688
1346329 1348764
1353573 1355811
1360749 1362817
1367988 1370052
1375184 1377112
1382000 1383733
1388513 1390308
1395177 1396923
1401803 1403382
1408481 1410016
1414966 1416452
1421590 1422968
1428057 1429499
1434742 1436282
1441309 1442741
1447894 1449408
1454418 1456083
1461184 1462726
1467647 1469372
1474513 1476074
1481238 1482826
1488161 1489765
1495136 1496690
1502227 1503905
1509461 1511290
1517039 1518943
1524866 1526726
1532575 1534563
1540473 1542268
1548080 1550067
1555806 1557828
1563772 1565772
1571963 1574133
1580131 1582105
1587932 1590034
1595854 1598104
1603824 1606263
1611759 1614103
1619463 1621784
1627291 1629420
1635155 1637288
1643238 1645320
1651197 1653340
1659017 1661336
1666996 1669304
1674834 1677044
1682326 1684569
1689642 1691865
1696914 1699177
1704134 1706584
1711581 1713900
1719121 1721310
1726650 1729023
1734191 1736617
1741561 1743906
1749018 1751290
1756376 1758765
1763978 1766335
1771554 1774033
1779263 1781694
1786961 1789506
1794759 1797416
1802808 1805608
1810783 1813609
1818790 1821521
1826545 1829435
1834312 1837189
1841905 1844919
1849435 1852503
1857214 1860267
1864991 1867852
1872449 1875271
1879752 1882688
1887142 1889978
1894522 1897471
1902145 1905219
1909855 1913007
1917467 1920663
1925132 1928188
1932823 1935691
1940210 1942986
1947450 1950237
1954801 1957756
1962555 1965666
1970563 1973835
1978789 1982230
1987260 1990574
1995660 1998986
2004091 2007379
2012255 2015424
2020410 2023558
2028498 2031578
2036290 2039419
2043881 2047153
2051773 2054882
2059746 2062743
2067629 2070683
2075390 2078424
2083098 2086135
2090592 2093732
2098380 2101490
2106073 2109237
2113625 2116907
2121216 2124595
2128802 2132162
2136604 2139964
2144189 2147575
2151835 2155050
2159386 2162622
2166832 2169977
2174116 2177427
2181733 2185106
2189586 2192906
2197605 2201016
2205590 2209125
2213547 2216928
2221509 2224879
2229294 2232490
2237139 2240260
2245061 2248165
2253091 2256009
2260794 2263810
2268680 2271636
2276614 2279701
2284490 2287487
2292304 2295217
2300095 2303173
2307954 2310840
2315774 2318801
2323734 2326937
2331766 2335162
2340201 2343739
2348713 2352075
2357053 2360376
2365292 2368577
2373502 2376810
2381947 2385076
2389997 2393218
2398085 2401382
2406186 2409491
2414320 2417768
2422413 2425729
2430462 2433745
2438377 2441559
2446305 2449486
2454112 2457112
2461672 2464665
2469108 2472238
2476477 2479606
2483954 2487078
2491194 2494431
2498406 2501609
2505625 2508814
2513077 2516091
2520183 2523152
2527110 2530136
2533938 2536969
2540649 2543565
2547202 2550280
2553694 2556944
2560555 2563813
2567656 2571059
2574820 2578381
2582087 2585452
2589055 2592543
2596214 2599875
2603457 2607046
2610393 2614083
2617416 2621058
2624589 2628253
2631650 2635240
2638599 2642228
2645508 2649214
2652428 2656169
2659192 2663128
2666089 2670041
2673029 2676881
2679934 2683600
2686473 2690093
2693062 2696550
2699350 2702976
2705561 2709068
2711541 2715223
2717714 2721197
2723633 2727044
2729503 2732955
2735370 2738787
2741254 2744784
2747481 2750995
2753664 2757276
2759785 2763532
2765925 2769614
2771992 2775521
2777919 2781546
2784089 2787906
2790305 2794052
2796327 2800172
2802211 2806059
2808294 2812119
2814270 2818002
2819977 2823872
2825631 2829679
2831391 2835528
2837250 2841441
2843058 2847063
2848719 2852579
2854214 2858042
2859497 2863508
2864839 2869010
2870146 2874162
2875241 2879120
2880214 2884108
2885379 2889388
2890785 2894782
2896241 2900157
2901660 2905381
2907092 2910933
2912478 2916212
2917623 2921381
2922903 2926680
2928064 2931651
2933082 2936579
2938188 2941658
2943407 2946995
2948661 2952426
2954018 2957645
2959164 2962777
2964501 2967976
2969561 2973169
2974613 2978305
2979920 2983594
2985181 2988763
2990234 2993690
2995169 2998468
3000188 3003673
3005527 3008923
3010606 3014153
3015716 3019072
3020656 3023932
3025689 3028839
3030619 3033933
3035860 3039091
3040995 3044293
3046074 3049470
3051363 3054822
3056867 3060456
3062348 3065751
3067587 3071115
3073188 3076915
3079209 3083082
3085620 3089507
3092060 3096095
3098865 3102716
3105407 3109100
3111761 3115645
3118114 3122185
3124471 3128368
3130676 3134486
3136947 3140653
3143124 3147019
3149581 3153502
3155930 3159790
3162314 3166084
3168402 3172113
3174355 3177967
3179998 3183707
3185730 3189364
3191298 3195075
3197048 3200898
3202977 3206926
3208790 3212792
3214645 3218670
3220635 3224651
3226773 3230933
3233108 3237240
3239529 3243555
3245678 3249812
3251999 3256143
3258136 3262152
3263995 3268063
3270014 3274153
3276064 3280297
3282185 3286235
3287902 3292106
3293542 3297547
3299165 3303093
3304519 3308434
3309978 3313775
3315175 3318855
3320242 3323868
3325038 3328549
3329769 3333155
3334241 3337585
3338469 3341614
3342681 3345720
3346949 3350032
3351329 3354530
3355883 3358919
3360338 3363470
3364651 3367909
3369148 3372483
3373872 3377125
3378397 3381678
3382753 3385844
3386711 3389859
3390874 3393834
3395082 3398141
3399372 3402402
3403851 3407076
3408619 3411778
3413165 3416131
3417706 3420721
3422303 3425426
3427224 3430545
3432149 3435361
3437066 3440362
3442287 3445563
3447450 3450572
3452587 3455788
3457696 3460898
3462735 3465918
3467971 3471282
3473437 3476860
3479023 3482362
3484719 3488076
3490452 3493869
3496326 3499841
3502365 3506047
3508795 3512615
3515353 3519309
3521965 3525743
3528534 3532394
3535169 3538942
3541949 3545690
3548906 3552597
3555570 3559196
3562270 3566013
3568882 3572638
3575548 3579138
3582287 3586014
3589211 3593132
3596283 3600103
3603301 3606942
3609974 3613543
3616683 3620376
3623441 3627229
3630419 3634078
3637193 3640975
3644020 3647863
3650726 3654560
3657365 3661102
3663981 3667898
3670657 3674723
3677623 3681827
3684719 3688917
3691701 3695981
3698547 3702712
3705407 3709414
3712235 3716243
3719171 3723037
3725988 3730019
3733022 3737108
3740102 3744127
3747210 3751257
3754364 3758597
3761748 3765830
3769169 3773150
3776496 3780333
3783541 3787550
3790734 3794595
3797951 3801929
3805337 3809279
3812485 3816418
3819547 3823584
3826676 3830738
3833918 3838092
3841476 3845742
3848942 3853041
3856241 3860147
3863239 3867046
3870373 3874306
3877839 3881931
3885594 3889815
3893596 3897843
3901688 3906015
3909923 3914289
3918206 3922465
3926268 3930439
3934264 3938440
3942258 3946429
3950166 3954437
3958039 3962351
3965959 3970361
3974184 3978695
3982709 3987193
3991083 3995717
3999603 4004303
4008327 4013121
4017200 4021907
4025940 4030699
4034730 4039606
4043884 4048703
4053087 4057887
4062403 4067345
4071664 4076702
4081162 4086079
4090524 4095537
4099851 4104702
4109205 4113919
4118326 4123080
4127320 4132187
4136641 4141417
4146113 4150999
4155855 4160595
4165434 4170323
4175390 4180254
4185280 4190057
4194981 4199875
4205014 4209732
4214626 4219432
4224157 4229109
4233685 4238703
4243030 4248065
4252241 4257175
4261504 4266443
4270595 4275446
4279460 4284417
4288276 4293417
4297484 4302596
4306512 4311520
4315238 4320306
4324102 4329330
4333132 4338377
4341984 4347268
4350945 4356296
4359794 4365265
4368955 4374513
4378153 4383652
4387089 4392762
4395967 4401666
4405029 4410581
4413893 4419399
4422676 4428185
4431540 4437170
4440767 4446255
4449967 4455650
4459301 4465145
4468686 4474445
4477807 4483561
4487035 4492721
4496340 4501996
4505823 4511402
4515310 4520924
4524995 4530594
4534880 4540545
4544979 4550446
4554867 4560364
4564898 4570433
4575083 4580696
4585494 4590982
4596021 4601431
4606621 4612026
4617162 4622491
4627859 4633347
4638700 4644148
4649531 4655146
4660742 4666307
4671940 4677320
4683018 4688461
4694280 4699787
4705641 4711153
4716989 4722581
4728367 4734013
4739803 4745280
4751215 4756881
4762833 4768479
4774214 4779808
4785670 4791453
4797540 4803370
4809593 4815369
4821673 4827323
4833642 4839443
4845614 4851395
4857628 4863525
4869622 4875392
4881671 4887383
4893587 4899172
4905618 4911285
4917745 4923541
4930075 4936053
4942749 4948644
4955283 4961085
4967741 4973669
4980177 4986132
4992571 4998559
5004888 5011021
5017295 5023364
5029742 5035974
5042113 5048192
5054376 5060391
5066682 5072554
5079063 5084819
5091484 5097433
5103891 5110011
5116558 5122870
5129443 5135686
5142339 5148583
5155412 5161735
5168382 5174868
5181360 5187659
5193960 5200358
5206642 5213182
5219218 5225641
5231806 5238424
5244616 5251035
5257207 5263446
5269761 5276133
5282229 5288620
5294538 5301089
5307191 5313933
5319990 5326596
5332698 5339383
5345556 5352321
5358532 5365361
5371380 5378203
5384387 5391044
5397225 5403722
5410076 5416516
5422961 5429206
5435828 5442032
5448818 5454985
5461615 5467659
5474390 5480370
5487250 5493312
5500263 5506206
5513142 5519280
5526244 5532389
5539240 5545407
5552026 5558319
5564719 5570881
5577493 5583540
5590259 5596133
5602963 5608766
5615596 5621527
5628604 5634654
5641639 5647530
5654599 5660315
5667581 5673249
5680425 5685909
5693213 5698730
5706004 5711715
5719171 5724970
5732382 5738359
5745937 5752061
5759853 5765810
5773478 5779276
5786971 5792791
5800313 5806295
5813723 5819704
5827296 5833184
5840683 5846568
5854078 5859936
5867301 5873059
5880547 5886193
5893732 5899477
5907042 5912756
5920262 5926017
5933602 5939480
5947081 5952878
5960365 5966159
5973496 5979402
5986652 5992654
6000036 6006208
6013344 6019591
6026729 6033151
6040084 6046474
6053244 6059781
6066623 6072967
6079822 6086251
6093326 6099850
6106784 6113170
6120097 6126571
6133562 6139941
6147017 6153325
6160449 6166621
6173650 6179679
6186691 6192633
6199404 6205456
6212145 6218045
6224680 6230749
6237163 6243317
6249942 6256291
6262949 6269296
6276099 6282546
6289199 6295726
6302187 6308589
6314859 6321147
6327538 6333756
6339930 6346051
6352358 6358610
6365030 6371276
6377845 6383963
6390591 6396683
6403304 6409507
6416060 6422329
6428839 6435210
6441631 6447908
6454289 6460416
6466875 6473023
6479679 6485883
6492419 6498569
6505171 6511358
6517921 6524019
6530422 6536366
6543002 6548851
6555656 6561649
6568432 6574531
6581477 6587398
6594176 6600241
6606835 6612940
6619661 6625764
6632402 6638527
6645019 6651136
6657447 6663423
6669931 6676004
6682635 6688766
6695243 6701236
6707664 6713769
6720334 6726545
6733253 6739507
6746021 6752354
6759058 6765309
6772055 6778477
6785331 6791867
6798604 6805280
6811991 6818838
6825695 6832518
6839194 6845911
6852509 6859425
6866235 6873005
6879678 6886364
6892883 6899609
6906053 6912822
6919095 6926014
6932162 6939208
6945114 6952083
6958051 6964906
6970701 6977694
6983694 6990696
6996458 7003647
7009274 7016398
7021931 7028979
7034632 7041551
7047004 7053933
7059156 7066044
7071285 7078037
7083302 7089947
7095173 7101870
7107259 7114149
7119374 7126310
7131363 7138289
7143533 7150515
7155881 7162988
7168106 7175230
7180426 7187406
7192606 7199466
7204433 7211143
7216344 7222898
7228002 7234560
7239516 7245939
7251009 7257410
7262474 7268693
7273765 7280175
7285375 7291748
7297102 7303471
7308833 7315149
7320272 7326763
7331636 7337974
7342776 7349011
7353848 7359921
7364658 7370599
7375140 7380890
7385424 7391198
7395728 7401579
7406282 7412303
7416828 7422900
7427466 7433386
7437930 7443737
7448098 7453919
7458325 7464158
7468592 7474524
7479029 7485007
7489292 7495113
7499456 7505194
7509435 7515162
7519558 7525258
7529476 7535203
7539337 7545058
7549419 7555057
7559499 7565316
7569734 7575596
7580130 7585792
7590132 7595709
7600064 7605699
7610042 7615482
7619888 7625408
7629857 7635209
7639800 7645188
7649975 7655166
7659894 7664996
7669516 7674651
7679390 7684470
7689430 7694557
7699321 7704340
7709087 7714048
7719019 7723933
7728713 7733653
7738446 7743454
7748147 7753277
7757769 7762769
7767328 7772475
7776874 7782219
7786444 7791828
7796229 7801459
7805979 7811011
7815430 7820488
7825024 7830074
7834770 7839756
7844545 7849688
7854559 7859710
7864739 7870080
7875150 7880314
7885610 7890617
7895739 7900566
7905499 7910290
7915071 7919710
7924358 7928827
7933561 7938154
7942914 7947379
7952150 7956705
7961638 7966232
7971289 7975927
7981230 7985694
7990915 7995516
8000848 8005585
8010839 8015669
8021045 8026016
8031218 8036102
8041333 8046184
8051587 8056277
8061464 8066020
8071447 8075807
8081125 8085491
8090872 8095257
8100594 8105071
8110554 8114840
8120110 8124394
8129679 8134134
8139341 8143615
8148891 8153137
8158592 8162956
8168328 8172536
8177994 8182354
8187912 8192137
8197730 8201945
8207774 8211959
8217993 8222373
8228436 8232982
8238866 8243315
8249393 8253727
8259584 8264054
8269853 8274444
8280003 8284580
8290264 8295028
8300902 8305704
8311712 8316490
8322390 8327244
8333074 8337852
8343851 8348802
8354663 8359775
8365499 8370784
8376652 8381830
8387894 8392876
8398763 8403560
8409553 8414425
8420233 8425290
8431264 8436415
8442575 8447660
8453903 8458901
8465141 8470208
8476387 8481289
8487698 8492509
8498996 8503668
8510120 8514692
8521049 8525429
8531804 8536077
8542389 8546549
8553044 8557122
8563781 8567740
8574556 8578361
8585194 8588986
8595884 8599857
8606790 8610920
8617960 8621991
8629270 8633330
8640678 8644661
8652076 8656054
8663594 8667526
8675159 8678932
8686532 8690108
8697946 8701453
8709059 8712678
8720335 8723839
8731479 8735121
8742828 8746272
8753957 8757587
8765286 8768786
8776587 8779910
8787700 8790962
8798881 8802240
8810089 8813276
8821297 8824327
8832310 8835398
8843525 8846545
8854894 8857853
8866092 8869014
8877493 8880476
8889201 8892130
8900625 8903682
8911975 8915131
8923229 8926244
8934377 8937198
8945205 8947925
8955831 8958538
8966232 8969107
8976932 8979943
8987546 8990749
8998364 9001550
9009110 9012423
9019918 9023350
9030848 9034151
9041565 9044864
9052050 9055540
9062731 9066353
9073369 9077104
9084215 9087995
9095268 9099144
9106457 9110248
9117690 9121451
9128961 9132834
9140331 9144400
9151704 9155661
9162811 9166918
9174209 9178418
9185750 9190073
9197183 9201619
9208947 9213538
9220786 9225357
9232356 9236850
9243619 9247986
9254670 9258944
9265415 9269870
9276256 9280566
9287014 9291484
9297857 9302309
9308445 9312707
9319072 9323259
9329396 9333543
9339888 9343860
9350389 9354194
9360534 9364434
9370628 9374385
9380370 9384233
9390245 9394272
9400280 9404214
9410269 9414011
9420262 9423849
9430048 9433501
9439647 9443221
9449150 9452570
9458453 9461712
9467546 9470647
9476662 9479632
9485733 9488766
9495067 9498179
9504494 9507462
9513943 9516963
9523580 9526598
9533091 9536115
9542410 9545420
9551511 9554525
9560601 9563469
9569671 9572513
9578497 9581404
9587528 9590546
9596561 9599776
9605554 9608910
9614904 9618196
9624278 9627629
9633659 9636952
9643135 9646525
9652777 9656044
9662480 9665900
9672429 9675884
9682163 9685638
9691929 9695531
9702002 9705791
9712048 9715838
9722318 9726227
9732787 9736555
9743346 9747157
9754176 9758096
9764937 9769036
9775928 9779933
9786778 9790595
9797568 9801468
9808540 9812466
9819765 9823612
9831098 9835138
9842708 9846872
9854639 9858607
9866342 9870232
9877957 9881831
9889780 9893523
9901512 9905117
9912946 9916377
9923970 9927402
9934955 9938450
9945781 9949377
9956885 9960425
9968166 9971784
9979663 9983405
9991297 9995157
10003038 10006841
10014960 10018802
10026868 10030749
10038805 10042793
10050824 10054731
10062583 10066605
10074276 10078267
10085917 10089843
10097724 10101715
10109817 10113802
10121742 10125527
10133543 10137392
10145407 10149133
10156993 10160650
10168638 10172229
10180432 10184196
10192270 10195890
10203936 10207480
10215502 10219064
10227112 10230545
10238794 10242215
10250345 10253792
10261726 10265311
10273423 10277110
10284972 10288714
10296368 10299989
10307439 10311103
10318596 10322266
10329664 10333336
10340770 10344271
10351901 10355234
10362895 10366294
10374138 10377666
10385511 10388966
10396906 10400182
10408229 10411600
10419501 10423026
10431152 10434681
10442592 10446260
10453947 10457547
10465310 10468885
10476413 10479887
10487358 10490996
10498406 10502162
10509536 10513174
10520441 10523910
10531061 10534712
10541682 10545401
10552602 10556235
10563447 10567019
10574310 10577843
10585297 10588866
10596332 10599863
10607429 10611092
10618485 10622287
10629677 10633321
10640524 10644045
10651193 10654684
10661956 10665307
10672601 10676108
10683582 10687198
10694859 10698648
10706240 10709832
10717361 10720985
10728564 10732223
10739679 10743277
10750506 10754134
10761612 10765280
10772809 10776364
10783785 10787526
10795153 10799026
10806652 10810365
10817905 10821728
10829465 10833262
10840784 10844386
10851699 10855269
10862601 10866047
10873278 10876800
10884069 10887574
10894688 10898216
10905206 10908882
10915669 10919351
10926122 10929641
10936580 10940205
10947060 10950648
10957711 10961437
10968734 10972358
10979667 10983093
10990422 10993728
11000853 11004242
11011135 11014658
11021784 11025450
11032665 11036215
11043539 11046941
11054495 11057916
11065604 11069044
11076864 11080165
11087980 11091187
11099014 11102143
11109754 11112759
11120344 11123336
11131000 11133994
11141497 11144397
11152078 11154857
11162588 11165454
11173307 11176068
11183960 11186889
11194940 11197799
11205832 11208683
11216787 11219608
11227632 11230430
11238649 11241507
11249757 11252747
11260868 11263807
11272037 11274917
11282987 11285741
11293951 11296565
11304530 11307282
11315033 11317977
11325668 11328687
11336355 11339256
11346769 11349865
11357542 11360455
11368073 11371119
11378614 11381829
11389351 11392564
11400256 11403310
11411030 11414137
11421816 11424970
11432565 11435730
11443526 11446576
11454354 11457556
11465314 11468399
11476405 11479545
11487690 11490831
11499042 11502046
11510409 11513285
11521759 11524466
11533051 11535903
11544709 11547715
11556500 11559570
11568477 11571654
11580491 11583699
11592647 11595881
11604589 11607695
11616620 11619584
11628432 11631331
11640053 11642972
11651562 11654333
11662831 11665799
11674485 11677376
11686175 11688980
11698004 11700942
11709732 11712720
11721726 11724514
11733704 11736415
11745826 11748674
11757948 11760705
11770115 11773004
11782336 11785212
11794572 11797280
11806447 11809321
11818434 11821418
11830599 11833392
11842442 11845057
11854172 11856848
11866171 11868822
11878073 11880828
11890146 11892814
11902042 11904604
11913811 11916398
11925500 11928029
11937172 11939818
11949070 11951655
11960696 11963123
11972285 11974567
11983674 11986083
11995087 11997303
12006413 12008563
12017823 12019815
12029192 12031383
12040907 12043155
12052656 12055001
12064751 12067248
12077201 12079511
12089415 12091894
12101732 12104175
12114024 12116386
12126075 12128616
12138083 12140543
12149943 12152582
12162044 12164499
12173871 12176311
12185709 12188173
12197375 12199666
12208742 12210950
12219785 12222133
12231148 12233547
12242646 12245012
12254067 12256528
12265386 12267689
12276752 12279012
12288050 12290491
12299361 12301743
12310488 12313003
12321630 12324251
12332851 12335294
12343829 12346203
12354648 12357090
12365494 12367864
12376288 12378690
12387000 12389251
12397358 12399662
12407940 12410288
12418461 12420929
12429234 12431893
12440137 12442614
12450950 12453367
12461927 12464542
12473167 12475880
12484666 12487368
12496349 12498949
12507847 12510633
12519293 12522060
12530859 12533596
12542355 12545289
12554081 12556973
12565795 12568640
12577262 12580134
12588907 12591865
12600740 12603683
12612313 12615328
12623720 12626726
12634920 12637856
12646078 12649194
12657474 12660415
12668796 12671573
12680103 12682720
12691003 12693557
12702015 12704605
12713066 12715675
12724224 12726940
12735629 12738322
12747078 12749610
12758355 12761037
12769712 12772475
12780940 12783689
12792282 12794878
12803363 12805770
12814357 12816881
12825583 12828055
12836707 12839135
12847981 12850606
12859664 12862355
12871328 12874184
12883062 12885811
12894621 12897170
12906167 12908793
12917946 12920653
12929731 12932390
12941249 12943987
12952791 12955466
12964478 12966984
12975799 12978110
12986788 12989193
12997824 13000140
13008715 13011190
13020014 13022599
13031196 13033772
13042249 13045012
13053613 13056318
13065002 13067691
13076406 13078919
13087550 13089902
13098756 13101000
13110021 13112299
13121449 13123547
13132503 13134573
13143740 13145869
13154903 13157064
13166268 13168487
13177920 13180215
13189471 13191737
13200965 13203255
13212660 13215002
13224596 13226985
13236735 13238926
13248805 13251029
13260812 13262936
13272526 13274512
13283995 13285953
13295663 13297620
13307172 13309045
13318615 13320346
13330073 13331933
13341421 13343127
13352418 13354178
13363515 13365089
13374657 13376340
13386050 13387548
13397387 13398751
13408729 13410103
13419980 13421400
13431207 13432587
13442343 13443601
13453209 13454501
13463941 13465286
13474705 13475908
13485474 13486774
13496405 13497601
13507274 13508519
13518176 13519592
13529157 13530642
13540050 13541449
13550984 13552212
13561853 13562936
13572447 13573501
13582844 13584061
13593248 13594486
13603473 13604762
13613530 13614685
13623284 13624561
13633178 13634414
13642802 13643853
13652270 13653464
13661939 13663115
13671545 13672900
13681363 13682738
13691101 13692636
13700869 13702421
13710432 13711975
13719755 13721364
13729195 13730627
13738427 13739876
13747695 13749153
13756736 13758188
13765585 13767027
13774349 13775617
13782999 13784288
13791454 13792673
13800033 13801146
13808552 13809796
13817030 13818125
13825206 13826238
13833218 13834137
13841033 13842121
13849211 13850445
13857393 13858755
13865457 13866753
13873410 13874663
13881383 13882530
13889185 13890176
13896980 13897939
13904878 13905945
13912811 13913760
13920455 13921211
13928061 13928929
13935955 13936843
13943812 13944839
13951769 13952875
13959749 13960869
13967700 13968855
13975486 13976620
13983063 13984315
13990907 13992159
13998972 14000321
14006919 14008167
14014825 14015905
14022708 14023656
14030356 14031232
14038108 14039134
14045870 14046951
14053644 14054630
14061394 14062391
14069251 14070062
14076699 14077662
14084439 14085313
14092171 14093021
14099780 14100611
14107507 14108249
14115167 14115927
14122959 14123662
14130628 14131423
14138341 14139024
14145699 14146426
14153320 14154029
14160689 14161443
14167956 14168781
14175258 14176005
14182685 14183314
14189870 14190591
14196974 14197530
14203782 14204152
14210548 14211057
14217303 14217653
14223996 14224148
14230543 14230861
14237494 14237854
14244261 14244715
14251219 14251629
14257927 14258212
14264486 14264881
14271322 14271765
14278323 14278702
14285160 14285581
14291935 14292405
14298525 14298965
14305321 14305569
14312053 14312401
14318920 14319348
14325933 14326391
14332786 14333047
14339453 14339862
14346083 14346659
14352644 14353335
14359548 14360117
14366273 14366910
14372932 14373677
14379471 14380106
14386146 14386716
14392723 14393174
14399387 14399970
14406314 14407066
14413465 14414295
14420515 14421532
14427770 14428591
14434803 14435712
14442029 14443082
14449329 14450314
14456583 14457392
14463679 14464461
14470904 14471498
14477894 14478659
14484852 14485639
14492036 14492704
14498970 14499675
14505935 14506746
14512871 14513781
14519880 14520945
14526794 14527881
14533724 14534870
14540771 14541972
14547821 14549090
14554955 14556123
14562228 14563218
14569524 14570369
14576567 14577487
14583750 14584776
14591286 14592116
14598427 14599399
14605489 14606433
14612709 14613472
14619928 14620502
14627088 14627586
14633973 14634387
14640564 14641006
14647112 14647680
14653569 14654095
14660119 14660459
14666420 14666682
14672671 14672849
14679002 14679184
14685573 14685741
14692249 14692404
14698903 14698929
14705307 14705324
14711743 14711815
14718203 14718243
14724619 14724752
14730941 14730946
14736905 14736937
14742908 14743067
14749144 14749167
14755279 14755352
14761646 14761717
14768216 14768311
14774690 14774773
14780980 14781046
14787293 14787376
14793796 14793900
14800421 14800588
14807097 14807448
14813796 14814001
14820207 14820284
14826634 14826649
14833181 14833304
14840012 14840148
14846947 14847256
14853941 14854131
14860609 14860938
14867582 14868096
14874917 14875547
14882381 14883206
14889985 14890781
14897344 14897982
14904453 14905159
14911669 14912195
14918548 14918961
14925221 14925438
14931843 14931983
14938626 14938951
14945471 14945961
14952273 14952815
14958975 14959617
14965690 14966302
14972620 14973087
14979604 14979984
14986478 14987004
14993248 14993829
14999996 15000555
15006546 15006933
15012946 15013410
15019238 15019504
15025568 15025761
15031739 15032052
15037977 15038160
15044052 15044323
15049989 15050401
15055972 15056550
15062211 15062666
15068566 15069037
15075145 15075530
15081795 15082014
15088217 15088557
15094568 15094940
15100854 15101092
15107187 15107251
15113192 15113235
15119213 15119300
15125450 15125581
15131806 15131833
15137889 15137926
15144138 15144230
15150529 15150803
15157328 15157748
15164500 15164951
15171819 15172255
15178989 15179506
15186019 15186588
15192926 15193686
15199907 15200552
15206994 15207458
15214148 15214566
15221434 15221784
15228589 15229132
15235847 15236576
15243377 15244064
15250942 15251673
15258343 15258931
15265682 15266408
15273017 15273682
15280419 15281128
15287943 15288681
15295323 15296079
15302824 15303530
15310412 15311195
15318174 15318864
15325664 15326343
15333151 15333663
15340238 15340698
15347309 15347701
15354406 15354781
15361698 15361930
15368780 15368913
15375906 15376022
15383225 15383502
15390821 15391258
15398460 15399094
15406453 15407174
15414304 15415110
15422275 15423274
15430418 15431267
15438605 15439379
15446886 15447847
15455589 15456506
15464077 15464823
15472454 15473193
15481023 15481798
15489646 15490525
15498213 15499206
15506758 15507926
15515480 15516471
15524003 15525041
15532409 15533440
15540837 15542024
15549204 15550491
15557907 15559178
15566506 15567864
15575105 15576530
15583716 15585289
15592569 15593955
15601324 15602907
15610421 15612034
15619492 15621217
15628920 15630512
15638045 15639573
15647291 15648842
15656675 15658414
15666216 15668049
15675693 15677363
15685003 15686706
15694211 15695950
15703300 15705061
15712416 15714207
15721672 15723275
15730979 15732477
15739947 15741557
15749032 15750823
15758282 15759907
15767423 15769038
15776336 15777902
15785295 15787024
15794501 15796229
15803833 15805570
15813130 15814839
15822347 15824111
15831659 15833483
15840808 15842771
15849984 15851978
15858976 15861053
15868017 15870020
15876944 15878773
15885700 15887637
15894776 15896773
15903715 15905853
15912924 15915049
15921900 15923932
15930720 15932607
15939578 15941485
15948329 15950312
15957122 15959000
15966007 15967813
15974850 15976792
15983894 15985849
15993167 15995315
16002509 16004714
16012029 16014278
16021533 16023630
16031102 16033390
16040666 16043076
16050193 16052548
16059484 16061695
16068757 16070863
16078122 16080235
16087733 16089803
16097418 16099674
16107459 16109604
16117542 16119537
16127690 16129679
16137824 16139741
16147873 16149716
16157795 16159567
16167541 16169266
16177133 16178821
16186826 16188384
16196178 16197858
16205867 16207457
16215634 16217216
16225499 16227055
16235577 16237100
16245497 16246934
16255293 16256865
16265193 16266666
16275124 16276675
16285010 16286704
16294898 16296635
16304895 16306577
16314874 16316461
16324538 16326115
16334116 16335689
16343521 16345037
16352711 16354184
16361619 16363273
16370593 16372111
16379400 16381087
16388512 16390164
16397642 16399117
16406533 16407981
16415325 16416916
16424186 16425919
16433393 16434984
16442268 16443772
16451166 16452696
16460248 16461769
16469358 16471061
16478665 16480421
16488217 16490021
16497903 16499839
16507714 16509548
16517574 16519501
16527758 16529594
16537978 16539774
16548282 16550134
16558412 16560184
16568472 16570257
16578571 16580421
16588755 16590608
16598716 16600547
16608771 16610800
16619257 16621318
16629997 16632080
16641002 16643212
16652117 16654203
16662874 16664850
16673609 16675465
16684234 16686021
16694760 16696540
16705076 16706848
16715372 16717280
16725936 16727719
16736541 16738141
16747021 16748743
16757733 16759353
16768278 16769708
16778575 16780055
16788770 16790294
16798891 16800608
16809174 16810747
16819434 16821018
16829590 16831242
16839814 16841545
16849869 16851540
16859653 16861290
16869645 16871145
16879611 16881165
16889818 16891548
16900363 16902182
16911053 16912722
16921719 16923419
16932434 16934082
16943006 16944797
16953514 16955202
16963764 16965296
16974057 16975498
16984019 16985570
16994156 16995680
17004413 17005869
17014517 17015868
17024470 17025779
17034327 17035594
17043989 17045324
17053834 17055022
17063670 17065041
17073600 17074844
17083258 17084666
17093048 17094649
17103277 17104734
17113306 17114833
17123526 17125019
17133650 17135239
17143704 17145099
17153584 17154976
17163494 17164857
17173514 17174935
17183818 17185057
17193911 17195146
17204059 17205449
17214223 17215688
17224516 17225864
17234810 17236306
17245389 17246908
17256219 17257610
17267001 17268554
17278176 17279903
17289530 17291212
17301026 17302552
17312602 17313979
17323846 17325134
17335061 17336360
17346353 17347585
17357496 17358778
17368830 17370182
17380130 17381472
17391224 17392437
17402072 17403249
17412698 17413921
17423232 17424308
17433391 17434414
17443515 17444603
17453915 17454995
17464269 17465165
17474525 17475319
17484679 17485436
17494626 17495469
17504636 17505450
17514721 17515594
17524702 17525403
17534360 17535187
17544016 17544971
17553748 17554746
17563684 17564701
17573547 17574667
17583427 17584499
17593224 17594296
17603239 17604507
17613212 17614313
17622997 17624119
17632741 17633702
17642524 17643350
17651932 17652918
17661383 17662564
17671035 17672146
17680404 17681524
17689969 17691154
17699440 17700623
17709005 17710289
17718441 17719608
17727993 17729136
17737757 17738885
17747375 17748680
17757403 17758903
17767653 17768990
17777669 17778993
17787450 17788582
17796824 17797762
17805825 17806696
17814528 17815205
17823056 17823795
17831650 17832506
17840276 17841056
17848834 17849600
17857283 17858100
17865581 17866454
17874166 17874936
17882410 17883313
17890932 17891800
17899268 17900259
17907612 17908781
17916177 17917255
17924787 17925805
17933399 17934473
17941977 17942921
17950196 17951310
17958651 17959789
17966943 17967921
17975101 17975880
17982942 17983579
17990707 17991527
17998882 17999744
18006878 18007682
18014632 18015440
18022548 18023203
18030211 18030895
18038067 18038839
18046086 18046687
18053829 18054374
18061295 18061789
18068880 18069334
18076186 18076482
18083476 18083711
18090522 18090890
18097824 18098348
18105078 18105727
18112305 18112757
18119430 18120004
18126772 18127525
18134274 18135151
18142006 18142686
18149480 18150060
18157084 18157598
18164869 18165202
18172395 18172790
18180126 18180708
18188212 18188816
18196294 18197061
18204514 18205371
18212996 18213960
18221633 18222534
18230370 18231322
18239250 18240057
18248074 18248895
18256898 18257807
18265808 18266797
18274949 18275843
18283882 18284621
18292451 18293179
18301079 18301674
18309615 18310176
18318336 18318790
18326926 18327487
18335584 18336039
18344051 18344378
18352149 18352569
18360519 18360809
18368986 18369395
18377755 18378135
18386511 18386861
18395331 18395794
18404281 18404727
18413449 18413858
18422459 18422988
18431368 18431986
18440316 18440778
18449191 18449617
18458138 18458571
18467177 18467592
18476008 18476524
18484814 18485386
18493785 18494450
18502980 18503539
18512020 18512646
18520888 18521622
18530048 18530935
18539301 18540128
18548380 18549147
18557451 18558113
18566241 18567016
18575124 18575965
18584173 18584919
18593201 18594031
18602068 18602736
18610875 18611425
18619761 18620440
18629011 18629670
18638366 18639154
18647921 18648879
18657547 18658568
18667439 18668638
18677678 18678995
18688280 18689558
18698625 18699965
18709136 18710591
18719599 18721081
18729965 18731348
18740398 18741814
18750935 18752431
18761472 18763077
18772228 18773928
18782988 18784533
18793793 18795158
18804233 18805560
18814788 18815925
18825378 18826370
18835992 18837080
18846746 18847790
18857215 18858286
18867511 18868617
18878005 18879201
18888467 18889862
18899320 18900869
18910411 18912037
18921648 18923195
18932749 18934204
18943599 18945158
18954526 18955947
18965105 18966497
18975443 18977012
18985809 18987329
18996062 18997730
19006277 19007931
19016706 19018310
19027305 19029074
19038013 19039888
19048713 19050785
19059791 19061767
19070653 19072813
19081567 19083707
19092338 19094526
19103075 19105345
19114028 19116150
19124603 19126701
19135108 19137154
19145711 19147953
19156508 19158861
19167516 19169872
19178362 19180798
19189413 19191668
19200261 19202523
19211292 19213369
19221975 19224159
19232999 19235322
19244154 19246645
19255315 19257902
19266616 19269247
19277944 19280698
19289279 19291899
19300516 19303328
19311999 19315001
19323660 19326788
19335560 19338749
19347301 19350545
19358963 19362121
19370419 19373417
19381928 19384974
19393267 19396458
19404875 19407975
19416426 19419405
19427729 19430702
19438829 19441948
19449847 19452787
19460605 19463735
19471348 19474646
19482448 19485710
19493305 19496660
19504144 19507567
19514974 19518576
19526068 19529501
19537172 19540763
19548407 19552009
19559447 19562968
19570536 19574064
19581776 19585421
19593170 19596671
19604370 19607965
19615850 19619534
19627447 19631001
19638902 19642466
19650236 19653862
19661576 19665330
19673010 19676892
19684541 19688525
19696005 19700183
19707798 19712048
19719795 19723931
19731561 19735624
19743351 19747580
19755233 19759470
19767132 19771519
19779259 19783557
19791385 19795621
19803638 19807682
19815879 19819753
19827973 19831719
19839803 19843589
19851733 19855620
19863690 19867426
19875282 19878900
19886619 19890187
19897730 19901482
19909049 19912707
19920416 19924114
19931661 19935283
19943035 19946720
19954714 19958381
19966148 19969802
19977521 19981274
19989046 19992921
20000708 20004766
20012440 20016425
20024116 20028218
20035711 20039816
20047224 20051511
20059138 20063448
20071305 20075454
20083388 20087606
20095296 20099408
20107339 20111351
20119483 20123598
20131689 20135708
20143788 20147846
20155680 20159875
20167567 20171832
20179618 20183988
20191622 20195870
20203518 20207920
20215384 20219876
20227240 20231778
20239278 20243644
20251255 20255791
20263581 20268175
20276211 20280972
20288998 20293582
20301439 20305885
20313986 20318303
20326198 20330527
20338265 20342667
20350221 20354537
20361907 20366352
20373586 20377959
20385263 20389504
20396696 20401081
20408064 20412328
20419210 20423583
20430410 20434593
20441610 20445897
20452987 20457302
20464474 20468647
20475667 20479859
20486903 20491227
20498443 20502621
20509627 20513999
20521022 20525524
20532579 20537234
20544447 20549194
20556394 20561112
20568132 20572809
20579997 20584849
20591803 20596525
20603647 20608457
20615424 20620193
20626942 20631631
20638143 20643011
20649572 20654454
20661158 20666111
20672803 20677692
20684510 20689327
20696379 20701387
20708575 20713609
20720735 20725710
20732616 20737714
20744421 20749528
20756128 20761343
20767865 20772965
20779346 20784527
20790669 20795699
20801595 20806469
20812196 20817066
20822764 20827799
20833282 20838341
20844047 20849305
20855167 20860382
20866050 20871326
20877062 20882527
20888372 20893902
20899933 20905492
20911312 20916720
20922367 20927659
20933457 20938676
20944644 20950043
20955902 20961463
20967375 20972784
20978712 20984215
20990011 20995653
21001386 21007218
21013067 21018908
21024879 21030886
21036717 21042601
21048544 21054243
21060419 21066082
21072023 21077695
21083824 21089670
21096040 21102071
21108502 21114479
21120716 21126779
21132805 21138792
21144739 21150732
21156713 21162737
21168847 21174787
21181084 21187058
21193165 21199275
21205343 21211597
21217794 21224171
21230240 21236520
21242556 21248998
21255089 21261600
21267737 21274380
21280473 21287211
21293449 21300005
21306371 21312797
21319115 21325712
21331896 21338559
21344768 21351279
21357395 21363729
21369889 21376369
21382675 21389253
21395751 21402382
21408714 21415283
21421555 21428204
21434604 21441323
21447484 21454263
21460449 21467102
21473138 21479662
21485907 21492325
21498503 21505017
21511300 21517976
21524173 21530838
21536924 21543688
21549733 21556393
21562216 21568845
21574750 21581445
21587569 21594161
21600083 21606608
21612336 21618839
21624483 21631143
21636574 21643391
21649056 21656014
21661534 21668690
21674147 21681316
21686956 21694012
21699554 21706450
21711963 21718929
21724468 21731428
21736995 21744022
21749416 21756387
21761933 21768780
21774166 21781041
21786362 21793413
21798524 21805625
21810818 21817742
21823039 21829940
21835179 21842080
21847423 21854247
21859490 21866259
21871649 21878608
21884234 21890993
21896497 21903123
21908469 21915248
21920598 21927538
21932877 21939987
21945123 21952263
21957536 21964742
21969964 21977270
21982441 21989943
21994989 22002415
22007299 22014784
22019825 22027461
22032459 22040253
22045120 22052843
22057555 22065411
22070114 22077852
22082666 22090271
22095045 22102786
22107487 22115392
22120063 22128003
22132722 22140515
22145023 22152684
22157030 22164504
22169004 22176336
22181046 22188234
22192932 22200115
22204905 22212166
22216883 22224140
22229017 22236112
22240824 22248104
22252774 22260175
22264881 22272224
22276722 22284214
22288912 22296218
22300801 22307949
22312641 22319714
22324295 22331489
22335897 22343072
22347416 22354442
22358644 22365724
22370167 22377283
22381888 22388978
22393530 22400814
22405498 22412894
22417512 22425075
22429801 22437261
22441874 22449142
22454001 22461445
22466306 22473678
22478778 22486066
22491099 22498360
22503333 22510724
22515648 22522970
22527655 22535150
22539705 22547089
22551752 22559046
22563526 22570697
22575244 22582326
22587017 22594156
22598606 22605783
22610174 22617420
22621821 22628988
22633386 22640386
22644911 22652045
22656449 22663459
22667952 22674990
22679239 22686452
22690756 22697877
22701967 22709279
22713203 22720430
22724117 22731542
22735406 22742808
22746740 22754141
22757974 22765363
22768956 22776285
22779927 22787313
22791102 22798419
22802190 22809636
22813401 22820696
22824633 22832029
22835980 22843299
22847328 22854604
22858616 22865842
22869653 22876780
22880358 22887476
22891241 22898230
22901891 22908959
22912747 22919980
22923863 22931059
22934761 22942009
22945644 22952832
22956713 22963981
22967705 22975129
22978894 22986199
22989796 22997115
23000958 23008451
23012199 23019852
23023647 23031135
23034702 23042109
23045820 23053394
23056900 23064441
23067739 23075421
23078712 23086405
23089636 23097350
23100605 23108413
23111846 23119458
23122675 23130217
23133221 23140831
23143846 23151553
23154614 23162298
23165583 23173330
23176651 23184438
23187891 23195829
23199093 23206957
23210062 23218019
23221170 23229291
23232681 23240733
23244199 23252061
23255485 23263451
23266682 23274759
23278200 23286198
23289774 23297858
23301564 23309511
23313390 23321402
23325176 23333261
23336883 23344954
23348614 23356591
23360062 23368024
23371585 23379638
23383101 23391329
23394994 23403285
23407075 23415207
23419202 23427497
23431389 23439874
23443921 23452348
23456532 23464940
23468902 23477252
23481189 23489625
23493730 23502148
23506465 23515017
23519539 23528198
23532666 23541207
23545557 23554067
23558284 23566940
23571352 23579901
23584274 23592720
23597197 23605743
23609989 23618438
23622517 23630855
23635138 23643611
23647858 23656281
23660548 23669110
23673583 23682307
23686996 23695718
23700443 23709209
23714146 23723016
23727704 23736416
23740921 23749616
23754169 23762764
23767136 23775882
23780057 23788770
23793090 23801913
23806472 23815292
23819648 23828663
23832961 23841838
23845939 23854726
23858678 23867513
23871678 23880459
23884538 23893390
23897559 23906263
23910625 23919181
23923766 23932326
23936843 23945479
23950150 23958959
23963383 23972229
23976710 23985549
23990077 23998834
24003304 24012070
24016343 24024972
24029036 24037728
24041919 24050512
24054682 24063100
24067443 24075795
24080026 24088444
24092426 24100964
24104848 24113303
24117077 24125431
24129135 24137530
24141047 24149411
24153077 24161395
24164856 24173144
24176726 24184929
24188396 24196767
24200371 24208648
24212483 24220827
24224883 24233303
24237581 24246048
24250509 24259006
24263613 24271933
24276539 24284783
24289470 24297812
24302335 24310813
24315121 24323582
24327777 24336163
24340487 24348953
24353149 24361666
24365999 24374319
24378699 24387109
24391319 24399747
24403929 24412225
24416462 24424708
24428755 24437196
24441381 24449629
24453774 24461875
24466098 24474094
24478431 24486573
24491083 24499213
24503652 24511594
24516255 24524313
24529112 24537276
24542320 24550587
24555510 24563853
24568615 24576848
24581787 24589977
24594842 24603045
24608064 24616122
24621239 24629322
24634671 24642736
24648084 24656153
24661353 24669322
24674734 24682688
24688085 24696155
24701444 24709452
24714763 24722804
24728258 24736214
24741475 24749333
24754439 24762336
24767580 24775349
24780599 24788206
24793416 24800995
24805998 24813447
24818414 24826011
24830905 24838457
24843452 24850809
24855734 24863136
24867929 24875222
24880133 24887468
24892485 24899686
24904677 24912067
24917114 24924502
24929714 24937052
24942497 24949696
24955232 24962438
24967799 24975092
24980305 24987635
24993014 25000258
25005738 25012939
25018311 25025484
25030846 25037827
25043026 25050065
25055485 25062483
25068149 25075048
25080570 25087398
25092774 25099682
25104984 25112047
25117497 25124579
25129951 25137206
25142353 25149509
25154639 25161734
25166683 25173668
25178722 25185718
25190960 25198045
25203187 25210263
25215344 25222283
25227283 25234186
25239342 25246288
25251325 25258387
25263491 25270707
25275739 25282931
25287916 25295212
25300067 25307479
25312320 25319697
25324785 25332154
25337110 25344501
25349698 25357050
25362271 25369581
25374864 25382191
25387671 25395134
25400482 25408141
25413568 25421200
25426614 25434083
25439313 25446633
25451976 25459295
25464665 25471922
25477420 25484834
25490469 25497929
25503464 25511062
25516705 25524217
25530053 25537672
25543355 25550897
25556493 25564016
25569467 25576851
25582400 25589936
25595239 25602708
25607886 25615403
25620419 25627839
25633014 25640446
25645743 25653121
25658383 25665593
25670780 25677847
25683245 25690503
25696042 25703338
25709115 25716366
25722113 25729430
25735155 25742655
25748155 25755476
25761116 25768292
25774032 25781393
25786997 25794258
25799627 25806862
25812056 25819276
25824335 25831675
25836898 25844222
25849487 25856802
25861986 25869328
25874314 25881757
25886628 25894207
25899177 25906885
25912017 25919761
25924823 25932533
25937572 25945379
25950550 25958262
25963252 25971125
25975898 25983830
25988525 25996656
26001513 26009510
26014269 26022068
26026933 26034849
26039879 26047614
26052568 26060394
26065394 26073140
26078092 26085813
26090938 26098845
26104065 26112124
26117158 26125241
26130472 26138372
26143420 26151143
26156395 26164214
26169579 26177263
26182654 26190305
26195654 26203205
26208472 26215855
26221167 26228585
26233853 26241228
26246321 26253504
26258682 26265772
26271097 26278241
26283606 26290792
26296245 26303410
26308997 26316355
26322187 26329451
26335370 26342805
26348736 26356266
26361994 26369522
26375118 26382743
26388266 26395947
26401428 26408923
26414383 26421768
26427382 26434913
26440324 26447714
26453185 26460420
26465660 26472767
26478011 26485092
26490336 26497389
26502851 26509842
26515210 26522237
26527397 26534432
26539535 26546750
26551975 26559256
26564702 26572009
26577316 26584465
26589893 26596978
26602652 26609847
26615547 26622692
26628411 26635479
26641239 26648207
26654187 26661326
26667106 26674380
26680058 26687361
26693170 26700343
26706009 26713019
26718585 26725572
26731340 26738164
26743799 26750429
26756082 26762577
26768112 26774553
26779979 26786221
26791679 26797908
26803608 26809828
26815644 26821826
26827772 26833848
26839846 26845793
26851732 26857605
26863296 26869060
26874723 26880681
26886405 26892325
26898083 26904002
26909909 26915968
26922117 26927986
26934161 26940158
26946542 26952519
26958698 26964621
26970780 26976851
26983213 26989223
26995645 27001456
27007826 27013492
27019725 27025502
27031937 27037688
27044197 27049981
27056700 27062633
27069479 27075221
27082245 27088077
27094890 27100847
27107659 27113549
27120318 27126226
27133045 27138929
27145944 27151922
27159140 27165012
27172078 27177810
27184676 27190237
27197071 27202803
27209811 27215435
27222645 27228134
27235227 27240547
27247610 27253029
27260052 27265391
27272425 27277675
27284719 27290138
27297332 27302949
27310310 27316050
27323339 27329185
27336263 27342035
27349029 27354764
27361972 27367789
27375199 27380872
27388337 27394185
27401827 27407527
27415313 27420903
27428884 27434284
27442068 27447436
27455105 27460661
27468366 27473860
27481737 27487104
27495033 27500552
27508327 27513933
27521889 27527667
27535591 27541479
27549354 27555063
27563129 27568886
27576954 27582602
27590844 27596516
27604582 27610358
27618316 27624137
27632072 27637719
27645410 27650947
27658651 27664379
27672001 27677778
27685595 27691414
27699138 27704766
27712316 27717976
27725542 27731200
27738878 27744593
27752167 27758038
27765852 27771917
27779482 27785612
27793249 27799195
27806619 27812749
27820151 27826249
27833533 27839777
27847147 27853221
27860437 27866650
27874090 27880197
27887526 27893630
27901144 27907335
27914981 27921172
27928796 27934792
27942604 27948762
27956820 27963114
27971384 27977638
27985933 27992291
28000474 28006976
28014989 28021452
28029433 28035919
28043787 28050132
28057783 28064089
28071758 28077976
28085713 28091996
28099858 28106187
28114294 28120769
28128841 28135424
28143661 28150295
28158477 28164938
28172919 28179244
28187274 28193450
28201303 28207505
28215327 28221336
28229258 28235442
28243489 28249692
28257812 28263865
28272190 28278353
28286665 28292876
28300986 28307333
28315199 28321635
28329291 28335531
28343216 28349319
28357190 28363380
28371218 28377397
28385086 28391066
28398763 28404636
28412181 28417932
28425620 28431355
28439147 28444910
28452752 28458648
28466443 28472286
28479960 28485625
28493406 28499039
28506589 28512209
28519531 28525041
28532277 28537779
28545135 28550447
28557556 28562936
28570146 28575714
28583099 28588681
28595886 28601285
28608388 28613710
28620616 28626129
28632812 28638336
28645002 28650433
28657250 28662840
28669479 28675172
28681798 28687673
28694400 28700337
28707199 28713324
28720099 28726394
28733064 28739341
28746222 28752658
28759612 28765934
28773048 28779300
28786632 28792910
28800458 28806873
28814293 28820641
28828128 28834401
28842060 28848373
28856163 28862485
28870358 28876599
28884574 28890907
28898696 28905141
28912784 28919118
28926936 28933361
28940971 28947463
28954935 28961373
28968816 28975163
28982762 28989013
28996576 29002797
29010491 29016649
29024361 29030470
29038205 29044385
29051995 29058308
29065682 29071818
29079192 29085512
29092652 29099044
29106093 29112345
29119160 29125388
29132199 29138270
29145004 29151173
29158110 29164467
29171597 29178106
29184987 29191521
29198285 29204675
29211606 29217832
29224545 29230901
29237514 29243712
29250497 29256733
29263404 29269557
29276174 29282130
29288973 29295122
29301990 29307999
29314952 29320803
29327865 29333877
29341172 29347203
29354707 29360747
29368026 29374199
29381692 29387847
29395525 29401726
29409615 29415926
29423719 29430227
29437900 29444516
29452027 29458688
29466123 29472921
29480604 29487441
29494978 29501803
29509523 29516212
29523960 29530842
29538767 29545492
29553501 29560322
29568564 29575332
29583567 29590384
29598465 29605100
29613076 29619685
29627812 29634336
29642647 29649113
29657395 29664018
29672270 29678929
29687261 29693848
29702039 29708426
29716833 29723294
29731758 29738039
29746359 29752508
29760884 29766964
29775387 29781603
29790190 29796324
29804993 29810954
29819829 29825844
29834871 29841081
29850155 29856243
29865309 29871298
29880484 29886509
29895889 29901881
29911444 29917584
29927388 29933419
29943275 29949295
29958988 29964926
29974448 29980324
29989756 29995612
30005036 30011020
30020579 30026475
30036039 30041774
30051242 30057155
30066756 30072548
30082053 30088019
30097683 30103553
30113280 30119066
30128797 30134455
30144368 30150156
30159963 30165786
30175391 30181399
30191052 30197218
30206713 30212738
30222469 30228655
30238554 30244874
30254887 30261217
30271225 30277555
30287319 30293486
30303221 30309227
30318830 30324809
30334277 30340332
30349727 30355909
30365430 30371645
30380918 30386963
30396482 30402362
30411722 30417416
30426880 30432376
30441982 30447659
30457494 30463325
30472956 30478950
30488692 30494564
30504178 30509996
30519505 30525183
30534744 30540621
30550101 30556019
30565452 30571517
30580991 30586912
30596316 30602232
30611420 30617476
30626874 30632746
30642333 30648239
30658069 30663867
30673549 30679243
30689066 30694794
30704607 30710321
30720137 30725819
30735612 30741321
30751157 30756745
30766662 30772384
30782436 30788257
30798496 30804512
30814897 30821080
30831693 30837828
30848452 30854708
30865250 30871320
30881962 30887990
30898849 30904980
30915679 30921914
30932535 30938835
30949324 30955592
30966328 30972742
30983334 30989850
31000460 31006786
31017285 31023623
31034067 31040405
31050743 31056927
31067362 31073684
31084069 31090291
31100798 31107181
31117497 31124049
31134281 31140975
31151422 31158111
31168583 31175427
31185856 31192618
31202915 31209712
31220126 31226879
31237306 31244062
31254681 31261471
31272303 31279147
31289998 31296746
31307518 31314152
31324779 31331578
31342434 31349149
31359975 31366738
31377524 31384462
31395036 31402117
31412768 31419932
31430561 31437782
31448389 31455442
31466052 31472998
31483616 31490738
31501179 31508179
31518822 31526016
31536568 31543635
31554122 31561050
31571485 31578224
31588797 31595634
31606033 31612745
31622894 31629427
31639750 31646187
31656677 31662956
31673428 31679594
31689868 31696178
31706307 31712443
31722331 31728633
31738520 31744915
31754986 31761194
31771166 31777204
31787178 31793245
31803275 31809420
31819532 31825837
31835793 31842215
31852284 31858630
31868534 31874999
31884832 31891187
31901216 31907470
31917268 31923497
31933307 31939387
31948981 31955220
31964817 31971113
31980498 31986799
31996364 32002595
32012131 32018430
32028184 32034451
32044300 32050553
32060386 32066838
32076909 32083346
32093172 32099745
32109539 32116242
32126141 32132924
32143002 32149789
32159914 32166747
32176641 32183288
32193051 32199512
32209191 32215612
32225174 32231679
32241149 32247637
32257231 32263795
32273144 32279699
32288973 32295387
32304632 32310975
32320440 32326861
32336204 32342592
32351935 32358443
32367709 32374381
32383686 32390167
32399505 32405867
32415157 32421594
32430842 32437357
32446643 32453337
32462804 32469659
32479311 32486030
32495746 32502473
32512337 32519088
32528748 32535414
32545242 32552086
32561961 32568943
32578727 32585603
32595231 32602013
32611610 32618495
32628010 32634992
32644740 32651598
32661134 32667793
32677379 32684034
32693665 32700139
32709830 32716106
32725904 32732244
32742113 32748438
32758069 32764304
32773691 32779734
32789038 32795203
32804569 32810657
32820146 32826175
32835488 32841573
32850873 32857108
32866352 32872760
32882103 32888400
32897498 32903658
32912780 32918930
32927997 32934134
32943243 32949261
32958222 32964065
32973041 32978931
32987685 32993511
33002070 33007844
33016232 33022150
33030620 33036603
33044988 33050967
33059575 33065691
33074244 33080554
33088857 33095144
33103467 33109929
33118201 33124861
33133136 33139679
33147848 33154230
33162415 33168845
33177227 33183562
33191877 33198145
33206223 33212308
33220435 33226324
33234439 33240157
33248115 33253947
33261698 33267558
33275151 33280918
33288588 33294420
33302212 33307855
33315462 33321293
33328664 33334349
33341705 33347221
33354459 33360024
33367426 33373040
33380514 33386089
33393343 33399018
33406244 33411956
33419013 33424882
33431966 33437686
33444727 33450250
33457381 33462719
33469724 33475195
33482000 33487440
33494036 33499554
33505993 33511322
33517986 33523334
33530142 33535615
33542414 33547979
33554566 33560131
33566549 33571982
33578519 33584109
33590724 33596444
33603081 33608736
33615412 33621003
33627783 33633274
33639819 33645226
33651652 33657013
33663225 33668471
33674644 33680017
33686098 33691406
33697316 33702520
33708446 33713503
33719490 33724717
33730854 33735961
33741883 33747165
33753268 33758413
33764544 33769716
33775618 33780971
33786867 33792021
33797900 33803248
33808967 33814509
33820315 33825950
33831891 33837538
33843600 33849106
33855252 33860618
33866673 33872046
33878053 33883483
33889461 33894962
33900956 33906436
33912512 33918184
33924216 33929897
33935701 33941485
33947229 33953159
33958878 33964772
33970381 33976421
33981848 33987882
33993354 33999437
34005139 34011390
34016884 34023007
34028452 34034701
34040067 34046132
34051683 34057719
34063479 34069552
34075283 34081351
34087134 34093286
34099311 34105464
34111276 34117475
34123394 34129448
34135147 34141162
34146898 34152953
34158807 34165028
34170917 34177016
34183079 34189157
34195153 34201151
34207249 34213194
34219213 34224958
34231135 34236835
34243112 34248724
34254925 34260711
34266993 34272833
34278869 34284650
34290479 34296250
34301927 34307857
34313456 34319566
34325398 34331405
34337142 34343229
34348745 34354829
34360488 34366389
34372287 34378169
34384032 34390005
34396049 34401932
34408067 34413806
34420091 34425925
34432190 34437938
34444101 34449798
34455911 34461520
34467525 34473089
34479215 34484700
34490628 34496138
34501839 34507262
34512848 34518325
34523832 34529290
34534971 34540311
34545985 34551260
34556959 34562243
34568127 34573230
34578894 34584032
34589658 34594678
34600457 34605587
34611555 34616843
34622618 34628022
34633750 34639291
34644911 34650295
34655950 34661137
34666723 34671800
34677308 34682520
34688256 34693491
34699061 34704155
34709854 34715110
34721022 34726225
34732214 34737567
34743705 34748884
34755202 34760476
34766749 34771853
34778026 34783147
34789186 34794443
34800615 34805992
34812286 34817811
34823999 34829651
34835851 34841515
34847764 34853368
34859477 34865150
34871423 34877117
34883338 34889046
34895096 34900880
34907116 34912914
34919347 34925170
34931421 34937234
34943367 34949071
34955449 34961077
34967662 34973364
34980037 34985706
34992383 34997959
35004775 35010350
35017110 35022635
35029259 35034800
35041191 35046779
35053211 35058603
35065005 35070217
35076798 35082054
35088813 35093942
35100581 35105751
35112442 35117787
35124492 35129637
35136576 35141621
35148743 35153650
35160779 35165750
35172669 35177617
35184526 35189554
35196331 35201538
35208300 35213331
35220122 35224969
35231741 35236501
35243078 35248034
35254705 35259735
35266327 35271366
35278090 35283031
35289994 35294942
35301695 35306560
35313495 35318450
35325337 35330245
35336896 35341984
35348478 35353422
35359922 35364710
35371224 35375934
35382530 35387138
35393657 35398432
35405180 35409776
35416430 35421002
35427851 35432394
35439287 35443685
35450596 35454892
35461554 35465749
35472195 35476361
35482692 35486814
35493038 35497304
35503410 35507843
35514022 35518309
35524255 35528665
35534687 35539171
35545087 35549426
35555282 35559492
35565472 35569801
35575932 35580332
35586247 35590792
35596933 35601402
35607409 35611889
35617834 35622261
35628338 35632838
35639086 35643420
35649419 35653684
35659496 35663899
35669830 35674212
35680328 35684763
35690826 35695067
35701247 35705532
35711655 35715740
35721768 35725702
35731568 35735572
35741346 35745493
35751108 35755381
35760790 35764970
35770326 35774389
35779504 35783435
35788795 35792532
35797693 35801607
35806598 35810343
35815112 35818894
35823536 35827474
35831878 35835723
35839930 35843966
35848261 35852434
35856593 35860925
35865138 35869471
35873524 35877852
35881754 35886272
35890114 35894819
35898704 35903497
35907298 35911950
35915828 35920395
35924487 35929028
35932943 35937309
35941150 35945448
35949289 35953389
35957073 35961097
35964787 35968762
35972433 35976589
35980368 35984449
35988098 35992371
35995983 36000254
36003961 36008037
36011909 36016055
36020124 36024090
36028054 36032197
36036144 36040480
36044553 36048823
36052870 36057200
36061167 36065503
36069614 36074090
36078335 36082879
36087035 36091661
36095625 36100425
36104419 36109398
36113500 36118335
36122386 36127067
36131215 36135929
36140021 36144830
36148775 36153700
36157472 36162230
36165944 36170782
36174485 36179490
36182995 36188142
36191617 36196842
36200141 36205212
36208339 36213346
36216681 36221673
36224787 36229765
36232813 36237970
36240811 36245779
36248502 36253586
36256396 36261675
36264548 36269995
36272973 36278571
36281640 36287218
36290414 36295912
36299312 36304627
36307921 36313198
36316557 36321933
36325398 36330700
36334357 36339605
36343075 36348244
36351605 36356918
36360289 36365556
36369082 36374408
36377931 36383189
36386610 36391688
36395272 36400506
36403940 36409103
36412696 36417961
36421312 36426538
36429879 36435276
36438638 36444188
36447557 36453056
36456233 36461808
36464986 36470523
36473800 36479533
36482713 36488400
36491776 36497557
36501001 36506612
36509834 36515487
36518571 36524106
36527419 36532829
36536149 36541706
36544901 36550557
36553687 36559319
36562559 36568063
36571500 36577067
36580735 36586118
36589808 36595036
36598868 36604132
36607912 36613251
36617249 36622389
36626450 36631481
36635574 36640560
36644755 36649762
36653912 36658966
36662950 36668187
36672360 36677502
36681689 36686877
36691305 36696692
36700927 36706261
36710308 36715742
36719646 36724887
36728967 36734233
36738349 36743485
36747733 36753010
36757361 36762819
36766932 36772549
36776735 36782365
36786780 36792364
36796960 36802629
36807262 36813073
36817565 36823453
36827709 36833634
36837898 36843627
36848065 36853821
36858057 36863701
36867879 36873649
36877795 36883415
36887499 36893136
36897265 36903087
36907210 36913144
36917241 36923192
36927398 36933229
36937340 36943256
36947287 36953021
36957141 36962855
36966848 36972635
36976811 36982724
36986792 36992903
36996747 37002983
37006809 37013225
37017028 37023532
37027391 37034027
37037882 37044649
37048670 37055269
37059115 37065695
37069407 37075932
37079573 37086205
37089781 37096355
37099847 37106492
37109996 37116801
37120500 37127243
37130881 37137523
37141335 37148043
37151692 37158313
37162141 37168632
37172707 37179253
37183385 37190085
37194143 37200924
37205050 37211827
37215871 37222591
37226573 37233123
37237300 37243845
37248169 37254654
37258834 37265459
37269707 37276329
37280414 37287121
37291441 37298105
37302636 37309243
37313735 37320371
37324714 37331432
37335878 37342615
37346909 37353578
37357697 37364470
37368364 37374953
37379058 37385691
37389752 37396454
37400690 37407192
37411310 37417933
37422238 37429025
37433471 37440283
37444571 37451359
37455779 37462504
37466942 37473526
37477869 37484339
37488911 37495469
37500181 37506656
37511568 37518097
37522819 37529181
37533981 37540159
37544817 37551037
37555605 37561949
37566493 37572962
37577698 37584182
37588835 37595204
37599698 37606153
37610777 37617285
37621859 37628185
37632801 37638975
37643356 37649399
37653874 37659903
37664295 37670268
37674482 37680540
37684750 37690774
37694836 37700969
37705007 37710997
37715033 37721051
37724928 37731113
37735050 37741409
37745167 37751549
37755149 37761589
37765302 37771667
37775443 37781627
37785565 37791834
37795610 37801714
37805281 37811196
37814549 37820330
37823916 37829777
37833189 37839111
37842734 37848749
37852505 37858505
37862469 37868350
37872194 37878171
37882146 37888118
37892336 37898134
37902341 37908308
37912681 37918591
37923075 37928901
37933594 37939592
37944114 37950222
37954721 37960828
37965081 37971206
37975505 37981703
37986094 37992148
37996726 38002875
38007347 38013385
38017817 38023845
38028436 38034331
38038934 38044905
38049711 38055634
38060620 38066467
38071417 38077459
38082461 38088455
38093538 38099638
38104925 38110948
38116048 38122180
38127069 38133024
38137743 38143683
38148257 38154104
38158905 38164873
38169846 38175704
38180612 38186356
38191110 38196956
38201624 38207301
38212065 38217605
38222272 38227629
38232101 38237329
38241616 38246700
38250746 38255931
38260127 38265331
38269304 38274643
38278784 38284113
38288064 38293511
38297261 38302610
38306490 38311899
38315587 38321140
38324759 38330295
38333882 38339396
38343197 38348885
38352903 38358724
38362880 38368633
38372884 38378808
38382957 38389057
38392977 38398975
38402992 38409183
38413432 38419774
38423862 38430040
38434343 38440691
38444965 38451495
38455898 38462614
38466954 38473677
38477961 38484731
38488806 38495549
38499569 38506510
38510636 38517509
38521703 38528535
38532904 38539631
38543830 38550542
38554894 38561571
38565956 38572653
38577111 38583931
38588607 38595607
38600279 38607433
38611939 38618900
38623530 38630440
38635039 38641908
38646596 38653319
38657957 38664741
38669344 38676168
38680618 38687402
38691640 38698263
38702487 38709168
38713491 38720129
38724380 38730840
38734860 38741321
38745449 38751870
38756236 38762646
38766881 38773296
38777285 38783627
38787410 38793733
38797311 38803564
38807084 38813296
38817062 38823153
38826899 38832904
38836559 38842759
38846283 38852498
38856041 38862335
38865641 38871798
38875346 38881626
38885234 38891638
38895489 38901700
38905482 38911864
38915636 38922162
38925689 38932312
38936022 38942549
38946497 38952995
38956706 38963329
38967227 38973900
38977866 38984473
38988529 38994967
38999262 39005801
39010061 39016519
39020932 39027332
39031752 39038083
39042664 39048839
39053304 39059463
39064070 39070185
39074976 39081053
39085703 39091876
39096447 39102764
39107564 39114061
39118692 39125193
39129693 39136359
39141021 39147541
39152156 39158829
39163558 39170420
39175069 39181850
39186351 39193013
39197743 39204412
39209126 39215838
39220688 39227506
39232359 39239117
39244172 39250962
39256198 39262962
39268305 39274976
39280303 39286944
39292275 39298792
39304122 39310442
39315544 39321834
39327160 39333460
39339020 39345446
39351082 39357626
39363060 39369717
39374990 39381700
39386844 39393686
39398770 39405468
39410407 39417291
39422328 39429231
39434119 39440900
39445812 39452476
39457305 39464001
39468810 39475640
39480318 39487148
39492033 39498777
39503730 39510280
39515058 39521608
39526316 39532946
39537520 39543994
39548598 39555027
39559473 39566083
39570672 39577279
39581938 39588560
39593096 39599546
39603866 39610398
39614619 39621255
39625393 39632142
39636030 39642644
39646706 39653299
39657606 39664219
39668336 39674758
39678762 39685332
39689385 39695942
39700215 39706751
39710938 39717350
39721503 39727893
39732227 39738542
39742650 39748797
39753079 39759079
39763565 39769514
39774190 39779982
39784652 39790452
39795365 39801234
39806230 39811943
39817127 39822757
39827903 39833574
39838854 39844491
39849701 39855443
39860528 39866379
39871497 39877361
39882318 39888241
39892974 39898862
39903539 39909238
39913954 39919736
39924611 39930341
39935112 39940837
39945454 39951187
39955982 39961636
39966306 39971836
39976518 39981973
39986463 39992055
39996543 40002078
40006616 40012194
40016654 40022156
40026663 40032243
40036733 40042253
40046773 40052293
40057052 40062672
40067469 40072900
40077713 40082989
40087902 40093177
40097920 40103227
40107890 40113133
40117907 40122964
40127792 40132925
40137798 40142986
40147795 40152899
40157708 40162884
40167818 40172824
40177773 40182802
40187736 40192717
40197731 40202793
40207680 40212888
40217766 40223137
40227862 40233165
40237902 40243096
40247986 40253149
40257909 40262872
40267567 40272649
40277130 40282127
40286728 40291688
40296216 40301358
40305876 40311028
40315510 40320701
40325016 40330100
40334462 40339552
40343917 40348899
40353416 40358419
40362721 40367673
40371843 40376986
40381214 40386483
40390848 40396139
40400370 40405488
40409487 40414410
40418485 40423502
40427825 40433038
40437341 40442634
40447038 40452142
40456758 40461732
40466324 40471169
40475750 40480689
40485403 40490492
40495045 40499997
40504626 40509537
40514059 40518970
40523275 40528314
40532769 40537727
40542046 40546947
40551336 40556379
40560798 40565702
40569926 40574910
40579380 40584417
40588669 40593690
40597916 40603057
40607084 40612412
40616225 40621702
40625596 40631086
40634868 40640419
40644154 40649598
40653152 40658487
40662069 40667279
40670898 40676214
40679949 40685302
40688864 40694217
40697817 40703229
40707019 40712608
40716545 40722231
40726166 40731696
40735868 40741247
40745387 40750675
40754932 40760145
40764475 40769647
40773896 40779262
40783281 40788523
40792437 40797486
40801524 40806406
40810447 40815334
40819581 40824323
40828594 40833317
40837715 40842548
40846761 40851436
40855661 40860527
40864514 40869376
40873519 40878513
40882564 40887734
40891748 40897029
40901157 40906481
40910429 40915605
40919633 40924706
40928949 40933988
40938241 40943134
40947467 40952338
40956589 40961362
40965640 40970341
40974631 40979297
40983459 40987943
40992340 40996625
41000933 41005161
41009430 41013533
41017898 41021913
41026297 41030490
41035050 41039236
41043720 41048004
41052572 41056737
41061409 41065748
41070661 41075168
41080273 41084720
41089860 41094114
41099149 41103309
41108434 41112493
41117578 41121790
41127034 41131197
41136393 41140559
41145912 41150113
41155558 41159657
41165284 41169497
41174903 41179051
41184448 41188635
41194175 41198207
41203861 41208084
41213648 41217877
41223199 41227415
41232593 41237007
41242242 41246471
41251615 41255925
41261088 41265238
41270247 41274312
41279437 41283515
41288639 41292854
41297956 41302192
41307542 41311763
41317175 41321330
41326583 41330925
41336288 41340616
41345855 41350031
41355180 41359161
41364409 41368221
41373640 41377555
41383108 41386858
41392487 41396358
41401977 41405967
41411820 41415840
41421717 41425700
41431789 41435971
41442025 41446026
41452111 41456234
41462305 41466367
41472644 41476876
41483352 41487547
41494037 41498086
41504338 41508416
41514429 41518340
41524299 41528292
41534381 41538571
41544672 41548861
41554895 41559033
41565255 41569576
41575630 41579900
41585888 41589970
41595981 41599904
41606152 41609966
41616365 41620126
41626359 41630190
41636214 41640218
41646321 41650268
41656297 41660088
41666335 41670040
41676325 41680190
41686326 41690004
41696215 41700035
41706079 41710063
41716203 41720016
41726204 41729876
41735950 41739611
41745823 41749562
41755655 41759546
41765557 41769489
41775484 41779549
41785331 41789327
41794957 41799116
41804761 41808848
41814473 41818441
41824233 41828364
41834396 41838726
41844744 41849087
41854968 41859277
41865182 41869670
41875662 41880243
41886095 41890493
41896168 41900518
41906366 41910782
41916420 41920808
41926322 41930778
41936188 41940507
41945897 41950102
41955723 41960019
41965863 41970305
41975991 41980310
41986143 41990410
41996420 42000597
42006405 42010518
42016421 42020368
42026146 42030236
42036105 42040131
42045760 42049644
42055454 42059155
42064773 42068616
42074138 42077927
42083311 42087023
42092318 42096106
42101209 42104906
42110082 42113915
42118878 42122803
42127585 42131369
42136272 42139918
42145037 42148670
42153584 42157115
42161950 42165458
42170097 42173461
42178033 42181202
42185919 42188924
42193528 42196519
42201180 42203971
42208780 42211525
42216362 42219218
42224100 42226822
42231720 42234252
42239230 42241860
42246601 42249169
42254060 42256803
42261828 42264663
42269480 42272191
42276862 42279585
42284431 42287224
42292091 42294956
42299811 42302827
42307588 42310440
42315115 42317885
42322468 42325178
42329784 42332599
42337040 42339777
42344289 42346861
42351441 42353941
42358401 42360936
42365215 42367777
42372188 42374752
42379113 42381645
42385911 42388322
42392448 42394972
42399136 42401725
42405657 42408195
42412081 42414495
42418417 42420838
42424677 42426943
42430918 42433246
42437230 42439561
42443349 42445848
42449846 42452494
42456717 42459510
42463838 42466529
42470767 42473260
42477681 42480367
42484842 42487336
42491589 42494024
42498265 42500704
42504745 42507257
42511308 42513929
42517770 42520518
42524386 42527321
42531317 42534055
42538262 42541097
42545491 42548191
42552430 42555304
42559429 42562314
42566337 42569092
42573221 42575957
42579906 42582555
42586690 42589187
42593304 42595812
42599883 42602590
42606521 42609061
42613141 42615735
42619973 42622561
42626910 42629419
42633988 42636496
42640917 42643568
42647998 42650548
42655173 42657696
42662293 42664670
42669144 42671462
42675858 42678101
42682282 42684630
42688903 42691108
42695343 42697577
42701594 42703945
42708189 42710693
42714981 42717500
42721777 42724404
42728467 42731067
42735047 42737600
42741621 42744359
42748605 42751361
42755723 42758293
42762411 42764830
42768886 42771152
42775436 42777846
42781925 42784292
42788441 42790811
42794976 42797484
42801554 42804123
42807957 42810362
42814325 42816786
42820693 42823157
42827021 42829415
42833228 42835556
42839453 42841929
42845835 42848265
42852412 42854648
42858576 42860927
42865063 42867521
42871803 42874433
42878727 42881294
42885782 42888339
42892935 42895297
42900040 42902363
42907328 42909464
42914480 42916746
42921732 42924042
42929072 42931471
42936560 42939012
42944144 42946493
42951771 42954090
42959184 42961337
42966242 42968455
42973555 42975756
42980759 42983066
42987946 42990226
42995305 42997649
43002827 43005231
43010529 43013009
43018247 43020645
43025674 43027983
43033015 43035454
43040460 43042917
43047899 43050295
43055355 43057868
43063029 43065356
43070686 43072938
43078469 43080674
43086214 43088551
43093862 43096104
43101623 43103695
43109431 43111417
43117091 43119183
43124794 43126953
43132519 43134698
43140163 43142443
43147939 43150198
43155900 43158265
43164176 43166654
43172604 43175115
43180965 43183475
43189333 43191941
43197817 43200371
43206102 43208597
43214516 43216833
43222951 43225337
43231574 43234038
43240321 43242843
43248976 43251611
43257623 43260435
43266250 43269070
43274777 43277636
43283568 43286602
43292571 43295720
43301903 43305046
43311377 43314648
43320894 43324158
43330308 43333585
43339563 43342732
43348811 43352158
43358270 43361552
43367550 43370676
43376536 43379621
43385617 43388699
43394702 43397777
43403965 43407138
43413371 43416438
43422562 43425531
43431891 43434681
43441256 43443907
43450680 43453297
43460051 43462490
43469092 43471356
43478189 43480562
43487202 43489464
43495885 43497964
43504433 43506543
43513111 43515241
43521852 43523933
43530536 43532469
43538875 43540893
43547497 43549683
43556084 43558229
43564611 43566703
43573157 43575310
43581988 43584297
43591193 43593316
43600430 43602374
43609587 43611599
43618578 43620607
43627338 43629536
43636336 43638482
43645118 43647185
43653680 43655930
43662429 43664801
43671054 43673280
43679708 43681795
43688007 43690192
43696518 43698538
43704750 43706896
43713297 43715453
43721905 43724228
43730894 43733036
43739841 43741788
43748813 43750567
43757769 43759327
43766697 43768199
43775603 43777143
43784587 43786096
43793657 43795068
43802692 43804065
43811603 43813130
43820913 43822358
43830002 43831271
43839078 43840151
43847757 43848811
43856410 43857383
43864881 43866022
43873521 43874687
43882428 43883583
43891200 43892284
43899816 43900926
43908646 43909828
43917737 43918990
43926705 43927968
43935631 43937086
43944591 43946181
43953688 43955381
43962644 43964383
43971877 43973502
43980774 43982462
43989880 43991526
43999036 44000530
44008191 44009557
44017079 44018533
44025940 44027210
44034405 44035603
44042870 44044084
44051447 44052773
44060136 44061445
44068634 44070030
44077447 44078718
44086137 44087423
44094850 44095974
44103239 44104430
44111701 44112941
44120111 44121544
44128797 44130230
44137645 44138880
44146194 44147304
44154499 44155445
44162722 44163846
44171119 44172230
44179737 44180917
44188343 44189542
44197137 44198308
44205682 44207027
44214488 44215937
44223610 44225006
44232695 44233964
44241748 44243143
44250692 44252076
44259631 44261041
44268446 44269658
44277153 44278174
44285616 44286647
44294090 44295040
44302308 44303273
44310612 44311444
44319028 44320058
44327602 44328826
44336217 44337356
44344726 44345849
44353100 44354062
44361559 44362459
44369889 44370961
44378335 44379391
44386736 44387780
44395069 44396011
44403405 44404418
44411877 44412809
44420346 44421418
44429076 44430092
44437619 44438789
44446560 44447659
44455603 44456879
44464819 44465918
44473819 44475111
44483258 44484722
44492670 44494089
44502116 44503483
44511315 44512717
44520530 44521993
44529753 44531328
44539225 44540619
44548644 44549895
44558166 44559251
44567502 44568540
44576878 44578085
44586504 44587743
44595963 44597042
44605020 44605902
44614007 44615065
44622940 44623877
44631626 44632616
44640323 44641501
44649075 44650339
44657811 44659008
44666545 44667764
44675421 44676508
44684073 44684993
44692527 44693624
44700915 44702038
44709506 44710662
44718156 44719238
44726788 44727737
44735484 44736439
44744329 44745310
44753232 44754037
44761792 44762602
44770394 44771226
44778969 44779790
44787585 44788219
44796011 44796722
44804584 44805473
44813556 44814302
44822158 44823103
44831090 44832165
44840055 44840957
44848957 44849960
44858004 44859005
44867291 44868358
44876471 44877727
44886067 44887513
44895662 44896908
44904841 44906236
44914307 44915695
44923707 44925214
44933454 44935075
44943394 44944913
44953375 44954978
44963410 44964893
44973426 44974873
44983274 44984727
44993298 44994729
45003527 45005082
45014009 45015539
45024680 45026405
45035401 45037111
45046128 45047903
45056671 45058346
45066905 45068752
45077454 45079404
45088031 45089883
45098513 45100340
45108866 45110772
45119126 45120987
45129288 45131279
45139512 45141476
45149663 45151688
45159743 45161656
45169659 45171458
45179505 45181400
45189490 45191457
45199728 45201698
45209853 45211805
45219710 45221659
45229633 45231751
45239674 45241755
45249683 45251603
45259311 45261308
45269188 45271001
45278702 45280362
45287858 45289708
45297022 45298713
45306187 45307879
45315147 45316989
45324347 45326040
45333507 45335087
45342524 45344292
45351938 45353693
45361120 45362699
45370233 45371677
45379219 45380862
45388612 45390175
45397922 45399288
45406802 45408243
45415675 45417032
45424539 45425979
45433386 45434975
45442571 45444078
45451872 45453510
45461464 45462946
45470672 45472254
45480108 45481526
45489238 45490628
45498372 45499911
45507734 45509225
45517162 45518523
45526628 45528089
45536376 45537801
45545854 45547324
45555225 45556761
45564667 45566161
45574196 45575517
45583533 45584822
45592810 45594296
45602121 45603598
45611543 45613055
45621050 45622615
45630665 45632251
45640343 45641769
45649790 45651264
45659193 45660643
45668533 45669875
45678008 45679416
45687495 45688881
45696814 45698232
45706168 45707646
45715482 45716933
45724611 45726001
45733617 45735000
45742538 45744120
45751682 45753340
45761016 45762659
45770247 45771711
45779446 45780911
45788488 45789994
45797650 45799173
45806972 45808614
45816441 45818196
45826097 45827678
45835450 45836999
45844738 45846428
45853922 45855577
45862882 45864682
45871951 45873846
45881069 45883080
45890446 45892567
45899765 45901969
45908999 45911402
45918454 45920990
45928060 45930650
45937732 45940507
45947382 45950348
45957361 45960152
45967070 45969900
45976837 45979664
45986621 45989490
45996247 45998994
46005501 46008379
46014829 46017520
46024203 46026705
46033355 46035740
46042628 46045037
46052037 46054253
46061084 46063353
46070050 46072266
46079055 46081249
46088139 46090521
46097545 46100068
46106948 46109617
46116316 46118817
46125722 46128402
46135480 46138303
46145470 46148182
46155261 46157841
46164822 46167253
46174341 46176834
46183914 46186392
46193554 46196012
46203376 46205925
46213483 46215917
46223591 46225944
46233492 46235881
46243323 46245892
46253408 46256071
46263663 46266321
46274088 46276627
46284549 46287049
46295167 46297827
46305889 46308459
46316668 46319317
46327356 46330186
46338391 46341235
46349225 46352237
46360231 46363144
46371048 46373958
46382013 46384778
46392774 46395462
46403563 46406274
46414154 46416849
46424974 46427680
46435886 46438779
46447140 46450166
46458512 46461474
46469658 46472429
46480564 46483243
46491476 46494341
46502581 46505482
46513653 46516484
46524703 46527716
46536106 46539053
46547274 46550357
46558427 46561347
46569379 46572100
46579964 46582880
46590693 46593792
46601572 46604501
46612380 46615209
46622877 46625795
46633342 46636108
46643559 46646328
46653580 46656508
46663773 46666762
46673803 46676862
46683834 46686694
46693866 46696660
46703944 46706594
46713787 46716568
46723544 46726408
46733599 46736630
46743973 46746933
46754416 46757465
46765084 46768332
46776044 46779480
46786969 46790286
46797545 46800810
46807850 46811045
46818245 46821255
46828594 46831406
46838633 46841303
46848421 46851158
46858147 46860842
46867990 46870632
46877832 46880307
46887643 46890144
46897635 46900021
46907429 46910000
46917472 46919902
46927156 46929471
46936918 46939389
46946830 46949170
46956782 46958959
46966553 46968560
46976295 46978163
46985887 46987572
46995457 46997306
47004986 47006796
47014660 47016353
47024059 47025643
47033494 47035057
47042832 47044585
47052359 47054081
47061799 47063598
47071355 47073205
47080883 47082836
47090375 47092420
47099902 47101966
47109675 47111719
47119532 47121420
47129280 47131194
47138909 47140641
47148346 47150026
47157934 47159698
47167507 47169220
47177170 47178834
47186686 47188282
47196085 47197742
47205338 47207024
47214848 47216377
47224402 47225731
47233791 47235121
47243288 47244663
47252625 47254184
47262361 47263923
47271862 47273316
47281191 47282595
47290410 47291678
47299322 47300717
47308507 47309719
47317298 47318637
47326405 47327555
47335245 47336200
47344016 47345113
47352753 47353768
47361221 47362247
47369586 47370783
47378246 47379581
47387278 47388446
47396153 47397323
47405210 47406219
47414090 47415210
47422953 47424202
47432074 47433350
47441196 47442421
47450421 47451822
47459735 47461009
47468805 47470027
47478039 47479299
47487141 47488401
47496407 47497704
47505698 47506906
47514936 47515957
47524048 47525185
47533324 47534320
47542281 47543195
47551055 47552020
47559982 47561017
47569140 47570189
47578451 47579438
47587780 47588676
47596874 47597863
47606001 47607075
47615340 47616342
47624675 47625613
47633731 47634647
47642586 47643524
47651488 47652622
47660502 47661466
47669318 47670171
47678102 47678819
47686556 47687249
47694965 47695604
47703379 47704212
47712085 47712821
47720854 47721564
47729796 47730614
47738703 47739603
47747489 47748493
47756134 47757020
47764786 47765591
47773590 47774513
47782360 47783160
47791023 47791861
47799968 47800884
47808978 47810034
47817909 47818885
47827000 47827821
47836079 47836843
47845346 47846135
47854411 47855240
47863597 47864494
47872920 47873835
47882176 47882903
47891115 47891732
47899839 47900298
47908551 47908984
47917045 47917494
47925722 47926279
47934573 47935109
47943490 47944005
47952614 47953054
47961611 47962245
47970719 47971421
47979683 47980547
47989016 47989724
47997958 47998717
48007094 48007736
48015990 48016639
48024762 48025300
48033611 48034140
48042252 48042672
48050626 48050862
48058690 48058907
48066892 48066970
48075185 48075371
48083393 48083778
48091921 48092412
48100566 48101251
48109195 48109707
48117609 48118262
48126088 48126787
48134839 48135681
48143902 48144575
48153034 48153680
48161982 48162528
48170656 48171359
48179272 48180113
48188219 48188991
48197010 48197602
48205385 48206146
48213968 48214792
48222415 48223189
48230667 48231388
48238770 48239502
48247085 48247726
48255507 48256307
48264291 48265200
48273363 48274347
48282379 48283467
48291286 48292226
48300061 48300833
48308802 48309486
48317255 48318096
48325918 48326851
48334513 48335501
48343176 48344327
48351912 48352874
48360692 48361659
48369436 48370302
48378167 48379215
48386976 48387922
48395916 48396777
48404898 48405756
48414075 48415002
48423406 48424407
48432780 48433844
48442015 48443041
48451215 48452068
48460039 48460816
48468988 48469879
48478055 48479051
48487435 48488301
48496521 48497551
48506000 48507073
48515412 48516522
48524826 48525931
48534207 48535357
48543389 48544457
48552321 48553530
48561479 48562824
48570714 48572072
48579941 48581203
48589119 48590554
48598346 48599810
48607663 48609062
48616859 48618168
48625718 48627203
48634628 48636009
48643331 48644654
48651883 48653079
48660259 48661352
48668730 48669969
48677249 48678646
48685732 48687294
48694356 48695739
48702925 48704147
48711568 48712717
48720222 48721298
48728640 48729592
48736740 48737648
48744872 48745632
48752820 48753651
48760645 48761423
48768247 48768997
48775645 48776536
48783341 48784113
48790975 48791883
48798554 48799429
48806181 48806938
48813772 48814342
48821146 48821715
48828746 48829223
48836226 48836856
48843669 48844301
48851109 48851805
48858495 48859121
48865799 48866299
48872942 48873333
48880049 48880445
48887287 48887669
48894320 48894840
48901700 48902411
48909229 48910130
48916987 48917777
48924766 48925743
48932746 48933889
48940942 48942235
48949249 48950398
48957196 48958376
48965292 48966400
48973194 48974385
48980934 48981971
48988546 48989769
48996100 48997265
49003646 49004747
49010915 49011900
49018031 49019129
49025426 49026422
49032645 49033457
49039613 49040337
49046301 49047082
49052825 49053709
49059488 49060240
49066115 49066986
49072800 49073725
49079768 49080494
49086290 49087204
49092959 49094040
49099580 49100828
49106183 49107405
49113006 49114179
49119546 49120524
49125989 49127024
49132686 49133680
49139294 49140249
49145944 49146948
49152867 49154058
49160005 49161217
49167185 49168406
49174584 49175607
49181875 49182763
49188912 49189721
49195623 49196474
49202583 49203396
49209496 49210254
49216424 49217173
49223096 49223911
49230008 49231022
49237219 49238370
49244435 49245477
49251464 49252532
49258321 49259328
49265019 49265877
49271547 49272474
49278170 49279179
49285045 49285897
49291667 49292528
49298346 49299290
49305212 49306148
49312027 49312767
49318872 49319447
49325362 49325912
49331683 49332401
49338021 49338720
49344567 49345423
49351241 49352092
49358090 49359137
49365306 49366540
49372849 49374239
49380395 49381707
49387734 49389154
49395201 49396488
49402536 49403724
49409553 49410682
49416264 49417256
49422639 49423714
49429195 49430185
49435468 49436307
49441561 49442477
49447493 49448394
49453526 49454616
49459772 49460870
49466250 49467522
49473141 49474345
49480053 49481274
49487079 49488467
49494240 49495620
49501270 49502489
49508068 49509270
49515032 49516059
49521589 49522759
49528296 49529315
49534759 49535640
49540957 49541662
49546841 49547725
49552980 49553745
49558844 49559805
49564970 49565994
49570931 49571836
49576672 49577742
49582776 49584005
49589061 49590469
49595756 49597050
49602190 49603575
49608563 49609787
49614616 49615910
49620944 49622267
49627227 49628400
49633388 49634515
