133
17
269
28
243
87
98
22
251
36
379
5
186
18
120
10
132
88
108
50
306
23
434
77
355
74
479
17
81
29
2
23
25
43
285
72
36
12
441
25
193
82
374
84
198
23
216
82
140
71
451
99
18
28
212
58
296
80
213
77
70
50
434
14
120
19
137
57
486
39
446
17
220
47
187
69
140
84
127
2
475
70
232
96
32
64
258
51
149
75
407
61
257
25
14
84
173
64
304
56
73
39
58
12
168
38
439
2
223
75
118
58
162
31
280
59
158
46
181
32
214
43
81
88
50
34
392
16
130
33
333
65
485
85
82
8
308
44
105
57
169
27
89
5
236
45
413
39
400
77
7
99
383
23
58
16
377
7
446
99
332
71
98
52
485
81
171
41
284
76
148
95
412
54
168
72
259
60
13
80
26
62
191
93
467
25
486
19
453
53
135
62
236
72
296
18
371
72
347
95
195
66
222
23
270
49
345
92
57
55
343
45
85
5
152
74
336
10
366
55
227
62
421
59
160
45
320
78
303
78
367
59
209
56
478
77
94
38
495
74
204
41
402
63
84
24
86
96
463
92
397
54
449
91
136
91
305
64
289
18
295
33
425
39
71
23
33
29
216
70
383
64
460
53
448
16
354
6
50
27
418
48
219
91
453
7
157
97
442
51
365
69
457
9
441
14
352
68
490
92
499
49
219
48
267
69
21
89
260
26
59
78
26
54
113
84
287
99
319
7
251
21
262
25
67
38
123
10
474
34
425
39
401
63
68
49
470
85
12
97
263
79
201
67
432
82
40
99
308
18
232
72
152
28
80
79
433
70
399
63
31
21
5
68
390
87
223
87
199
83
217
64
473
85
353
5
160
65
299
84
417
56
234
84
28
65
279
30
431
3
128
93
166
81
269
89
438
94
141
22
473
28
385
36
340
64
491
72
145
25
9
31
83
98
459
82
195
46
16
52
357
37
284
59
359
50
436
4
187
15
60
80
409
75
232
98
55
65
86
94
146
92
260
37
152
20
180
65
375
39
75
15
277
88
319
13
458
48
16
9
6
57
21
72
423
11
343
4
255
89
440
29
147
38
38
68
226
75
395
77
199
30
327
17
87
19
216
51
80
59
226
91
25
23
96
19
203
7
422
59
437
42
177
76
315
73
223
35
50
98
469
53
350
41
233
88
195
87
335
78
54
15
191
21
478
38
363
89
403
96
381
98
69
69
3
76
345
29
209
49
156
52
198
46
315
87
59
37
354
29
277
40
316
55
61
64
211
35
243
62
313
70
7
60
12
37
488
33
451
36
179
22
28
20
326
43
133
43
496
70
489
61
336
45
198
54
354
12
371
56
359
78
427
94
448
59
11
74
100
23
118
27
58
33
127
25
75
47
229
99
71
79
488
46
490
87
188
59
153
24
265
82
180
96
283
12
258
32
254
74
448
19
455
2
237
52
14
61
55
75
452
79
179
2
313
43
83
67
307
4
22
90
336
21
215
58
150
51
341
9
443
93
398
80
354
54
447
74
238
85
311
9
179
86
269
15
131
9
110
21
122
28
68
24
364
38
199
29
421
99
78
67
62
89
78
72
341
26
5
77
290
21
178
40
265
62
437
70
385
99
395
76
271
37
215
52
324
2
90
48
366
78
73
39
326
69
289
44
431
88
114
9
139
19
356
39
49
64
42
69
329
15
170
44
369
91
357
20
417
93
210
99
39
25
2
85
211
58
383
82
60
80
262
99
58
34
360
43
406
18
247
87
342
80
236
31
163
26
251
48
278
17
482
84
195
15
1
98
174
9
45
30
188
23
121
89
358
32
481
22
97
19
306
23
286
31
499
6
451
34
354
89
353
2
464
36
486
61
239
97
437
36
130
34
63
3
159
52
469
13
341
23
490
22
416
95
21
51
252
89
187
62
222
63
76
38
144
77
213
99
104
45
98
54
366
16
170
4
123
98
250
67
266
19
440
11
394
12
485
32
226
25
144
74
281
96
411
23
299
15
469
78
348
76
374
71
350
16
348
47
461
8
477
46
157
35
348
73
328
69
115
39
407
57
209
67
479
86
423
42
236
88
181
7
36
91
226
64
110
77
262
67
366
29
153
75
37
95
441
53
425
44
430
52
375
3
496
56
419
89
175
10
342
17
325
51
488
95
63
91
453
55
481
63
75
59
466
18
128
41
163
90
284
82
392
50
387
34
185
21
374
7
366
33
287
60
308
80
471
94
286
3
426
11
271
14
452
19
269
69
107
27
428
93
141
70
168
83
2
66
60
24
446
18
8
34
255
82
460
25
374
76
331
4
367
25
441
76
268
7
170
90
250
94
461
89
465
82
176
71
458
42
428
18
329
16
233
41
254
89
378
95
6
19
77
19
499
52
235
19
130
24
200
57
172
42
212
59
433
91
70
52
378
25
75
37
239
59
277
46
213
96
196
20
132
76
132
97
216
47
385
7
216
54
51
3
498
37
21
22
489
33
142
10
267
52
363
79
493
81
401
86
33
85
305
89
9
81
431
52
315
3
461
43
372
50
86
19
125
31
116
24
221
91
303
9
107
22
100
44
481
43
21
61
476
89
250
15
415
81
167
67
234
24
329
38
446
77
303
94
467
44
442
4
88
37
328
27
481
53
351
58
465
68
137
82
1
31
406
63
63
91
345
25
459
79
405
55
180
99
209
71
89
96
49
83
170
20
69
99
497
73
393
12
198
33
278
60
442
54
399
20
154
82
315
33
276
30
88
80
357
45
187
37
220
55
281
45
170
28
393
58
195
60
255
89
58
44
498
58
355
85
227
17
373
12
112
80
366
15
14
9
247
9
162
30
336
66
379
88
468
65
333
91
10
88
239
71
202
50
74
81
246
8
405
85
331
69
461
28
150
34
181
6
277
15
18
16
381
55
431
93
340
74
29
41
110
67
285
78
274
12
370
81
98
7
460
13
355
93
276
27
120
93
358
30
248
9
206
44
488
23
258
54
256
47
462
88
413
65
104
10
348
94
155
32
78
92
329
33
158
94
355
31
121
58
334
72
344
42
415
39
412
88
364
2
345
89
301
11
434
77
133
11
93
54
100
4
166
19
423
88
471
50
155
46
44
16
492
30
432
75
410
49
160
1
24
37
286
90
471
41
496
16
474
85
300
37
52
17
140
56
59
14
69
51
454
75
42
54
415
73
471
77
230
37
52
82
2
88
314
79
313
33
308
99
44
55
201
7
13
68
98
30
276
8
301
41
372
21
459
34
77
38
448
94
375
44
389
48
386
66
353
38
43
46
140
59
142
49
349
4
1
44
100
40
317
2
447
29
372
75
187
75
347
71
26
26
397
91
428
50
374
97
456
68
302
38
112
58
50
73
237
29
67
69
398
71
330
2
418
43
330
83
325
38
155
96
241
45
379
35
446
55
416
77
6
16
56
42
486
48
232
35
470
31
497
50
310
38
317
29
167
55
73
20
263
51
52
35
169
97
196
50
48
67
111
46
330
28
290
69
189
48
134
45
464
79
238
53
486
40
155
82
109
51
2
32
405
27
150
79
476
94
294
12
181
41
424
8
71
24
142
48
272
29
266
14
247
79
381
18
449
10
496
84
89
45
475
32
447
17
336
12
340
55
78
89
215
83
383
96
115
77
102
15
468
60
53
62
432
72
361
27
134
60
162
65
255
16
357
50
152
35
170
14
432
28
429
27
69
67
183
50
388
68
285
5
283
82
168
46
297
88
121
76
431
30
236
65
238
9
281
53
12
58
380
78
162
95
366
80
323
76
396
76
482
84
174
37
345
44
25
88
416
33
183
53
304
36
211
84
268
88
172
20
321
42
344
41
137
69
173
7
69
15
116
59
46
59
19
39
458
11
302
57
148
69
422
30
321
54
135
59
489
15
291
41
415
24
282
73
354
87
116
11
295
72
253
59
34
23
19
53
46
23
144
96
417
95
134
7
11
40
283
56
286
6
282
19
422
23
335
61
133
74
82
4
101
56
74
42
438
88
33
92
80
61
302
36
146
99
70
67
47
37
403
39
351
80
361
36
340
88
368
74
19
58
20
70
236
43
303
16
54
31
384
14
118
31
446
32
285
64
39
60
497
39
274
86
106
89
22
74
275
81
385
37
202
68
212
83
280
66
255
91
477
56
249
83
442
86
49
39
292
17
118
38
357
34
48
56
375
38
146
43
426
46
417
65
268
2
179
32
497
13
208
56
460
40
25
65
137
61
296
84
32
13
80
78
17
96
21
16
115
14
319
44
401
90
493
11
183
35
404
24
421
15
322
30
384
82
280
65
297
93
357
82
67
62
141
66
401
35
328
70
2
8
87
46
356
30
72
75
112
57
108
79
292
83
190
58
287
28
280
38
483
84
84
17
401
73
252
38
321
19
18
77
473
8
114
46
81
87
367
59
329
1
208
71
144
13
158
2
493
20
438
73
105
75
324
41
141
29
120
3
260
27
355
97
377
80
406
83
94
79
479
67
281
18
170
69
454
1
1
12
495
72
371
17
222
80
123
85
174
80
126
61
350
42
198
22
332
59
152
36
72
64
6
17
47
57
83
58
475
37
355
72
166
95
193
7
88
81
11
40
334
22
111
76
226
83
482
94
201
98
255
51
248
50
43
33
273
55
215
5
238
99
469
30
186
38
154
55
347
73
283
7
132
44
287
89
451
6
340
49
17
21
51
12
418
85
246
75
29
31
216
24
200
92
361
46
303
6
343
40
187
80
277
24
123
28
199
27
109
72
277
88
274
52
256
4
17
59
90
94
212
62
156
13
256
7
487
1
432
2
239
31
480
14
213
27
447
53
396
27
251
43
177
35
399
64
427
78
242
83
436
83
5
20
297
70
311
69
414
15
273
13
98
61
325
86
12
91
411
50
57
17
227
2
130
76
68
97
293
15
148
82
215
27
268
35
436
78
493
12
50
30
139
16
273
79
212
8
471
71
194
16
13
91
150
73
322
45
176
70
142
96
350
15
445
36
414
46
444
41
278
34
85
72
490
49
119
4
415
37
372
24
152
26
459
81
231
19
220
38
22
73
479
13
267
95
422
64
113
60
57
89
323
32
403
32
109
99
429
67
466
22
240
66
273
72
429
40
42
30
192
54
449
15
224
72
431
53
76
58
53
6
486
94
197
38
122
3
254
80
319
41
226
5
250
77
176
68
98
6
283
60
164
83
153
94
134
62
454
4
182
96
370
64
406
93
296
9
158
76
145
13
493
52
251
63
412
86
272
49
294
59
55
75
417
71
333
3
186
13
186
91
209
33
344
55
109
71
370
46
372
17
418
20
313
69
72
98
489
76
184
99
1
10
164
77
113
52
111
2
439
77
42
58
407
48
94
22
259
1
3
55
458
73
461
1
162
59
153
24
418
33
128
61
358
67
68
37
403
90
409
92
50
46
318
95
286
65
428
92
116
16
189
60
497
48
357
94
286
31
365
44
304
82
216
85
173
81
283
30
19
95
393
2
10
14
202
15
95
81
476
63
205
55
131
61
19
47
120
64
414
7
371
29
155
47
334
57
116
44
432
82
174
52
312
8
186
80
418
19
131
56
369
25
466
87
462
17
56
76
22
21
247
32
65
76
120
32
367
91
396
99
44
80
476
56
9
68
225
27
207
52
422
11
143
79
47
88
179
30
80
85
244
58
61
71
222
28
127
25
360
66
246
18
331
99
487
60
390
41
318
38
317
88
497
27
261
81
118
56
449
96
180
79
349
64
45
69
24
79
345
90
471
44
243
76
459
94
199
93
431
34
285
26
306
46
224
16
69
25
148
67
64
85
33
11
408
53
375
18
377
12
265
66
319
59
64
62
386
66
252
48
314
48
362
21
460
96
128
75
191
47
138
70
182
33
126
46
100
98
152
62
32
48
279
56
65
18
423
32
128
40
318
10
42
67
128
63
469
85
475
23
47
97
34
15
213
66
344
2
95
47
165
21
237
80
316
11
499
86
325
99
175
14
363
69
290
71
243
95
347
50
167
48
120
81
288
43
142
76
370
6
145
81
196
80
351
14
86
16
116
55
258
30
338
95
144
88
349
34
31
28
324
3
485
60
2
49
109
70
462
7
292
52
352
70
82
41
35
17
323
40
242
93
234
75
244
86
367
97
304
48
291
33
404
86
76
58
3
23
22
92
379
65
341
54
322
48
389
49
77
83
360
70
463
94
371
41
233
88
403
57
226
60
206
29
364
29
292
22
349
78
466
8
413
48
497
77
71
67
430
62
80
63
275
27
465
61
374
50
361
75
22
11
465
30
324
84
479
91
131
75
409
53
334
18
404
96
191
59
31
29
219
48
261
45
129
75
391
82
371
8
34
76
191
49
192
43
496
93
254
35
71
68
132
38
190
52
235
95
41
18
387
95
301
52
31
17
204
45
335
55
306
30
225
84
375
65
188
30
55
89
382
76
401
91
228
14
151
60
37
93
359
95
384
57
216
62
179
40
49
93
444
93
123
50
300
46
180
54
141
7
360
83
196
6
287
27
88
23
4
17
410
34
369
70
372
84
314
30
3
47
105
67
261
28
92
97
472
89
298
7
300
91
459
99
475
58
407
48
463
17
167
25
218
46
219
81
459
34
234
64
233
9
363
46
479
37
322
36
221
25
302
27
468
69
218
48
49
26
206
64
11
39
247
36
254
77
102
29
399
78
209
37
455
97
102
45
101
66
164
96
341
16
355
99
151
25
371
82
313
38
347
39
389
32
314
59
437
1
479
61
185
53
221
46
87
56
226
7
363
95
428
63
442
36
158
82
33
25
448
53
391
62
101
90
384
41
446
24
419
18
354
3
452
81
370
81
48
40
460
77
305
42
2
35
356
30
357
47
246
49
55
36
412
45
364
31
269
17
321
22
227
14
78
92
73
42
68
85
176
46
296
70
260
99
256
56
204
47
348
21
50
15
56
5
426
78
302
33
76
17
441
18
346
53
197
32
243
76
332
88
149
85
12
82
374
52
383
65
15
79
318
12
408
59
435
92
148
49
63
75
231
45
397
97
36
3
465
17
48
68
127
47
399
83
290
20
400
4
343
33
256
94
81
57
360
86
431
23
248
90
369
2
383
77
232
95
39
36
373
17
492
92
309
26
114
29
238
38
235
57
122
84
415
2
9
98
116
32
145
99
400
26
281
32
214
68
481
24
233
41
325
61
89
58
450
66
373
5
257
4
497
80
68
67
87
45
73
45
227
46
486
62
8
3
218
85
194
93
441
20
24
14
177
22
447
30
94
88
242
16
154
89
485
58
82
63
302
73
61
38
398
34
65
98
5
11
214
38
313
54
383
27
215
55
252
79
189
66
428
45
421
80
443
15
255
20
208
90
423
12
38
41
224
50
96
28
382
98
195
1
171
79
437
58
69
99
441
89
220
48
438
5
374
25
194
93
2
49
291
11
160
66
307
17
446
96
439
64
43
84
100
53
168
40
191
9
9
93
279
37
24
3
159
36
344
5
297
7
55
84
162
1
155
71
300
20
368
83
145
24
496
21
130
66
294
65
239
1
13
36
390
19
18
31
222
88
184
60
232
26
446
17
442
73
478
91
442
37
35
98
286
82
147
25
90
38
167
21
281
10
238
72
226
52
115
72
25
91
252
71
336
78
342
66
489
68
355
76
394
74
423
53
443
75
354
88
313
90
443
73
475
21
270
33
345
71
411
76
385
15
262
74
394
59
90
97
245
71
130
61
397
89
472
63
489
92
464
17
288
49
130
17
269
86
214
53
25
31
14
43
335
64
267
96
491
83
322
37
498
79
82
21
276
91
417
27
143
36
211
67
1
61
86
24
492
87
153
68
383
34
225
18
109
80
349
64
315
69
360
47
359
64
25
79
270
56
191
26
446
94
217
89
323
87
115
75
332
74
107
62
184
10
119
71
37
63
235
98
296
63
310
43
440
96
250
63
330
2
463
47
190
34
418
1
210
85
475
29
445
20
157
18
34
69
415
35
499
43
147
59
168
72
495
45
310
4
284
77
233
41
372
29
156
75
112
95
144
95
259
42
72
92
489
95
266
84
401
14
220
70
445
74
181
44
113
5
54
21
395
78
152
54
497
52
156
15
260
97
236
76
402
86
149
43
145
52
442
59
98
87
447
58
402
46
230
47
435
96
78
77
362
26
31
32
464
36
111
70
404
68
11
42
234
25
343
20
209
51
155
50
42
5
29
29
338
77
335
60
48
96
424
71
427
43
88
59
448
47
31
87
45
62
351
59
273
88
163
44
29
32
475
6
449
74
325
52
491
46
379
12
286
46
245
97
259
61
290
35
31
66
139
18
360
33
199
88
177
24
356
90
8
35
259
43
325
93
78
91
104
10
206
66
401
90
322
52
204
74
170
85
185
67
18
11
247
30
422
48
306
16
202
27
359
69
448
72
448
68
214
41
31
52
398
69
414
81
185
53
298
69
309
17
232
99
341
25
207
55
189
30
206
7
83
18
1
25
390
8
281
5
390
29
227
4
235
67
68
60
61
24
126
70
420
44
352
61
231
36
191
43
300
31
469
81
301
37
205
1
385
70
343
17
357
39
194
91
406
67
87
30
51
47
26
15
450
85
288
87
303
28
241
23
182
62
163
27
87
33
265
2
24
64
20
90
250
87
199
10
307
36
97
40
194
66
384
45
362
5
388
96
279
27
196
74
77
96
276
28
129
69
450
37
426
48
259
38
459
5
415
42
93
32
447
31
259
55
145
14
343
83
184
72
416
35
443
92
34
80
404
69
384
88
139
81
197
13
77
13
255
41
28
67
106
31
117
38
189
87
272
23
376
92
430
60
42
50
14
81
190
9
56
46
101
21
476
73
333
98
372
83
62
27
97
2
283
20
157
10
293
61
422
58
189
56
299
23
247
8
38
72
169
71
334
26
276
23
77
7
220
31
227
28
35
88
408
17
49
76
488
90
226
87
206
51
274
15
52
24
496
51
51
26
143
28
77
74
155
42
377
92
423
18
3
93
472
43
236
20
167
49
47
48
68
16
215
87
154
45
395
85
3
98
248
20
305
50
468
7
9
15
480
99
161
21
402
67
264
33
394
39
480
15
248
64
69
9
21
38
188
7
23
83
51
3
426
70
146
74
179
36
431
9
452
35
275
63
23
42
489
45
333
76
55
36
108
23
98
40
178
12
498
50
161
68
384
96
4
84
252
6
3
51
107
2
288
86
277
10
108
94
301
60
291
90
197
82
147
46
423
38
124
48
121
30
8
62
428
98
23
31
300
49
232
42
374
44
227
46
38
14
79
3
192
19
118
88
164
37
43
13
337
84
314
68
242
41
50
26
75
58
389
34
239
93
387
4
284
46
191
16
27
74
112
17
345
23
36
38
413
49
454
37
173
20
279
46
112
84
44
74
3
12
406
88
198
38
223
14
94
27
31
44
71
26
420
42
218
61
415
19
299
88
326
44
119
32
58
66
391
86
84
58
283
2
228
47
352
16
468
89
234
86
70
39
430
62
215
56
494
28
343
70
293
33
67
51
444
13
299
85
469
82
297
16
140
52
65
91
295
24
419
34
464
44
252
27
468
3
233
99
470
78
310
5
294
89
210
56
482
1
467
76
205
67
354
52
170
84
316
48
169
7
411
14
64
81
163
88
56
3
24
3
80
80
61
20
373
16
195
35
402
86
423
98
96
52
412
82
199
98
144
40
280
81
240
47
450
42
390
35
244
41
3
26
158
29
239
35
245
7
328
13
377
41
22
3
327
51
458
64
403
62
460
43
66
11
94
75
236
3
408
33
410
67
34
82
322
9
52
19
99
54
144
30
423
62
267
11
133
3
484
37
9
91
310
93
174
86
126
54
273
44
340
32
195
1
282
74
67
7
123
65
408
42
451
68
83
29
161
74
409
71
244
11
241
33
398
29
176
65
28
65
251
30
323
56
105
52
21
76
293
90
178
17
228
56
339
39
272
62
115
81
491
56
6
10
152
40
283
10
213
80
80
54
99
56
206
17
480
53
456
88
119
65
362
55
495
62
364
65
66
72
111
71
337
49
350
70
238
65
481
88
178
40
310
73
235
92
224
54
408
7
443
69
302
70
366
86
457
46
344
61
353
84
146
89
415
75
27
46
431
49
433
49
360
20
102
68
202
29
74
34
316
15
37
36
340
18
335
15
269
95
29
78
84
98
199
71
453
25
44
96
486
14
365
85
280
2
326
52
371
61
363
45
499
94
161
75
499
28
421
51
262
2
98
52
208
10
387
61
423
23
98
16
467
77
332
8
280
74
84
68
106
83
395
7
363
46
82
54
54
78
343
56
444
95
235
45
163
26
181
85
366
9
173
50
479
13
207
29
63
15
272
21
416
6
314
83
142
74
390
43
79
31
394
54
429
31
15
75
183
32
239
94
401
19
265
33
468
48
69
59
8
8
336
8
119
77
174
50
42
8
203
85
234
83
492
5
297
66
27
10
204
20
407
8
457
30
240
67
491
47
29
74
232
37
459
86
206
17
231
90
90
6
371
69
162
41
407
11
319
22
480
30
215
54
323
32
289
54
273
71
96
94
381
62
290
28
405
73
382
76
61
79
206
43
322
79
33
53
224
94
75
8
311
8
68
14
465
8
411
65
313
7
251
9
410
93
290
19
470
99
269
21
23
12
62
30
54
92
441
52
345
54
196
94
358
92
435
80
21
63
253
15
235
98
469
26
49
85
475
19
231
89
169
49
439
41
434
33
320
9
412
15
176
4
261
29
50
38
445
70
19
98
428
44
190
20
158
63
150
82
69
79
249
44
481
55
306
5
127
53
14
88
178
7
32
7
336
86
200
68
319
84
275
57
458
74
316
94
113
72
470
7
480
44
207
11
462
1
463
87
192
14
486
4
190
22
121
62
165
52
483
47
154
23
362
98
160
36
178
21
235
45
83
69
230
5
416
16
309
35
57
55
128
92
98
59
295
13
293
34
58
56
188
43
301
81
184
15
396
40
221
78
332
8
172
29
484
27
3
78
465
54
189
25
347
30
205
55
494
64
226
21
12
14
257
99
174
2
167
63
333
83
395
24
397
67
237
11
453
86
172
99
76
40
36
83
70
86
409
11
484
5
157
78
134
97
422
60
32
41
484
78
368
2
334
39
479
33
373
37
356
77
332
16
465
53
380
5
71
86
240
43
328
82
138
64
172
49
169
67
290
12
329
48
305
65
29
84
97
34
327
41
332
62
157
46
470
18
218
27
491
87
267
37
153
15
13
32
50
21
164
58
109
93
336
60
176
94
261
33
97
95
299
28
321
90
399
95
136
38
252
75
450
9
7
44
373
86
464
30
120
72
99
3
365
94
40
35
195
33
296
65
173
61
321
10
225
26
7
34
344
92
48
21
441
1
114
9
244
21
82
69
193
91
447
2
70
19
98
49
21
26
94
57
1
94
365
35
168
52
451
49
379
61
450
11
457
7
421
23
470
55
202
22
357
65
340
7
353
18
387
86
197
2
71
45
377
75
384
18
193
74
130
5
34
76
151
61
352
68
24
24
251
42
154
39
105
15
446
9
150
67
419
66
155
37
424
52
186
98
141
31
198
93
18
98
244
29
477
1
10
32
350
44
17
69
91
71
401
79
121
49
300
94
175
27
125
17
262
75
193
61
208
89
115
57
268
84
300
91
385
65
364
98
482
75
259
30
183
27
460
40
334
98
28
46
494
94
378
64
231
8
57
71
429
95
88
88
403
69
261
14
404
89
213
82
308
84
242
14
70
50
140
34
110
43
388
78
105
16
298
49
445
49
472
21
461
97
385
27
136
6
495
1
406
16
210
56
118
41
325
33
212
24
442
76
335
98
366
28
43
53
39
67
153
58
135
28
182
8
346
49
171
92
284
38
148
91
408
96
443
81
45
17
339
88
373
26
103
47
28
85
498
85
344
96
309
12
336
58
35
72
124
97
485
98
329
6
317
97
391
99
77
46
248
29
4
36
228
48
434
63
379
63
52
12
151
46
404
45
476
79
415
12
34
75
174
15
124
4
19
85
127
87
464
7
332
82
378
86
159
87
52
46
368
45
171
75
188
35
152
45
344
28
198
17
328
88
80
45
176
82
97
79
481
13
478
99
49
82
465
23
445
92
478
31
3
31
403
88
73
1
124
2
292
74
93
85
420
63
65
49
471
72
430
36
253
88
114
81
342
46
189
33
207
55
57
30
174
14
12
46
268
30
270
31
121
70
289
81
493
31
131
42
7
19
299
78
471
72
31
46
186
60
386
35
488
85
105
95
442
94
394
4
455
90
170
54
3
49
317
2
300
85
201
47
440
47
191
90
16
24
380
67
453
80
474
98
249
71
323
71
47
36
195
57
423
89
224
35
134
29
35
99
385
50
17
55
481
93
484
39
372
72
441
37
176
49
105
54
144
8
101
92
425
43
145
1
95
12
64
81
285
81
310
57
232
76
412
35
439
50
301
21
146
26
32
26
337
25
369
23
330
88
174
37
200
41
83
48
466
18
358
56
38
70
45
69
282
14
4
21
355
3
412
78
259
81
197
46
97
7
411
95
471
38
298
15
27
94
249
43
328
5
464
5
8
33
23
14
168
57
146
73
286
37
148
57
327
88
190
84
291
20
379
62
101
10
168
19
182
6
466
75
376
53
158
78
302
28
240
82
261
62
64
64
492
86
138
19
458
37
201
26
118
29
182
60
344
20
167
97
283
40
324
90
7
89
147
81
109
20
470
64
352
30
366
44
381
2
412
54
479
86
446
36
496
31
379
92
304
18
243
22
164
91
253
75
459
79
77
88
473
36
355
74
495
43
195
99
50
1
499
88
99
60
5
63
269
7
142
69
303
96
344
74
300
51
2
3
498
78
30
76
213
77
60
72
181
6
12
38
421
21
99
84
78
56
33
7
416
69
300
53
366
66
310
95
221
21
179
10
176
40
220
23
338
21
264
71
136
42
93
84
47
12
205
31
425
37
424
40
211
12
363
95
447
22
418
45
396
78
276
13
28
8
338
98
279
60
420
50
440
64
46
54
256
65
245
39
220
1
347
17
82
12
108
1
55
95
127
85
30
25
34
14
5
2
324
12
408
98
213
37
395
94
300
92
128
29
177
84
314
83
497
56
391
8
433
2
94
48
401
81
107
82
310
30
158
39
250
79
170
20
473
10
89
35
224
71
229
95
77
59
57
81
22
38
492
25
324
84
73
34
212
32
285
68
183
77
454
67
370
91
84
91
226
38
465
63
249
17
82
60
294
74
304
44
468
83
404
41
117
43
408
50
53
44
380
25
262
28
196
93
432
26
491
41
182
79
280
23
447
34
411
84
375
47
412
94
426
66
21
24
405
90
120
22
80
12
315
82
372
82
405
54
198
42
288
68
317
68
276
10
21
25
91
21
234
49
361
28
63
46
394
5
231
71
261
77
239
69
155
6
249
22
84
73
217
30
264
54
154
25
471
93
29
31
38
7
85
98
146
42
66
56
19
15
245
34
102
48
437
99
394
79
293
2
1
44
218
76
408
98
493
79
152
61
319
45
305
20
39
44
314
12
41
91
143
4
330
33
456
64
72
72
398
76
480
66
478
68
85
90
276
24
130
19
96
18
324
73
40
29
316
7
270
33
116
5
237
54
457
85
211
83
427
3
123
78
53
97
430
19
159
54
476
50
115
22
243
67
442
67
341
84
294
55
109
45
234
47
323
79
326
9
131
58
341
86
4
8
344
21
177
78
55
32
318
73
327
19
89
91
461
76
45
20
217
64
210
14
437
31
86
61
112
5
251
89
376
22
465
7
290
21
119
8
332
34
445
83
197
16
134
66
178
38
191
20
91
86
252
28
144
26
216
91
104
25
399
99
392
39
40
21
489
53
401
81
447
26
480
50
214
85
201
40
6
53
450
32
71
67
397
63
168
35
34
48
317
59
223
33
56
90
339
47
76
89
482
93
481
26
51
20
437
50
7
24
343
67
353
14
488
27
285
21
245
43
250
4
361
43
373
49
462
99
430
9
220
39
389
76
427
91
65
74
83
75
19
92
58
92
66
30
65
14
337
9
252
76
266
6
345
98
63
58
442
3
44
22
215
50
399
37
217
27
490
8
283
17
348
89
105
80
416
97
176
6
320
31
83
43
305
86
168
2
282
82
14
48
266
96
361
23
491
93
237
5
74
21
405
63
406
8
270
69
134
83
419
43
245
11
348
31
427
58
111
97
45
94
417
58
248
38
489
1
179
77
292
87
145
76
319
74
114
96
409
48
379
93
328
8
307
64
11
13
447
65
145
69
368
32
491
84
247
66
423
28
471
2
205
93
140
3
358
15
145
31
11
65
347
56
41
27
38
38
381
57
407
31
268
82
485
73
15
69
225
65
179
9
205
80
11
8
379
79
120
38
283
20
420
48
111
56
54
92
462
80
177
52
453
22
305
79
28
70
19
45
15
85
415
95
268
82
251
78
390
1
487
72
204
68
29
49
79
72
49
56
466
68
330
67
462
37
490
91
440
98
401
30
157
98
355
18
45
73
84
92
343
15
194
46
368
25
493
74
493
16
201
69
449
9
136
29
322
10
173
69
337
71
359
84
323
46
57
6
467
2
384
19
314
73
103
22
412
54
374
74
292
50
497
16
470
84
144
89
304
11
39
36
380
53
274
80
483
74
221
33
109
47
108
44
32
34
245
83
297
57
321
68
207
84
446
91
369
63
267
29
275
25
478
68
106
97
55
92
289
11
229
18
278
84
450
93
74
11
196
32
460
29
351
3
393
96
131
45
279
37
411
15
347
84
317
95
277
98
401
21
8
59
433
88
348
2
495
14
45
54
211
27
350
90
405
8
271
93
144
53
419
72
499
89
369
98
218
28
477
42
344
56
81
90
463
77
237
54
349
51
450
89
402
88
392
78
283
32
190
62
346
4
305
19
204
7
182
90
321
27
481
90
450
89
493
18
85
81
205
63
352
44
408
64
349
68
321
6
471
57
412
49
144
75
310
63
449
82
115
61
294
80
43
97
261
37
133
56
146
48
491
74
311
25
303
93
498
80
59
42
97
37
462
10
209
94
370
90
353
79
484
96
494
40
266
96
497
82
432
97
90
94
421
18
140
42
158
68
151
90
489
44
431
63
406
13
195
50
470
11
191
67
197
26
324
21
347
77
272
52
269
31
93
90
169
95
251
11
31
77
53
63
7
72
198
10
493
22
392
71
388
19
78
1
177
18
65
83
108
60
260
70
297
33
69
21
363
57
341
48
401
94
264
67
492
47
10
37
498
52
11
64
359
87
419
42
37
56
346
80
464
14
160
2
72
78
362
66
72
17
222
16
36
21
199
73
283
58
310
69
53
80
326
65
485
24
32
58
278
88
54
19
4
25
186
1
198
49
281
42
79
79
295
88
378
91
55
95
388
86
8
87
207
15
460
75
310
96
422
35
212
12
305
38
342
84
446
43
47
7
219
6
433
45
438
41
5
52
265
36
381
7
37
46
175
57
320
54
142
34
96
48
27
3
6
2
293
32
394
39
479
42
91
97
310
4
282
40
339
93
73
58
133
82
227
97
152
27
275
68
96
21
488
63
410
90
334
48
476
38
289
51
249
45
225
56
404
60
340
69
471
25
114
15
14
96
190
8
151
93
378
46
490
52
93
26
192
94
225
66
342
45
381
96
392
14
255
78
35
97
243
68
499
70
357
19
447
36
113
49
66
28
249
76
427
90
14
17
1
56
332
51
23
55
215
91
312
39
119
59
461
74
306
23
445
41
165
54
361
48
107
99
451
35
452
78
310
9
451
38
64
7
300
66
491
41
294
78
488
13
241
42
148
73
460
11
110
93
146
31
279
71
16
51
405
77
72
60
426
46
262
69
382
13
109
45
369
49
200
14
173
75
134
40
302
57
327
88
247
53
150
60
181
74
183
96
308
5
354
49
158
99
356
91
129
30
423
6
487
3
315
53
343
50
20
20
262
2
143
99
151
46
366
13
259
47
236
70
274
11
62
79
63
97
452
14
439
47
139
37
187
36
491
63
347
81
378
70
112
39
212
19
284
10
3
3
369
97
495
55
102
76
298
74
473
99
102
17
329
31
330
55
180
45
401
23
231
62
49
88
60
14
113
34
347
53
87
24
128
71
37
1
452
1
431
44
92
34
154
39
288
51
349
41
132
87
302
19
362
62
151
1
195
94
6
69
238
61
88
55
31
72
85
64
124
82
12
85
159
3
161
29
400
70
181
95
86
52
77
84
40
87
39
37
445
82
284
9
61
39
456
78
411
25
246
42
179
19
48
59
415
95
57
17
414
34
181
73
465
15
423
1
45
56
413
74
300
36
8
99
305
51
97
63
335
16
199
10
168
74
365
35
83
27
420
43
391
9
404
55
488
56
143
27
308
75
133
95
288
20
417
77
308
42
19
88
129
42
351
58
226
10
395
56
69
43
219
59
339
69
359
28
202
50
391
35
133
89
252
99
33
40
496
97
302
74
349
19
262
62
454
88
166
80
227
31
456
33
385
81
395
45
106
23
158
88
107
24
124
81
260
92
61
84
459
59
308
78
403
75
315
45
112
47
364
65
221
19
205
62
439
61
32
91
312
82
346
7
112
12
466
33
63
23
382
88
132
51
305
18
363
40
456
79
385
37
270
14
260
95
235
47
359
22
263
77
295
44
243
97
253
69
226
41
457
43
340
82
84
12
23
68
444
8
195
94
337
28
203
24
490
90
460
73
486
74
62
23
69
58
11
40
366
36
494
51
109
98
374
25
43
94
202
62
363
15
218
44
61
50
259
99
385
24
227
41
341
73
334
52
317
91
97
18
225
56
384
32
223
29
104
80
441
21
354
1
446
27
458
92
100
76
208
47
366
69
322
24
317
29
251
67
20
97
21
84
67
29
424
36
320
79
252
64
66
61
391
16
17
9
112
13
3
56
51
77
386
16
103
21
151
17
65
51
255
84
278
84
129
74
382
96
469
78
332
30
159
1
216
6
231
69
52
8
307
79
25
76
336
87
453
16
493
7
210
16
266
21
131
43
217
66
100
23
141
63
227
47
427
12
122
77
472
34
7
31
58
34
86
83
74
14
418
55
479
83
36
96
35
19
35
85
97
71
27
94
482
40
39
13
340
53
233
33
499
80
470
15
191
58
300
54
60
12
294
95
68
97
289
51
12
94
169
47
458
37
32
65
286
47
87
44
343
93
66
44
351
69
284
31
107
81
66
18
93
18
94
16
152
21
344
59
441
24
111
3
387
11
219
37
193
58
103
96
467
66
407
55
177
28
260
91
389
98
404
53
102
16
461
60
257
92
253
4
481
71
382
33
193
60
221
33
94
84
140
97
150
44
207
54
190
64
204
9
324
47
171
56
149
46
431
90
268
89
35
62
107
93
359
58
137
75
469
68
495
13
36
88
103
41
250
43
30
72
424
26
314
85
27
4
146
8
62
90
21
38
274
54
128
70
494
94
412
46
55
93
369
89
27
98
181
90
77
96
144
83
259
10
290
84
281
89
107
85
391
96
298
75
423
16
178
19
41
35
373
33
41
97
342
63
319
2
348
76
215
17
453
96
172
54
427
99
313
8
153
35
114
22
37
81
174
73
465
67
299
33
297
80
266
4
424
64
486
71
352
39
262
22
461
2
372
28
12
58
322
94
386
55
347
11
223
66
113
48
375
36
378
41
468
86
138
64
407
37
325
56
383
20
484
30
151
6
469
96
26
29
102
60
276
56
308
42
297
58
184
57
250
65
39
31
457
48
267
59
235
4
45
88
323
26
431
67
465
70
120
82
49
33
212
71
94
81
398
46
237
37
214
7
74
4
140
87
329
87
28
88
59
60
223
21
358
3
143
83
210
42
195
93
16
64
413
43
441
82
221
72
243
61
195
84
244
40
240
15
20
44
354
1
259
28
328
43
486
23
64
52
380
16
303
53
331
16
405
72
469
95
238
27
239
43
216
23
448
86
68
14
23
70
92
87
490
92
299
75
55
54
111
73
41
51
171
36
159
38
91
98
246
48
352
72
248
81
482
60
370
25
294
28
364
37
446
15
412
62
248
95
253
94
429
5
376
86
162
33
322
61
306
21
351
68
236
25
476
67
389
75
113
80
28
35
344
86
118
67
173
22
400
72
427
24
401
71
282
49
340
29
355
32
277
91
199
58
98
88
186
53
221
95
443
87
336
47
454
83
164
77
420
65
282
62
42
58
498
75
150
38
377
98
132
57
176
29
173
27
125
12
99
63
233
72
271
4
88
30
236
85
230
57
239
25
109
94
435
10
117
27
3
99
220
22
354
99
171
71
111
13
332
81
149
11
386
37
46
54
383
78
194
24
151
8
390
88
328
26
238
58
443
6
246
81
359
80
160
35
257
71
445
15
71
66
383
14
226
15
238
2
209
80
86
78
411
76
299
66
330
76
17
20
17
66
110
31
480
15
70
70
264
5
414
71
12
76
20
93
261
38
246
40
151
13
492
5
130
71
333
34
136
22
130
7
256
19
40
18
464
82
114
37
158
31
319
9
78
49
17
60
248
91
417
46
200
23
437
94
477
73
401
37
335
56
372
9
492
79
182
42
71
70
353
56
74
39
149
41
89
93
102
92
186
29
260
79
131
95
480
12
134
29
346
44
16
68
188
83
401
75
15
54
240
46
380
61
183
70
248
84
115
46
214
15
357
10
396
46
208
8
486
76
404
28
200
19
473
65
71
51
130
32
211
62
97
43
470
87
385
1
27
7
131
91
177
50
366
47
379
23
23
17
358
50
310
8
93
27
270
96
206
56
409
86
137
46
477
35
35
54
324
15
230
92
201
56
20
22
317
83
439
10
433
82
38
53
117
35
471
36
113
88
44
8
152
37
427
99
265
36
384
43
213
48
479
73
150
83
357
65
145
62
212
94
15
73
385
91
179
94
275
94
180
20
133
35
365
9
476
8
480
35
41
99
118
99
423
86
32
22
403
77
222
36
66
60
247
91
429
74
71
39
289
40
132
27
241
33
447
51
355
62
164
4
102
33
451
1
185
94
57
8
104
59
104
3
432
92
313
29
200
68
148
4
353
2
245
87
315
33
188
93
399
55
218
5
261
91
320
50
237
13
383
50
91
35
32
2
495
54
202
84
389
80
6
1
332
62
439
46
433
38
155
47
159
52
489
96
396
80
64
81
272
55
43
30
441
93
330
61
142
90
490
14
264
91
58
42
114
55
245
74
213
81
494
66
135
4
128
13
398
20
319
27
213
18
447
88
32
74
178
97
385
33
176
61
487
2
183
2
356
35
99
57
72
86
451
59
101
64
307
47
128
87
351
48
269
75
464
80
150
31
267
51
68
65
346
9
491
73
481
85
337
99
101
17
5
35
311
8
346
40
313
84
259
14
401
73
113
76
456
72
26
90
258
20
184
67
235
39
235
25
185
10
16
74
296
96
260
99
166
17
468
6
477
82
498
91
325
45
179
62
427
90
452
90
438
48
120
13
168
18
138
89
491
59
389
21
427
30
29
52
89
89
395
49
126
55
325
84
278
90
118
46
98
92
8
49
33
23
45
28
382
3
310
61
441
95
355
36
198
43
248
57
181
44
447
80
52
76
363
19
131
98
203
76
278
69
434
45
212
22
485
61
383
23
445
42
448
83
263
53
141
69
183
96
267
93
198
35
306
1
195
69
400
9
219
95
336
42
330
60
152
79
457
82
228
3
82
14
417
64
418
88
413
45
457
55
350
79
404
10
312
12
116
83
90
79
36
23
431
96
164
7
286
69
79
35
203
48
420
77
342
23
372
12
454
73
353
29
425
32
201
39
97
62
423
56
76
39
337
70
135
74
19
57
50
56
108
67
359
84
4
60
309
22
412
23
127
84
8
4
91
87
73
28
494
8
195
45
121
48
406
42
439
83
315
58
113
7
35
25
146
6
313
45
36
75
414
93
336
43
202
86
242
99
238
12
436
64
183
49
483
87
242
35
335
48
387
49
468
6
301
19
244
8
72
11
243
40
390
92
405
24
57
72
179
40
147
83
306
77
402
14
425
11
31
45
104
96
298
94
477
80
9
37
477
93
59
8
425
91
252
66
428
10
365
35
62
94
146
23
284
40
413
10
413
81
116
51
488
96
138
4
184
23
245
31
267
17
479
25
8
4
144
98
22
26
318
61
81
29
264
20
312
31
10
71
10
80
114
80
265
39
190
36
135
16
61
33
149
60
394
51
377
29
81
25
89
71
6
33
145
23
420
27
126
75
439
46
180
54
352
25
322
19
30
71
286
51
36
73
437
3
264
37
62
54
319
37
471
79
418
8
265
84
360
85
106
92
140
76
383
46
223
39
477
59
208
61
386
38
446
35
243
52
328
34
424
19
8
6
240
32
310
86
146
79
446
47
114
27
477
63
371
79
408
21
176
54
215
66
464
71
182
88
335
7
370
76
271
6
463
99
127
10
97
80
177
4
244
14
386
81
438
64
328
80
449
57
62
40
393
55
236
70
343
94
74
12
141
30
42
58
81
17
74
16
92
85
456
45
153
70
9
49
343
57
369
48
301
7
326
39
264
39
443
42
356
23
470
13
148
75
462
99
488
22
53
67
296
12
289
4
443
57
121
50
480
11
350
98
377
92
301
74
125
70
135
12
157
51
136
39
373
72
35
18
301
46
284
44
171
71
46
67
401
35
423
62
81
42
161
8
430
44
82
59
374
30
225
89
495
99
372
80
161
53
488
19
411
81
52
9
3
72
389
94
475
10
44
76
267
32
210
55
234
9
56
44
245
47
484
15
183
71
364
80
480
11
344
78
228
66
5
71
355
71
5
72
483
34
161
16
95
35
112
28
252
12
480
6
76
91
219
64
136
99
274
32
144
53
236
11
169
57
257
51
154
25
398
43
280
54
456
65
406
71
268
46
442
99
266
28
158
76
25
50
107
45
198
59
307
30
494
91
328
79
206
37
137
33
439
18
31
4
85
12
282
68
499
71
397
45
235
42
464
4
302
50
320
40
136
11
47
63
221
54
108
10
95
31
30
99
363
87
282
59
162
50
60
68
164
22
174
68
469
33
198
82
441
71
245
50
81
16
162
61
147
27
59
45
132
60
292
35
175
81
242
39
261
8
170
68
404
97
259
58
150
33
398
24
105
10
420
31
365
94
293
79
251
70
194
91
407
35
20
76
26
30
71
59
105
84
37
31
179
87
2
4
481
68
40
24
80
47
449
95
43
24
75
98
22
59
36
41
227
79
79
58
493
96
262
15
344
61
67
1
475
19
165
85
332
99
263
44
305
15
108
73
18
92
456
29
117
76
448
59
46
99
313
85
426
34
143
13
172
56
150
27
323
25
50
32
425
22
138
99
200
61
384
53
88
29
88
45
255
59
44
52
429
29
182
23
121
93
480
58
274
69
65
71
434
92
188
85
336
63
79
37
355
42
452
66
261
37
44
89
462
75
245
90
25
96
262
86
167
38
29
43
185
28
385
23
169
69
220
7
279
10
162
67
231
40
252
30
389
54
415
86
100
3
92
11
23
40
447
24
171
42
225
47
419
68
8
92
340
84
343
28
103
44
475
98
78
24
192
28
377
60
143
63
186
65
199
28
425
15
245
84
16
80
378
4
62
70
175
22
315
9
43
5
154
72
151
65
242
85
74
19
372
5
478
86
475
95
366
19
159
40
11
56
71
10
391
52
275
25
182
2
267
60
65
97
258
28
408
29
50
99
483
19
335
96
106
6
404
25
6
90
25
30
195
55
158
16
377
50
93
78
99
9
247
95
473
38
398
76
15
72
445
20
34
15
419
58
231
99
288
36
56
47
242
26
496
24
222
97
179
95
72
47
334
64
176
46
409
80
327
11
379
8
27
22
464
6
480
37
356
39
166
24
238
51
305
40
252
4
331
88
243
93
456
60
208
98
233
79
272
51
459
11
284
61
129
47
441
22
39
38
363
87
273
73
333
53
330
73
169
70
385
78
124
98
423
62
299
31
55
67
328
39
150
38
131
53
450
79
367
58
292
7
228
35
155
64
305
78
46
7
74
67
417
85
77
82
464
1
139
68
143
46
168
53
492
33
52
53
192
20
281
74
236
34
205
7
407
20
332
48
133
56
111
81
165
7
426
62
494
65
351
19
58
36
441
52
21
94
397
35
409
55
226
27
340
33
207
38
362
31
326
38
253
69
22
78
184
62
186
63
200
88
449
95
179
10
498
51
28
95
138
34
102
89
61
34
283
42
150
3
42
14
410
5
243
33
114
34
166
42
236
42
423
58
324
32
132
86
348
94
396
74
94
42
288
80
221
35
38
52
220
22
171
41
283
70
245
30
264
48
381
14
335
16
346
71
340
56
353
29
107
43
183
96
419
98
347
22
97
40
148
16
313
87
40
92
53
98
2
94
123
31
364
19
33
16
403
33
94
48
124
20
9
92
35
57
280
50
430
88
465
41
389
25
394
80
281
12
69
15
362
17
275
30
245
25
257
83
301
79
449
91
483
91
99
59
436
22
155
22
180
98
252
30
421
85
173
98
197
72
424
71
477
11
318
24
457
40
266
4
260
23
92
50
360
65
396
25
19
39
390
14
69
80
92
62
386
37
168
25
80
69
489
99
