133,150,,17
419,447,,28
690,777,,87
875,897,,22
1148,1184,,36
1563,1568,,5
1754,1772,,18
1892,1902,,10
2034,2122,,88
2230,2280,,50
2586,2609,,23
3043,3120,,77
3475,3549,,74
4028,4045,,17
4126,4155,,29
4157,4180,,23
4205,4248,,43
4533,4605,,72
4641,4653,,12
5094,5119,,25
5312,5394,,82
5768,5852,,84
6050,6073,,23
6289,6371,,82
6511,6582,,71
7033,7132,,99
7150,7178,,28
7390,7448,,58
7744,7824,,80
8037,8114,,77
8184,8234,,50
8668,8682,,14
8802,8821,,19
8958,9015,,57
9501,9540,,39
9986,10003,,17
10223,10270,,47
10457,10526,,69
10666,10750,,84
10877,10879,,2
11354,11424,,70
11656,11752,,96
11784,11848,,64
12106,12157,,51
12306,12381,,75
12788,12849,,61
13106,13131,,25
13145,13229,,84
13402,13466,,64
13770,13826,,56
13899,13938,,39
13996,14008,,12
14176,14214,,38
14653,14655,,2
14878,14953,,75
15071,15129,,58
15291,15322,,31
15602,15661,,59
15819,15865,,46
16046,16078,,32
16292,16335,,43
16416,16504,,88
16554,16588,,34
16980,16996,,16
17126,17159,,33
17492,17557,,65
18042,18127,,85
18209,18217,,8
18525,18569,,44
18674,18731,,57
18900,18927,,27
19016,19021,,5
19257,19302,,45
19715,19754,,39
20154,20231,,77
20238,20337,,99
20720,20743,,23
20801,20817,,16
21194,21201,,7
21647,21746,,99
22078,22149,,71
22247,22299,,52
22784,22865,,81
23036,23077,,41
23361,23437,,76
23585,23680,,95
24092,24146,,54
24314,24386,,72
24645,24705,,60
24718,24798,,80
24824,24886,,62
25077,25170,,93
25637,25662,,25
26148,26167,,19
26620,26673,,53
26808,26870,,62
27106,27178,,72
27474,27492,,18
27863,27935,,72
28282,28377,,95
28572,28638,,66
28860,28883,,23
29153,29202,,49
29547,29639,,92
29696,29751,,55
30094,30139,,45
30224,30229,,5
30381,30455,,74
30791,30801,,10
31167,31222,,55
31449,31511,,62
31932,31991,,59
32151,32196,,45
32516,32594,,78
32897,32975,,78
33342,33401,,59
33610,33666,,56
34144,34221,,77
34315,34353,,38
34848,34922,,74
35126,35167,,41
35569,35632,,63
35716,35740,,24
35826,35922,,96
36385,36477,,92
36874,36928,,54
37377,37468,,91
37604,37695,,91
38000,38064,,64
38353,38371,,18
38666,38699,,33
39124,39163,,39
39234,39257,,23
39290,39319,,29
39535,39605,,70
39988,40052,,64
40512,40565,,53
41013,41029,,16
41383,41389,,6
41439,41466,,27
41884,41932,,48
42151,42242,,91
42695,42702,,7
42859,42956,,97
43398,43449,,51
43814,43883,,69
44340,44349,,9
44790,44804,,14
45156,45224,,68
45714,45806,,92
46305,46354,,49
46573,46621,,48
46888,46957,,69
46978,47067,,89
47327,47353,,26
47412,47490,,78
47516,47570,,54
47683,47767,,84
48054,48153,,99
48472,48479,,7
48730,48751,,21
49013,49038,,25
49105,49143,,38
49266,49276,,10
49750,49784,,34
50209,50248,,39
50649,50712,,63
50780,50829,,49
51299,51384,,85
51396,51493,,97
51756,51835,,79
52036,52103,,67
52535,52617,,82
52657,52756,,99
53064,53082,,18
53314,53386,,72
53538,53566,,28
53646,53725,,79
54158,54228,,70
54627,54690,,63
54721,54742,,21
54747,54815,,68
55205,55292,,87
55515,55602,,87
55801,55884,,83
56101,56165,,64
56638,56723,,85
57076,57081,,5
57241,57306,,65
57605,57689,,84
58106,58162,,56
58396,58480,,84
58508,58573,,65
58852,58882,,30
59313,59316,,3
59444,59537,,93
59703,59784,,81
60053,60142,,89
60580,60674,,94
60815,60837,,22
61310,61338,,28
61723,61759,,36
62099,62163,,64
62654,62726,,72
62871,62896,,25
62905,62936,,31
63019,63117,,98
63576,63658,,82
63853,63899,,46
63915,63967,,52
64324,64361,,37
64645,64704,,59
65063,65113,,50
65549,65553,,4
65740,65755,,15
65815,65895,,80
66304,66379,,75
66611,66709,,98
66764,66829,,65
66915,67009,,94
67155,67247,,92
67507,67544,,37
67696,67716,,20
67896,67961,,65
68336,68375,,39
68450,68465,,15
68742,68830,,88
69149,69162,,13
69620,69668,,48
69684,69693,,9
69699,69756,,57
69777,69849,,72
70272,70283,,11
70626,70630,,4
70885,70974,,89
71414,71443,,29
71590,71628,,38
71666,71734,,68
71960,72035,,75
72430,72507,,77
72706,72736,,30
73063,73080,,17
73167,73186,,19
73402,73453,,51
73533,73592,,59
73818,73909,,91
73934,73957,,23
74053,74072,,19
74275,74282,,7
74704,74763,,59
75200,75242,,42
75419,75495,,76
75810,75883,,73
76106,76141,,35
76191,76289,,98
76758,76811,,53
77161,77202,,41
77435,77523,,88
77718,77805,,87
78140,78218,,78
78272,78287,,15
78478,78499,,21
78977,79015,,38
79378,79467,,89
79870,79966,,96
80347,80445,,98
80514,80583,,69
80586,80662,,76
81007,81036,,29
81245,81294,,49
81450,81502,,52
81700,81746,,46
82061,82148,,87
82207,82244,,37
82598,82627,,29
82904,82944,,40
83260,83315,,55
83376,83440,,64
83651,83686,,35
83929,83991,,62
84304,84374,,70
84381,84441,,60
84453,84490,,37
84978,85011,,33
85462,85498,,36
85677,85699,,22
85727,85747,,20
86073,86116,,43
86249,86292,,43
86788,86858,,70
87347,87408,,61
87744,87789,,45
87987,88041,,54
88395,88407,,12
88778,88834,,56
89193,89271,,78
89698,89792,,94
90240,90299,,59
90310,90384,,74
90484,90507,,23
90625,90652,,27
90710,90743,,33
90870,90895,,25
90970,91017,,47
91246,91345,,99
91416,91495,,79
91983,92029,,46
92519,92606,,87
92794,92853,,59
93006,93030,,24
93295,93377,,82
93557,93653,,96
93936,93948,,12
94206,94238,,32
94492,94566,,74
95014,95033,,19
95488,95490,,2
95727,95779,,52
95793,95854,,61
95909,95984,,75
96436,96515,,79
96694,96696,,2
97009,97052,,43
97135,97202,,67
97509,97513,,4
97535,97625,,90
97961,97982,,21
98197,98255,,58
98405,98456,,51
98797,98806,,9
99249,99342,,93
99740,99820,,80
100174,100228,,54
100675,100749,,74
100987,101072,,85
101383,101392,,9
101571,101657,,86
101926,101941,,15
102072,102081,,9
102191,102212,,21
102334,102362,,28
102430,102454,,24
102818,102856,,38
103055,103084,,29
103505,103604,,99
103682,103749,,67
103811,103900,,89
103978,104050,,72
104391,104417,,26
104422,104499,,77
104789,104810,,21
104988,105028,,40
105293,105355,,62
105792,105862,,70
106247,106346,,99
106741,106817,,76
107088,107125,,37
107340,107392,,52
107716,107718,,2
107808,107856,,48
108222,108300,,78
108373,108412,,39
108738,108807,,69
109096,109140,,44
109571,109659,,88
109773,109782,,9
109921,109940,,19
110296,110335,,39
110384,110448,,64
110490,110559,,69
110888,110903,,15
111073,111117,,44
111486,111577,,91
111934,111954,,20
112371,112464,,93
112674,112773,,99
112812,112837,,25
112839,112924,,85
113135,113193,,58
113576,113658,,82
113718,113798,,80
114060,114159,,99
114217,114251,,34
114611,114654,,43
115060,115078,,18
115325,115412,,87
115754,115834,,80
116070,116101,,31
116264,116290,,26
116541,116589,,48
116867,116884,,17
117366,117450,,84
117645,117660,,15
117661,117759,,98
117933,117942,,9
117987,118017,,30
118205,118228,,23
118349,118438,,89
118796,118828,,32
119309,119331,,22
119428,119447,,19
119753,119776,,23
120062,120093,,31
120592,120598,,6
121049,121083,,34
121437,121526,,89
121879,121881,,2
122345,122381,,36
122867,122928,,61
123167,123264,,97
123701,123737,,36
123867,123901,,34
123964,123967,,3
124126,124178,,52
124647,124660,,13
125001,125024,,23
125514,125536,,22
125952,126047,,95
126068,126119,,51
126371,126460,,89
126647,126709,,62
126931,126994,,63
127070,127108,,38
127252,127329,,77
127542,127641,,99
127745,127790,,45
127888,127942,,54
128308,128324,,16
128494,128498,,4
128621,128719,,98
128969,129036,,67
129302,129321,,19
129761,129772,,11
130166,130178,,12
130663,130695,,32
130921,130946,,25
131090,131164,,74
131445,131541,,96
131952,131975,,23
132274,132289,,15
132758,132836,,78
133184,133260,,76
133634,133705,,71
134055,134071,,16
134419,134466,,47
134927,134935,,8
135412,135458,,46
135615,135650,,35
135998,136071,,73
136399,136468,,69
136583,136622,,39
137029,137086,,57
137295,137362,,67
137841,137927,,86
138350,138392,,42
138628,138716,,88
138897,138904,,7
138940,139031,,91
139257,139321,,64
139431,139508,,77
139770,139837,,67
140203,140232,,29
140385,140460,,75
140497,140592,,95
141033,141086,,53
141511,141555,,44
141985,142037,,52
142412,142415,,3
142911,142967,,56
143386,143475,,89
143650,143660,,10
144002,144019,,17
144344,144395,,51
144883,144978,,95
145041,145132,,91
145585,145640,,55
146121,146184,,63
146259,146318,,59
146784,146802,,18
146930,146971,,41
147134,147224,,90
147508,147590,,82
147982,148032,,50
148419,148453,,34
148638,148659,,21
149033,149040,,7
149406,149439,,33
149726,149786,,60
150094,150174,,80
150645,150739,,94
151025,151028,,3
151454,151465,,11
151736,151750,,14
152202,152221,,19
152490,152559,,69
152666,152693,,27
153121,153214,,93
153355,153425,,70
153593,153676,,83
153678,153744,,66
153804,153828,,24
154274,154292,,18
154300,154334,,34
154589,154671,,82
155131,155156,,25
155530,155606,,76
155937,155941,,4
156308,156333,,25
156774,156850,,76
157118,157125,,7
157295,157385,,90
157635,157729,,94
158190,158279,,89
158744,158826,,82
159002,159073,,71
159531,159573,,42
160001,160019,,18
160348,160364,,16
160597,160638,,41
160892,160981,,89
161359,161454,,95
161460,161479,,19
161556,161575,,19
162074,162126,,52
162361,162380,,19
162510,162534,,24
162734,162791,,57
162963,163005,,42
163217,163276,,59
163709,163800,,91
163870,163922,,52
164300,164325,,25
164400,164437,,37
164676,164735,,59
165012,165058,,46
165271,165367,,96
165563,165583,,20
165715,165791,,76
165923,166020,,97
166236,166283,,47
166668,166675,,7
166891,166945,,54
166996,166999,,3
167497,167534,,37
167555,167577,,22
168066,168099,,33
168241,168251,,10
168518,168570,,52
168933,169012,,79
169505,169586,,81
169987,170073,,86
170106,170191,,85
170496,170585,,89
170594,170675,,81
171106,171158,,52
171473,171476,,3
171937,171980,,43
172352,172402,,50
172488,172507,,19
172632,172663,,31
172779,172803,,24
173024,173115,,91
173418,173427,,9
173534,173556,,22
173656,173700,,44
174181,174224,,43
174245,174306,,61
174782,174871,,89
175121,175136,,15
175551,175632,,81
175799,175866,,67
176100,176124,,24
176453,176491,,38
176937,177014,,77
177317,177411,,94
177878,177922,,44
178364,178368,,4
178456,178493,,37
178821,178848,,27
179329,179382,,53
179733,179791,,58
180256,180324,,68
180461,180543,,82
180544,180575,,31
180981,181044,,63
181107,181198,,91
181543,181568,,25
182027,182106,,79
182511,182566,,55
182746,182845,,99
183054,183125,,71
183214,183310,,96
183359,183442,,83
183612,183632,,20
183701,183800,,99
184297,184370,,73
184763,184775,,12
184973,185006,,33
185284,185344,,60
185786,185840,,54
186239,186259,,20
186413,186495,,82
186810,186843,,33
187119,187149,,30
187237,187317,,80
187674,187719,,45
187906,187943,,37
188163,188218,,55
188499,188544,,45
188714,188742,,28
189135,189193,,58
189388,189448,,60
189703,189792,,89
189850,189894,,44
190392,190450,,58
190805,190890,,85
191117,191134,,17
191507,191519,,12
191631,191711,,80
192077,192092,,15
192106,192115,,9
192362,192371,,9
192533,192563,,30
192899,192965,,66
193344,193432,,88
193900,193965,,65
194298,194389,,91
194399,194487,,88
194726,194797,,71
194999,195049,,50
195123,195204,,81
195450,195458,,8
195863,195948,,85
196279,196348,,69
196809,196837,,28
196987,197021,,34
197202,197208,,6
197485,197500,,15
197518,197534,,16
197915,197970,,55
198401,198494,,93
198834,198908,,74
198937,198978,,41
199088,199155,,67
199440,199518,,78
199792,199804,,12
200174,200255,,81
200353,200360,,7
200820,200833,,13
201188,201281,,93
201557,201584,,27
201704,201797,,93
202155,202185,,30
202433,202442,,9
202648,202692,,44
203180,203203,,23
203461,203515,,54
203771,203818,,47
204280,204368,,88
204781,204846,,65
204950,204960,,10
205308,205402,,94
205557,205589,,32
205667,205759,,92
206088,206121,,33
206279,206373,,94
206728,206759,,31
206880,206938,,58
207272,207344,,72
207688,207730,,42
208145,208184,,39
208596,208684,,88
209048,209050,,2
209395,209484,,89
209785,209796,,11
210230,210307,,77
210440,210451,,11
210544,210598,,54
210698,210702,,4
210868,210887,,19
211310,211398,,88
211869,211919,,50
212074,212120,,46
212164,212180,,16
212672,212702,,30
213134,213209,,75
213619,213668,,49
213828,213829,,1
213853,213890,,37
214176,214266,,90
214737,214778,,41
215274,215290,,16
215764,215849,,85
216149,216186,,37
216238,216255,,17
216395,216451,,56
216510,216524,,14
216593,216644,,51
217098,217173,,75
217215,217269,,54
217684,217757,,73
218228,218305,,77
218535,218572,,37
218624,218706,,82
218708,218796,,88
219110,219189,,79
219502,219535,,33
219843,219942,,99
219986,220041,,55
220242,220249,,7
220262,220330,,68
220428,220458,,30
220734,220742,,8
221043,221084,,41
221456,221477,,21
221936,221970,,34
222047,222085,,38
222533,222627,,94
223002,223046,,44
223435,223483,,48
223869,223935,,66
224288,224326,,38
224369,224415,,46
224555,224614,,59
224756,224805,,49
225154,225158,,4
225159,225203,,44
225303,225343,,40
225660,225662,,2
226109,226138,,29
226510,226585,,75
226772,226847,,75
227194,227265,,71
227291,227317,,26
227714,227805,,91
228233,228283,,50
228657,228754,,97
229210,229278,,68
229580,229618,,38
229730,229788,,58
229838,229911,,73
230148,230177,,29
230244,230313,,69
230711,230782,,71
231112,231114,,2
231532,231575,,43
231905,231988,,83
232313,232351,,38
232506,232602,,96
232843,232888,,45
233267,233302,,35
233748,233803,,55
234219,234296,,77
234302,234318,,16
234374,234416,,42
234902,234950,,48
235182,235217,,35
235687,235718,,31
236215,236265,,50
236575,236613,,38
236930,236959,,29
237126,237181,,55
237254,237274,,20
237537,237588,,51
237640,237675,,35
237844,237941,,97
238137,238187,,50
238235,238302,,67
238413,238459,,46
238789,238817,,28
239107,239176,,69
239365,239413,,48
239547,239592,,45
240056,240135,,79
240373,240426,,53
240912,240952,,40
241107,241189,,82
241298,241349,,51
241351,241383,,32
241788,241815,,27
241965,242044,,79
242520,242614,,94
242908,242920,,12
243101,243142,,41
243566,243574,,8
243645,243669,,24
243811,243859,,48
244131,244160,,29
244426,244440,,14
244687,244766,,79
245147,245165,,18
245614,245624,,10
246120,246204,,84
246293,246338,,45
246813,246845,,32
247292,247309,,17
247645,247657,,12
247997,248052,,55
248130,248219,,89
248434,248517,,83
248900,248996,,96
249111,249188,,77
249290,249305,,15
249773,249833,,60
249886,249948,,62
250380,250452,,72
250813,250840,,27
250974,251034,,60
251196,251261,,65
251516,251532,,16
251889,251939,,50
252091,252126,,35
252296,252310,,14
252742,252770,,28
253199,253226,,27
253295,253362,,67
253545,253595,,50
253983,254051,,68
254336,254341,,5
254624,254706,,82
254874,254920,,46
255217,255305,,88
255426,255502,,76
255933,255963,,30
256199,256264,,65
256502,256511,,9
256792,256845,,53
256857,256915,,58
257295,257373,,78
257535,257630,,95
257996,258076,,80
258399,258475,,76
258871,258947,,76
259429,259513,,84
259687,259724,,37
260069,260113,,44
260138,260226,,88
260642,260675,,33
260858,260911,,53
261215,261251,,36
261462,261546,,84
261814,261902,,88
262074,262094,,20
262415,262457,,42
262801,262842,,41
262979,263048,,69
263221,263228,,7
263297,263312,,15
263428,263487,,59
263533,263592,,59
263611,263650,,39
264108,264119,,11
264421,264478,,57
264626,264695,,69
265117,265147,,30
265468,265522,,54
265657,265716,,59
266205,266220,,15
266511,266552,,41
266967,266991,,24
267273,267346,,73
267700,267787,,87
267903,267914,,11
268209,268281,,72
268534,268593,,59
268627,268650,,23
268669,268722,,53
268768,268791,,23
268935,269031,,96
269448,269543,,95
269677,269684,,7
269695,269735,,40
270018,270074,,56
270360,270366,,6
270648,270667,,19
271089,271112,,23
271447,271508,,61
271641,271715,,74
271797,271801,,4
271902,271958,,56
272032,272074,,42
272512,272600,,88
272633,272725,,92
272805,272866,,61
273168,273204,,36
273350,273449,,99
273519,273586,,67
273633,273670,,37
274073,274112,,39
274463,274543,,80
274904,274940,,36
275280,275368,,88
275736,275810,,74
275829,275887,,58
275907,275977,,70
276213,276256,,43
276559,276575,,16
276629,276660,,31
277044,277058,,14
277176,277207,,31
277653,277685,,32
277970,278034,,64
278073,278133,,60
278630,278669,,39
278943,279029,,86
279135,279224,,89
279246,279320,,74
279595,279676,,81
280061,280098,,37
280300,280368,,68
280580,280663,,83
280943,281009,,66
281264,281355,,91
281832,281888,,56
282137,282220,,83
282662,282748,,86
282797,282836,,39
283128,283145,,17
283263,283301,,38
283658,283692,,34
283740,283796,,56
284171,284209,,38
284355,284398,,43
284824,284870,,46
285287,285352,,65
285620,285622,,2
285801,285833,,32
286330,286343,,13
286551,286607,,56
287067,287107,,40
287132,287197,,65
287334,287395,,61
287691,287775,,84
287807,287820,,13
287900,287978,,78
287995,288091,,96
288112,288128,,16
288243,288257,,14
288576,288620,,44
289021,289111,,90
289604,289615,,11
289798,289833,,35
290237,290261,,24
290682,290697,,15
291019,291049,,30
291433,291515,,82
291795,291860,,65
292157,292250,,93
292607,292689,,82
292756,292818,,62
292959,293025,,66
293426,293461,,35
293789,293859,,70
293861,293869,,8
293956,294002,,46
294358,294388,,30
294460,294535,,75
294647,294704,,57
294812,294891,,79
295183,295266,,83
295456,295514,,58
295801,295829,,28
296109,296147,,38
296630,296714,,84
296798,296815,,17
297216,297289,,73
297541,297579,,38
297900,297919,,19
297937,298014,,77
298487,298495,,8
298609,298655,,46
298736,298823,,87
299190,299249,,59
299578,299579,,1
299787,299858,,71
300002,300015,,13
300173,300175,,2
300668,300688,,20
301126,301199,,73
301304,301379,,75
301703,301744,,41
301885,301914,,29
302034,302037,,3
302297,302324,,27
302679,302776,,97
303153,303233,,80
303639,303722,,83
303816,303895,,79
304374,304441,,67
304722,304740,,18
304910,304979,,69
305433,305434,,1
305435,305447,,12
305942,306014,,72
306385,306402,,17
306624,306704,,80
306827,306912,,85
307086,307166,,80
307292,307353,,61
307703,307745,,42
307943,307965,,22
308297,308356,,59
308508,308544,,36
308616,308680,,64
308686,308703,,17
308750,308807,,57
308890,308948,,58
309423,309460,,37
309815,309887,,72
310053,310148,,95
310341,310348,,7
310436,310517,,81
310528,310568,,40
310902,310924,,22
311035,311111,,76
311337,311420,,83
311902,311996,,94
312197,312295,,98
312550,312601,,51
312849,312899,,50
312942,312975,,33
313248,313303,,55
313518,313523,,5
313761,313860,,99
314329,314359,,30
314545,314583,,38
314737,314792,,55
315139,315212,,73
315495,315502,,7
315634,315678,,44
315965,316054,,89
316505,316511,,6
316851,316900,,49
316917,316938,,21
316989,317001,,12
317419,317504,,85
317750,317825,,75
317854,317885,,31
318101,318125,,24
318325,318417,,92
318778,318824,,46
319127,319133,,6
319476,319516,,40
319703,319783,,80
320060,320084,,24
320207,320235,,28
320434,320461,,27
320570,320642,,72
320919,321007,,88
321281,321333,,52
321589,321593,,4
321610,321669,,59
321759,321853,,94
322065,322127,,62
322283,322296,,13
322552,322559,,7
323046,323047,,1
323479,323481,,2
323720,323751,,31
324231,324245,,14
324458,324485,,27
324932,324985,,53
325381,325408,,27
325659,325702,,43
325879,325914,,35
326313,326377,,64
326804,326882,,78
327124,327207,,83
327643,327726,,83
327731,327751,,20
328048,328118,,70
328429,328498,,69
328912,328927,,15
329200,329213,,13
329311,329372,,61
329697,329783,,86
329795,329886,,91
330297,330347,,50
330404,330421,,17
330648,330650,,2
330780,330856,,76
330924,331021,,97
331314,331329,,15
331477,331559,,82
331774,331801,,27
332069,332104,,35
332540,332618,,78
333111,333123,,12
333173,333203,,30
333342,333358,,16
333631,333710,,79
333922,333930,,8
334401,334472,,71
334666,334682,,16
334695,334786,,91
334936,335009,,73
335331,335376,,45
335552,335622,,70
335764,335860,,96
336210,336225,,15
336670,336706,,36
337120,337166,,46
337610,337651,,41
337929,337963,,34
338048,338120,,72
338610,338659,,49
338778,338782,,4
339197,339234,,37
339606,339630,,24
339782,339808,,26
340267,340348,,81
340579,340598,,19
340818,340856,,38
340878,340951,,73
341430,341443,,13
341710,341805,,95
342227,342291,,64
342404,342464,,60
342521,342610,,89
342933,342965,,32
343368,343400,,32
343509,343608,,99
344037,344104,,67
344570,344592,,22
344832,344898,,66
345171,345243,,72
345672,345712,,40
345754,345784,,30
345976,346030,,54
346479,346494,,15
346718,346790,,72
347221,347274,,53
347350,347408,,58
347461,347467,,6
347953,348047,,94
348244,348282,,38
348404,348407,,3
348661,348741,,80
349060,349101,,41
349327,349332,,5
349582,349659,,77
349835,349903,,68
350001,350007,,6
350290,350350,,60
350514,350597,,83
350750,350844,,94
350978,351040,,62
351494,351498,,4
351680,351776,,96
352146,352210,,64
352616,352709,,93
353005,353014,,9
353172,353248,,76
353393,353406,,13
353899,353951,,52
354202,354265,,63
354677,354763,,86
355035,355084,,49
355378,355437,,59
355492,355567,,75
355984,356055,,71
356388,356391,,3
356577,356590,,13
356776,356867,,91
357076,357109,,33
357453,357508,,55
357617,357688,,71
358058,358104,,46
358476,358493,,17
358911,358931,,20
359244,359313,,69
359385,359483,,98
359972,360048,,76
360232,360331,,99
360332,360342,,10
360506,360583,,77
360696,360748,,52
360859,360861,,2
361300,361377,,77
361419,361477,,58
361884,361932,,48
362026,362048,,22
362307,362308,,1
362311,362366,,55
362824,362897,,73
363358,363359,,1
363521,363580,,59
363733,363757,,24
364175,364208,,33
364336,364397,,61
364755,364822,,67
364890,364927,,37
365330,365420,,90
365829,365921,,92
365971,366017,,46
366335,366430,,95
366716,366781,,65
367209,367301,,92
367417,367433,,16
367622,367682,,60
368179,368227,,48
368584,368678,,94
368964,368995,,31
369360,369404,,44
369708,369790,,82
370006,370091,,85
370264,370345,,81
370628,370658,,30
370677,370772,,95
371165,371167,,2
371177,371191,,14
371393,371408,,15
371503,371584,,81
372060,372123,,63
372328,372383,,55
372514,372575,,61
372594,372641,,47
372761,372825,,64
373239,373246,,7
373617,373646,,29
373801,373848,,47
374182,374239,,57
374355,374399,,44
374831,374913,,82
375087,375139,,52
375451,375459,,8
375645,375725,,80
376143,376162,,19
376293,376349,,56
376718,376743,,25
377209,377296,,87
377758,377775,,17
377831,377907,,76
377929,377950,,21
378197,378229,,32
378294,378370,,76
378490,378522,,32
378889,378980,,91
379376,379475,,99
379519,379599,,80
380075,380131,,56
380140,380208,,68
380433,380460,,27
380667,380719,,52
381141,381152,,11
381295,381374,,79
381421,381509,,88
381688,381718,,30
381798,381883,,85
382127,382185,,58
382246,382317,,71
382539,382567,,28
382694,382719,,25
383079,383145,,66
383391,383409,,18
383740,383839,,99
384326,384386,,60
384776,384817,,41
385135,385173,,38
385490,385578,,88
386075,386102,,27
386363,386444,,81
386562,386618,,56
387067,387163,,96
387343,387422,,79
387771,387835,,64
387880,387949,,69
387973,388052,,79
388397,388487,,90
388958,389002,,44
389245,389321,,76
389780,389874,,94
390073,390166,,93
390597,390631,,34
390916,390942,,26
391248,391294,,46
391518,391534,,16
391603,391628,,25
391776,391843,,67
391907,391992,,85
392025,392036,,11
392444,392497,,53
392872,392890,,18
393267,393279,,12
393544,393610,,66
393929,393988,,59
394052,394114,,62
394500,394566,,66
394818,394866,,48
395180,395228,,48
395590,395611,,21
396071,396167,,96
396295,396370,,75
396561,396608,,47
396746,396816,,70
396998,397031,,33
397157,397203,,46
397303,397401,,98
397553,397615,,62
397647,397695,,48
397974,398030,,56
398095,398113,,18
398536,398568,,32
398696,398736,,40
399054,399064,,10
399106,399173,,67
399301,399364,,63
399833,399918,,85
400393,400416,,23
400463,400560,,97
400594,400609,,15
400822,400888,,66
401232,401234,,2
401329,401376,,47
401541,401562,,21
401799,401879,,80
402195,402206,,11
402705,402791,,86
403116,403215,,99
403390,403404,,14
403767,403836,,69
404126,404197,,71
404440,404535,,95
404882,404932,,50
405099,405147,,48
405267,405348,,81
405636,405679,,43
405821,405897,,76
406267,406273,,6
406418,406499,,81
406695,406775,,80
407126,407140,,14
407226,407242,,16
407358,407413,,55
407671,407701,,30
408039,408134,,95
408278,408366,,88
408715,408749,,34
408780,408808,,28
409132,409135,,3
409620,409680,,60
409682,409731,,49
409840,409910,,70
410372,410379,,7
410671,410723,,52
411075,411145,,70
411227,411268,,41
411303,411320,,17
411643,411683,,40
411925,412018,,93
412252,412327,,75
412571,412657,,86
413024,413121,,97
413425,413473,,48
413764,413797,,33
414201,414287,,86
414363,414421,,58
414424,414447,,23
414469,414561,,92
414940,415005,,65
415346,415400,,54
415722,415770,,48
416159,416208,,49
416285,416368,,83
416728,416798,,70
417261,417355,,94
417726,417767,,41
418000,418088,,88
418491,418548,,57
418774,418834,,60
419040,419069,,29
419433,419462,,29
419754,419776,,22
420125,420203,,78
420669,420677,,8
421090,421138,,48
421635,421712,,77
421783,421850,,67
422280,422342,,62
422422,422485,,63
422760,422787,,27
423252,423313,,61
423687,423737,,50
424098,424173,,75
424195,424206,,11
424671,424701,,30
425025,425109,,84
425588,425679,,91
425810,425885,,75
426294,426347,,53
426681,426699,,18
427103,427199,,96
427390,427449,,59
427480,427509,,29
427728,427776,,48
428037,428082,,45
428211,428286,,75
428677,428759,,82
429130,429138,,8
429172,429248,,76
429439,429488,,49
429680,429723,,43
430219,430312,,93
430566,430601,,35
430672,430740,,68
430872,430910,,38
431100,431152,,52
431387,431482,,95
431523,431541,,18
431928,432023,,95
432324,432376,,52
432407,432424,,17
432628,432673,,45
433008,433063,,55
433369,433399,,30
433624,433708,,84
434083,434148,,65
434336,434366,,30
434421,434510,,89
434892,434968,,76
435369,435460,,91
435688,435702,,14
435853,435913,,60
435950,436043,,93
436402,436497,,95
436881,436938,,57
437154,437216,,62
437395,437435,,40
437484,437577,,93
438021,438114,,93
438237,438287,,50
438587,438633,,46
438813,438867,,54
439008,439015,,7
439375,439458,,83
439654,439660,,6
439947,439974,,27
440062,440085,,23
440089,440106,,17
440516,440550,,34
440919,440989,,70
441361,441445,,84
441759,441789,,30
441792,441839,,47
441944,442011,,67
442272,442300,,28
442392,442489,,97
442961,443050,,89
443348,443355,,7
443655,443746,,91
444205,444304,,99
444779,444837,,58
445244,445292,,48
445755,445772,,17
445939,445964,,25
446182,446228,,46
446447,446528,,81
446987,447021,,34
447255,447319,,64
447552,447561,,9
447924,447970,,46
448449,448486,,37
448808,448844,,36
449065,449090,,25
449392,449419,,27
449887,449956,,69
450174,450222,,48
450271,450297,,26
450503,450567,,64
450578,450617,,39
450864,450900,,36
451154,451231,,77
451333,451362,,29
451761,451839,,78
452048,452085,,37
452540,452637,,97
452739,452784,,45
452885,452951,,66
453115,453211,,96
453552,453568,,16
453923,454022,,99
454173,454198,,25
454569,454651,,82
454964,455002,,38
455349,455388,,39
455777,455809,,32
456123,456182,,59
456619,456620,,1
457099,457160,,61
457345,457398,,53
457619,457665,,46
457752,457808,,56
458034,458041,,7
458404,458499,,95
458927,458990,,63
459432,459468,,36
459626,459708,,82
459741,459766,,25
460214,460267,,53
460658,460720,,62
460821,460911,,90
461295,461336,,41
461782,461806,,24
462225,462243,,18
462597,462600,,3
463052,463133,,81
463503,463584,,81
463632,463672,,40
464132,464209,,77
464514,464556,,42
464558,464593,,35
464949,464979,,30
465336,465383,,47
465629,465678,,49
465733,465769,,36
466181,466226,,45
466590,466621,,31
466890,466907,,17
467228,467250,,22
467477,467491,,14
467569,467661,,92
467734,467776,,42
467844,467929,,85
468105,468151,,46
468447,468517,,70
468777,468876,,99
469132,469188,,56
469392,469439,,47
469787,469808,,21
469858,469873,,15
469929,469934,,5
470360,470438,,78
470740,470773,,33
470849,470866,,17
471307,471325,,18
471671,471724,,53
471921,471953,,32
472196,472272,,76
472604,472692,,88
472841,472926,,85
472938,473020,,82
473394,473446,,52
473829,473894,,65
473909,473988,,79
474306,474318,,12
474726,474785,,59
475220,475312,,92
475460,475509,,49
475572,475647,,75
475878,475923,,45
476320,476417,,97
476453,476456,,3
476921,476938,,17
476986,477054,,68
477181,477228,,47
477627,477710,,83
478000,478020,,20
478420,478424,,4
478767,478800,,33
479056,479150,,94
479231,479288,,57
479648,479734,,86
480165,480188,,23
480436,480526,,90
480895,480897,,2
481280,481357,,77
481589,481684,,95
481723,481759,,36
482132,482149,,17
482641,482733,,92
483042,483068,,26
483182,483211,,29
483449,483487,,38
483722,483779,,57
483901,483985,,84
484400,484402,,2
484411,484509,,98
484625,484657,,32
484802,484901,,99
485301,485327,,26
485608,485640,,32
485854,485922,,68
486403,486427,,24
486660,486701,,41
487026,487087,,61
487176,487234,,58
487684,487750,,66
488123,488128,,5
488385,488389,,4
488886,488966,,80
489034,489101,,67
489188,489233,,45
489306,489351,,45
489578,489624,,46
490110,490172,,62
490180,490183,,3
490401,490486,,85
490680,490773,,93
491214,491234,,20
491258,491272,,14
491449,491471,,22
491918,491948,,30
492042,492130,,88
492372,492388,,16
492542,492631,,89
493116,493174,,58
493256,493319,,63
493621,493694,,73
493755,493793,,38
494191,494225,,34
494290,494388,,98
494393,494404,,11
494618,494656,,38
494969,495023,,54
495406,495433,,27
495648,495703,,55
495955,496034,,79
496223,496289,,66
496717,496762,,45
497183,497263,,80
497706,497721,,15
497976,497996,,20
498204,498294,,90
498717,498729,,12
498767,498808,,41
499032,499082,,50
499178,499206,,28
499588,499686,,98
499881,499882,,1
500053,500132,,79
500569,500627,,58
500696,500795,,99
501236,501325,,89
501545,501593,,48
502031,502036,,5
502410,502435,,25
502629,502722,,93
502724,502773,,49
503064,503075,,11
503235,503301,,66
503608,503625,,17
504071,504167,,96
504606,504670,,64
504713,504797,,84
504897,504950,,53
505118,505158,,40
505349,505358,,9
505367,505460,,93
505739,505776,,37
505800,505803,,3
505962,505998,,36
506342,506347,,5
506644,506651,,7
506706,506790,,84
506952,506953,,1
507108,507179,,71
507479,507499,,20
507867,507950,,83
508095,508119,,24
508615,508636,,21
508766,508832,,66
509126,509191,,65
509430,509431,,1
509444,509480,,36
509870,509889,,19
509907,509938,,31
510160,510248,,88
510432,510492,,60
510724,510750,,26
511196,511213,,17
511655,511728,,73
512206,512297,,91
512739,512776,,37
512811,512909,,98
513195,513277,,82
513424,513449,,25
513539,513577,,38
513744,513765,,21
514046,514056,,10
514294,514366,,72
514592,514644,,52
514759,514831,,72
514856,514947,,91
515199,515270,,71
515606,515684,,78
516026,516092,,66
516581,516649,,68
517004,517080,,76
517474,517548,,74
517971,518024,,53
518467,518542,,75
518896,518984,,88
519297,519387,,90
519830,519903,,73
520378,520399,,21
520669,520702,,33
521047,521118,,71
521529,521605,,76
521990,522005,,15
522267,522341,,74
522735,522794,,59
522884,522981,,97
523226,523297,,71
523427,523488,,61
523885,523974,,89
524446,524509,,63
524998,525090,,92
525554,525571,,17
525859,525908,,49
526038,526055,,17
526324,526410,,86
526624,526677,,53
526702,526733,,31
526747,526790,,43
527125,527189,,64
527456,527552,,96
528043,528126,,83
528448,528485,,37
528983,529062,,79
529144,529165,,21
529441,529532,,91
529949,529976,,27
530119,530155,,36
530366,530433,,67
530434,530495,,61
530581,530605,,24
531097,531184,,87
531337,531405,,68
531788,531822,,34
532047,532065,,18
532174,532254,,80
532603,532667,,64
532982,533051,,69
533411,533458,,47
533817,533881,,64
533906,533985,,79
534255,534311,,56
534502,534528,,26
534974,535068,,94
535285,535374,,89
535697,535784,,87
535899,535974,,75
536306,536380,,74
536487,536549,,62
536733,536743,,10
536862,536933,,71
536970,537033,,63
537268,537366,,98
537662,537725,,63
538035,538078,,43
538518,538614,,96
538864,538927,,63
539257,539259,,2
539722,539769,,47
539959,539993,,34
540411,540412,,1
540622,540707,,85
541182,541211,,29
541656,541676,,20
541833,541851,,18
541885,541954,,69
542369,542404,,35
542903,542946,,43
543093,543152,,59
543320,543392,,72
543887,543932,,45
544242,544246,,4
544530,544607,,77
544840,544881,,41
545253,545282,,29
545438,545513,,75
545625,545720,,95
545864,545959,,95
546218,546260,,42
546332,546424,,92
546913,547008,,95
547274,547358,,84
547759,547773,,14
547993,548063,,70
548508,548582,,74
548763,548807,,44
548920,548925,,5
548979,549000,,21
549395,549473,,78
549625,549679,,54
550176,550228,,52
550384,550399,,15
550659,550756,,97
550992,551068,,76
551470,551556,,86
551705,551748,,43
551893,551945,,52
552387,552446,,59
552544,552631,,87
553078,553136,,58
553538,553584,,46
553814,553861,,47
554296,554392,,96
554470,554547,,77
554909,554935,,26
554966,554998,,32
555462,555498,,36
555609,555679,,70
556083,556151,,68
556162,556204,,42
556438,556463,,25
556806,556826,,20
557035,557086,,51
557241,557291,,50
557333,557338,,5
557367,557396,,29
557734,557811,,77
558146,558206,,60
558254,558350,,96
558774,558845,,71
559272,559315,,43
559403,559462,,59
559910,559957,,47
559988,560075,,87
560120,560182,,62
560533,560592,,59
560865,560953,,88
561116,561160,,44
561189,561221,,32
561696,561702,,6
562151,562225,,74
562550,562602,,52
563093,563139,,46
563518,563530,,12
563816,563862,,46
564107,564204,,97
564463,564524,,61
564814,564849,,35
564880,564946,,66
565085,565103,,18
565463,565496,,33
565695,565783,,88
565960,565984,,24
566340,566430,,90
566438,566473,,35
566732,566775,,43
567100,567193,,93
567271,567362,,91
567466,567476,,10
567682,567748,,66
568149,568239,,90
568561,568613,,52
568817,568891,,74
569061,569146,,85
569331,569398,,67
569416,569427,,11
569674,569704,,30
570126,570174,,48
570480,570496,,16
570698,570725,,27
571084,571153,,69
571601,571673,,72
572121,572189,,68
572403,572444,,41
572475,572527,,52
572925,572994,,69
573408,573489,,81
573674,573727,,53
574025,574094,,69
574403,574420,,17
574652,574751,,99
575092,575117,,25
575324,575379,,55
575568,575598,,30
575804,575811,,7
575894,575912,,18
575913,575938,,25
576328,576336,,8
576617,576622,,5
577012,577041,,29
577268,577272,,4
577507,577574,,67
577642,577702,,60
577763,577787,,24
577913,577983,,70
578403,578447,,44
578799,578860,,61
579091,579127,,36
579318,579361,,43
579661,579692,,31
580161,580242,,81
580543,580580,,37
580785,580786,,1
581171,581241,,70
581584,581601,,17
581958,581997,,39
582191,582282,,91
582688,582755,,67
582842,582872,,30
582923,582970,,47
582996,583011,,15
583461,583546,,85
583834,583921,,87
584224,584252,,28
584493,584516,,23
584698,584760,,62
584923,584950,,27
585037,585070,,33
585335,585337,,2
585361,585425,,64
585445,585535,,90
585785,585872,,87
586071,586081,,10
586388,586424,,36
586521,586561,,40
586755,586821,,66
587205,587250,,45
587612,587617,,5
588005,588101,,96
588380,588407,,27
588603,588677,,74
588754,588850,,96
589126,589154,,28
589283,589352,,69
589802,589839,,37
590265,590313,,48
590572,590610,,38
591069,591074,,5
591489,591531,,42
591624,591656,,32
592103,592134,,31
592393,592448,,55
592593,592607,,14
592950,593033,,83
593217,593289,,72
593705,593740,,35
594183,594275,,92
594309,594389,,80
594793,594862,,69
595246,595334,,88
595473,595554,,81
595751,595764,,13
595841,595854,,13
596109,596150,,41
596178,596245,,67
596351,596382,,31
596499,596537,,38
596726,596813,,87
597085,597108,,23
597484,597576,,92
598006,598066,,60
598108,598158,,50
598172,598253,,81
598443,598452,,9
598508,598554,,46
598655,598676,,21
599152,599225,,73
599558,599656,,98
600028,600111,,83
600173,600200,,27
600297,600299,,2
600582,600602,,20
600759,600769,,10
601062,601123,,61
601545,601603,,58
601792,601848,,56
602147,602170,,23
602417,602425,,8
602463,602535,,72
602704,602775,,71
603109,603135,,26
603411,603434,,23
603511,603518,,7
603738,603769,,31
603996,604024,,28
604059,604147,,88
604555,604572,,17
604621,604697,,76
605185,605275,,90
605501,605588,,87
605794,605845,,51
606119,606134,,15
606186,606210,,24
606706,606757,,51
606808,606834,,26
606977,607005,,28
607082,607156,,74
607311,607353,,42
607730,607822,,92
608245,608263,,18
608266,608359,,93
608831,608874,,43
609110,609130,,20
609297,609346,,49
609393,609441,,48
609509,609525,,16
609740,609827,,87
609981,610026,,45
610421,610506,,85
610509,610607,,98
610855,610875,,20
611180,611230,,50
611698,611705,,7
611714,611729,,15
612209,612308,,99
612469,612490,,21
612892,612959,,67
613223,613256,,33
613650,613689,,39
614169,614184,,15
614432,614496,,64
614565,614574,,9
614595,614633,,38
614821,614828,,7
614851,614934,,83
614985,614988,,3
615414,615484,,70
615630,615704,,74
615883,615919,,36
616350,616359,,9
616811,616846,,35
617121,617184,,63
617207,617249,,42
617738,617783,,45
618116,618192,,76
618247,618283,,36
618391,618414,,23
618512,618552,,40
618730,618742,,12
619240,619290,,50
619451,619519,,68
619903,619999,,96
620003,620087,,84
620339,620345,,6
620348,620399,,51
620506,620508,,2
620796,620882,,86
621159,621169,,10
621277,621371,,94
621672,621732,,60
622023,622113,,90
622310,622392,,82
622539,622585,,46
623008,623046,,38
623170,623218,,48
623339,623369,,30
623377,623439,,62
623867,623965,,98
623988,624019,,31
624319,624368,,49
624600,624642,,42
625016,625060,,44
625287,625333,,46
625371,625385,,14
625464,625467,,3
625659,625678,,19
625796,625884,,88
626048,626085,,37
626128,626141,,13
626478,626562,,84
626876,626944,,68
627186,627227,,41
627277,627303,,26
627378,627436,,58
627825,627859,,34
628098,628191,,93
628578,628582,,4
628866,628912,,46
629103,629119,,16
629146,629220,,74
629332,629349,,17
629694,629717,,23
629753,629791,,38
630204,630253,,49
630707,630744,,37
630917,630937,,20
631216,631262,,46
631374,631458,,84
631502,631576,,74
631579,631591,,12
631997,632085,,88
632283,632321,,38
632544,632558,,14
632652,632679,,27
632710,632754,,44
632825,632851,,26
633271,633313,,42
633531,633592,,61
634007,634026,,19
634325,634413,,88
634739,634783,,44
634902,634934,,32
634992,635058,,66
635449,635535,,86
635619,635677,,58
635960,635962,,2
636190,636237,,47
636589,636605,,16
637073,637162,,89
637396,637482,,86
637552,637591,,39
638021,638083,,62
638298,638354,,56
638848,638876,,28
639219,639289,,70
639582,639615,,33
639682,639733,,51
640177,640190,,13
640489,640574,,85
641043,641125,,82
641422,641438,,16
641578,641630,,52
641695,641786,,91
642081,642105,,24
642524,642558,,34
643022,643066,,44
643318,643345,,27
643813,643816,,3
644049,644148,,99
644618,644696,,78
645006,645011,,5
645305,645394,,89
645604,645660,,56
646142,646143,,1
646610,646686,,76
646891,646958,,67
647312,647364,,52
647534,647618,,84
647934,647982,,48
648151,648158,,7
648569,648583,,14
648647,648728,,81
648891,648979,,88
649035,649038,,3
649062,649065,,3
649145,649225,,80
649286,649306,,20
649679,649695,,16
649890,649925,,35
650327,650413,,86
650836,650934,,98
651030,651082,,52
651494,651576,,82
651775,651873,,98
652017,652057,,40
652337,652418,,81
652658,652705,,47
653155,653197,,42
653587,653622,,35
653866,653907,,41
653910,653936,,26
654094,654123,,29
654362,654397,,35
654642,654649,,7
654977,654990,,13
655367,655408,,41
655430,655433,,3
655760,655811,,51
656269,656333,,64
656736,656798,,62
657258,657301,,43
657367,657378,,11
657472,657547,,75
657783,657786,,3
658194,658227,,33
658637,658704,,67
658738,658820,,82
659142,659151,,9
659203,659222,,19
659321,659375,,54
659519,659549,,30
659972,660034,,62
660301,660312,,11
660445,660448,,3
660932,660969,,37
660978,661069,,91
661379,661472,,93
661646,661732,,86
661858,661912,,54
662185,662229,,44
662569,662601,,32
662796,662797,,1
663079,663153,,74
663220,663227,,7
663350,663415,,65
663823,663865,,42
664316,664384,,68
664467,664496,,29
664657,664731,,74
665140,665211,,71
665455,665466,,11
665707,665740,,33
666138,666167,,29
666343,666408,,65
666436,666501,,65
666752,666782,,30
667105,667161,,56
667266,667318,,52
667339,667415,,76
667708,667798,,90
667976,667993,,17
668221,668277,,56
668616,668655,,39
668927,668989,,62
669104,669185,,81
669676,669732,,56
669738,669748,,10
669900,669940,,40
670223,670233,,10
670446,670526,,80
670606,670660,,54
670759,670815,,56
671021,671038,,17
671518,671571,,53
672027,672115,,88
672234,672299,,65
672661,672716,,55
673211,673273,,62
673637,673702,,65
673768,673840,,72
673951,674022,,71
674359,674408,,49
674758,674828,,70
675066,675131,,65
675612,675700,,88
675878,675918,,40
676228,676301,,73
676536,676628,,92
676852,676906,,54
677314,677321,,7
677764,677833,,69
678135,678205,,70
678571,678657,,86
679114,679160,,46
679504,679565,,61
679918,680002,,84
680148,680237,,89
680652,680727,,75
680754,680800,,46
681231,681280,,49
681713,681762,,49
682122,682142,,20
682244,682312,,68
682514,682543,,29
682617,682651,,34
682967,682982,,15
683019,683055,,36
683395,683413,,18
683748,683763,,15
684032,684127,,95
684156,684234,,78
684318,684416,,98
684615,684686,,71
685139,685164,,25
685208,685304,,96
685790,685804,,14
686169,686254,,85
686534,686536,,2
686862,686914,,52
687285,687346,,61
687709,687754,,45
688253,688347,,94
688508,688583,,75
689082,689110,,28
689531,689582,,51
689844,689846,,2
689944,689996,,52
690204,690214,,10
690601,690662,,61
691085,691108,,23
691206,691222,,16
691689,691766,,77
692098,692106,,8
692386,692460,,74
692544,692612,,68
692718,692801,,83
693196,693203,,7
693566,693612,,46
693694,693748,,54
693802,693880,,78
694223,694279,,56
694723,694818,,95
695053,695098,,45
695261,695287,,26
695468,695553,,85
695919,695928,,9
696101,696151,,50
696630,696643,,13
696850,696879,,29
696942,696957,,15
697229,697250,,21
697666,697672,,6
697986,698069,,83
698211,698285,,74
698675,698718,,43
698797,698828,,31
699222,699276,,54
699705,699736,,31
699751,699826,,75
700009,700041,,32
700280,700374,,94
700775,700794,,19
701059,701092,,33
701560,701608,,48
701677,701736,,59
701744,701752,,8
702088,702096,,8
702215,702292,,77
702466,702516,,50
702558,702566,,8
702769,702854,,85
703088,703171,,83
703663,703668,,5
703965,704031,,66
704058,704068,,10
704272,704292,,20
704699,704707,,8
705164,705194,,30
705434,705501,,67
705992,706039,,47
706068,706142,,74
706374,706411,,37
706870,706956,,86
707162,707179,,17
707410,707500,,90
707590,707596,,6
707967,708036,,69
708198,708239,,41
708646,708657,,11
708976,708998,,22
709478,709508,,30
709723,709777,,54
710100,710132,,32
710421,710475,,54
710748,710819,,71
710915,711009,,94
711390,711452,,62
711742,711770,,28
712175,712248,,73
712630,712706,,76
712767,712846,,79
713052,713095,,43
713417,713496,,79
713529,713582,,53
713806,713900,,94
713975,713983,,8
714294,714302,,8
714370,714384,,14
714849,714857,,8
715268,715333,,65
715646,715653,,7
715904,715913,,9
716323,716416,,93
716706,716725,,19
717195,717294,,99
717563,717584,,21
717607,717619,,12
717681,717711,,30
717765,717857,,92
718298,718350,,52
718695,718749,,54
718945,719039,,94
719397,719489,,92
719924,720004,,80
720025,720088,,63
720341,720356,,15
720591,720689,,98
721158,721184,,26
721233,721318,,85
721793,721812,,19
722043,722132,,89
722301,722350,,49
722789,722830,,41
723264,723297,,33
723617,723626,,9
724038,724053,,15
724229,724233,,4
724494,724523,,29
724573,724611,,38
725056,725126,,70
725145,725243,,98
725671,725715,,44
725905,725925,,20
726083,726146,,63
726296,726378,,82
726447,726526,,79
726775,726819,,44
727300,727355,,55
727661,727666,,5
727793,727846,,53
727860,727948,,88
728126,728133,,7
728165,728172,,7
728508,728594,,86
728794,728862,,68
729181,729265,,84
729540,729597,,57
730055,730129,,74
730445,730539,,94
730652,730724,,72
731194,731201,,7
731681,731725,,44
731932,731943,,11
732405,732406,,1
732869,732956,,87
733148,733162,,14
733648,733652,,4
733842,733864,,22
733985,734047,,62
734212,734264,,52
734747,734794,,47
734948,734971,,23
735333,735431,,98
735591,735627,,36
735805,735826,,21
736061,736106,,45
736189,736258,,69
736488,736493,,5
736909,736925,,16
737234,737269,,35
737326,737381,,55
737509,737601,,92
737699,737758,,59
738053,738066,,13
738359,738393,,34
738451,738507,,56
738695,738738,,43
739039,739120,,81
739304,739319,,15
739715,739755,,40
739976,740054,,78
740386,740394,,8
740566,740595,,29
741079,741106,,27
741109,741187,,78
741652,741706,,54
741895,741920,,25
742267,742297,,30
742502,742557,,55
743051,743115,,64
743341,743362,,21
743374,743388,,14
743645,743744,,99
743918,743920,,2
744087,744150,,63
744483,744566,,83
744961,744985,,24
745382,745449,,67
745686,745697,,11
746150,746236,,86
746408,746507,,99
746583,746623,,40
746659,746742,,83
746812,746898,,86
747307,747318,,11
747802,747807,,5
747964,748042,,78
748176,748273,,97
748695,748755,,60
748787,748828,,41
749312,749390,,78
749758,749760,,2
750094,750133,,39
750612,750645,,33
751018,751055,,37
751411,751488,,77
751820,751836,,16
752301,752354,,53
752734,752739,,5
752810,752896,,86
753136,753179,,43
753507,753589,,82
753727,753791,,64
753963,754012,,49
754181,754248,,67
754538,754550,,12
754879,754927,,48
755232,755297,,65
755326,755410,,84
755507,755541,,34
755868,755909,,41
756241,756303,,62
756460,756506,,46
756976,756994,,18
757212,757239,,27
757730,757817,,87
758084,758121,,37
758274,758289,,15
758302,758334,,32
758384,758405,,21
758569,758627,,58
758736,758829,,93
759165,759225,,60
759401,759495,,94
759756,759789,,33
759886,759981,,95
760280,760308,,28
760629,760719,,90
761118,761213,,95
761349,761387,,38
761639,761714,,75
762164,762173,,9
762180,762224,,44
762597,762683,,86
763147,763177,,30
763297,763369,,72
763468,763471,,3
763836,763930,,94
763970,764005,,35
764200,764233,,33
764529,764594,,65
764767,764828,,61
765149,765159,,10
765384,765410,,26
765417,765451,,34
765795,765887,,92
765935,765956,,21
766397,766398,,1
766512,766521,,9
766765,766786,,21
766868,766937,,69
767130,767221,,91
767668,767670,,2
767740,767759,,19
767857,767906,,49
767927,767953,,26
768047,768104,,57
768105,768199,,94
768564,768599,,35
768767,768819,,52
769270,769319,,49
769698,769759,,61
770209,770220,,11
770677,770684,,7
771105,771128,,23
771598,771653,,55
771855,771877,,22
772234,772299,,65
772639,772646,,7
772999,773017,,18
773404,773490,,86
773687,773689,,2
773760,773805,,45
774182,774257,,75
774641,774659,,18
774852,774926,,74
775056,775061,,5
775095,775171,,76
775322,775383,,61
775735,775803,,68
775827,775851,,24
776102,776144,,42
776298,776337,,39
776442,776457,,15
776903,776912,,9
777062,777129,,67
777548,777614,,66
777769,777806,,37
778230,778282,,52
778468,778566,,98
778707,778738,,31
778936,779029,,93
779047,779145,,98
779389,779418,,29
779895,779896,,1
779906,779938,,32
780288,780332,,44
780349,780418,,69
780509,780580,,71
780981,781060,,79
781181,781230,,49
781530,781624,,94
781799,781826,,27
781951,781968,,17
782230,782305,,75
782498,782559,,61
782767,782856,,89
782971,783028,,57
783296,783380,,84
783680,783771,,91
784156,784221,,65
784585,784683,,98
785165,785240,,75
785499,785529,,30
785712,785739,,27
786199,786239,,40
786573,786671,,98
786699,786745,,46
787239,787333,,94
787711,787775,,64
788006,788014,,8
788071,788142,,71
788571,788666,,95
788754,788842,,88
789245,789314,,69
789575,789589,,14
789993,790082,,89
790295,790377,,82
790685,790769,,84
791011,791025,,14
791095,791145,,50
791285,791319,,34
791429,791472,,43
791860,791938,,78
792043,792059,,16
792357,792406,,49
792851,792900,,49
793372,793393,,21
793854,793951,,97
794336,794363,,27
794499,794505,,6
795000,795001,,1
795407,795423,,16
795633,795689,,56
795807,795848,,41
796173,796206,,33
796418,796442,,24
796884,796960,,76
797295,797393,,98
797759,797787,,28
797830,797883,,53
797922,797989,,67
798142,798200,,58
798335,798363,,28
798545,798553,,8
798899,798948,,49
799119,799211,,92
799495,799533,,38
799681,799772,,91
800180,800276,,96
800719,800800,,81
800845,800862,,17
801201,801289,,88
801662,801688,,26
801791,801838,,47
801866,801951,,85
802449,802534,,85
802878,802974,,96
803283,803295,,12
803631,803689,,58
803724,803796,,72
803920,804017,,97
804502,804600,,98
804929,804935,,6
805252,805349,,97
805740,805839,,99
805916,805962,,46
806210,806239,,29
806243,806279,,36
806507,806555,,48
806989,807052,,63
807431,807494,,63
807546,807558,,12
807709,807755,,46
808159,808204,,45
808680,808759,,79
809174,809186,,12
809220,809295,,75
809469,809484,,15
809608,809612,,4
809631,809716,,85
809843,809930,,87
810394,810401,,7
810733,810815,,82
811193,811279,,86
811438,811525,,87
811577,811623,,46
811991,812036,,45
812207,812282,,75
812470,812505,,35
812657,812702,,45
813046,813074,,28
813272,813289,,17
813617,813705,,88
813785,813830,,45
814006,814088,,82
814185,814264,,79
814745,814758,,13
815236,815335,,99
815384,815466,,82
815931,815954,,23
816399,816491,,92
816969,817000,,31
817003,817034,,31
817437,817525,,88
817598,817599,,1
817723,817725,,2
818017,818091,,74
818184,818269,,85
818689,818752,,63
818817,818866,,49
819337,819409,,72
819839,819875,,36
820128,820216,,88
820330,820411,,81
820753,820799,,46
820988,821021,,33
821228,821283,,55
821340,821370,,30
821544,821558,,14
821570,821616,,46
821884,821914,,30
822184,822215,,31
822336,822406,,70
822695,822776,,81
823269,823300,,31
823431,823473,,42
823480,823499,,19
823798,823876,,78
824347,824419,,72
824450,824496,,46
824682,824742,,60
825128,825163,,35
825651,825736,,85
825841,825936,,95
826378,826472,,94
826866,826870,,4
827325,827415,,90
827585,827639,,54
827642,827691,,49
828008,828010,,2
828310,828395,,85
828596,828643,,47
829083,829130,,47
829321,829411,,90
829427,829451,,24
829831,829898,,67
830351,830431,,80
830905,831003,,98
831252,831323,,71
831646,831717,,71
831764,831800,,36
831995,832052,,57
832475,832564,,89
832788,832823,,35
832957,832986,,29
833021,833120,,99
833505,833555,,50
833572,833627,,55
834108,834201,,93
834685,834724,,39
835096,835168,,72
835609,835646,,37
835822,835871,,49
835976,836030,,54
836174,836182,,8
836283,836375,,92
836800,836843,,43
836988,836989,,1
837084,837096,,12
837160,837241,,81
837526,837607,,81
837917,837974,,57
838206,838282,,76
838694,838729,,35
839168,839218,,50
839519,839540,,21
839686,839712,,26
839744,839770,,26
840107,840132,,25
840501,840524,,23
840854,840942,,88
841116,841153,,37
841353,841394,,41
841477,841525,,48
841991,842009,,18
842367,842423,,56
842461,842531,,70
842576,842645,,69
842927,842941,,14
842945,842966,,21
843321,843324,,3
843736,843814,,78
844073,844154,,81
844351,844397,,46
844494,844501,,7
844912,845007,,95
845478,845516,,38
845814,845829,,15
845856,845950,,94
846199,846242,,43
846570,846575,,5
847039,847044,,5
847052,847085,,33
847108,847122,,14
847290,847347,,57
847493,847566,,73
847852,847889,,37
848037,848094,,57
848421,848509,,88
848699,848783,,84
849074,849094,,20
849473,849535,,62
849636,849646,,10
849814,849833,,19
850015,850021,,6
850487,850562,,75
850938,850991,,53
851149,851227,,78
851529,851557,,28
851797,851879,,82
852140,852202,,62
852266,852330,,64
852822,852908,,86
853046,853065,,19
853523,853560,,37
853761,853787,,26
853905,853934,,29
854116,854176,,60
854520,854540,,20
854707,854804,,97
855087,855127,,40
855451,855541,,90
855548,855637,,89
855784,855865,,81
855974,855994,,20
856464,856528,,64
856880,856910,,30
857276,857320,,44
857701,857703,,2
858115,858169,,54
858648,858734,,86
859180,859216,,36
859712,859743,,31
860122,860214,,92
860518,860536,,18
860779,860801,,22
860965,861056,,91
861309,861384,,75
861843,861922,,79
861999,862087,,88
862560,862596,,36
862951,863025,,74
863520,863563,,43
863758,863857,,99
863907,863908,,1
864407,864495,,88
864594,864654,,60
864659,864722,,63
864991,864998,,7
865140,865209,,69
865512,865608,,96
865952,866026,,74
866326,866377,,51
866379,866382,,3
866880,866958,,78
866988,867064,,76
867277,867354,,77
867414,867486,,72
867667,867673,,6
867685,867723,,38
868144,868165,,21
868264,868348,,84
868426,868482,,56
868515,868522,,7
868938,869007,,69
869307,869360,,53
869726,869792,,66
870102,870197,,95
870418,870439,,21
870618,870628,,10
870804,870844,,40
871064,871087,,23
871425,871446,,21
871710,871781,,71
871917,871959,,42
872052,872136,,84
872183,872195,,12
872400,872431,,31
872856,872893,,37
873317,873357,,40
873568,873580,,12
873943,874038,,95
874485,874507,,22
874925,874970,,45
875366,875444,,78
875720,875733,,13
875761,875769,,8
876107,876205,,98
876484,876544,,60
876964,877014,,50
877454,877518,,64
877564,877618,,54
877874,877939,,65
878184,878223,,39
878443,878444,,1
878791,878808,,17
878890,878902,,12
879010,879011,,1
879066,879161,,95
879288,879373,,85
879403,879428,,25
879462,879476,,14
879481,879483,,2
879807,879819,,12
880227,880325,,98
880538,880575,,37
880970,881064,,94
881364,881456,,92
881584,881613,,29
881790,881874,,84
882188,882271,,83
882768,882824,,56
883215,883223,,8
883656,883658,,2
883752,883800,,48
884201,884282,,81
884389,884471,,82
884781,884811,,30
884969,885008,,39
885258,885337,,79
885507,885527,,20
886000,886010,,10
886099,886134,,35
886358,886429,,71
886658,886753,,95
886830,886889,,59
886946,887027,,81
887049,887087,,38
887579,887604,,25
887928,888012,,84
888085,888119,,34
888331,888363,,32
888648,888716,,68
888899,888976,,77
889430,889497,,67
889867,889958,,91
890042,890133,,91
890359,890397,,38
890862,890925,,63
891174,891191,,17
891273,891333,,60
891627,891701,,74
892005,892049,,44
892517,892600,,83
893004,893045,,41
893162,893205,,43
893613,893663,,50
893716,893760,,44
894140,894165,,25
894427,894455,,28
894651,894744,,93
895176,895202,,26
895693,895734,,41
895916,895995,,79
896275,896298,,23
896745,896779,,34
897190,897274,,84
897649,897696,,47
898108,898202,,94
898628,898694,,66
898715,898739,,24
899144,899234,,90
899354,899376,,22
899456,899468,,12
899783,899865,,82
900237,900319,,82
900724,900778,,54
900976,901018,,42
901306,901374,,68
901691,901759,,68
902035,902045,,10
902066,902091,,25
902182,902203,,21
902437,902486,,49
902847,902875,,28
902938,902984,,46
903378,903383,,5
903614,903685,,71
903946,904023,,77
904262,904331,,69
904486,904492,,6
904741,904763,,22
904847,904920,,73
905137,905167,,30
905431,905485,,54
905639,905664,,25
906135,906228,,93
906257,906288,,31
906326,906333,,7
906418,906516,,98
906662,906704,,42
906770,906826,,56
906845,906860,,15
907105,907139,,34
907241,907289,,48
907726,907825,,99
908219,908298,,79
908591,908593,,2
908594,908638,,44
908856,908932,,76
909340,909438,,98
909931,910010,,79
910162,910223,,61
910542,910587,,45
910892,910912,,20
910951,910995,,44
911309,911321,,12
911362,911453,,91
911596,911600,,4
911930,911963,,33
912419,912483,,64
912555,912627,,72
913025,913101,,76
913581,913647,,66
914125,914193,,68
914278,914368,,90
914644,914668,,24
914798,914817,,19
914913,914931,,18
915255,915328,,73
915368,915397,,29
915713,915720,,7
915990,916023,,33
916139,916144,,5
916381,916435,,54
916892,916977,,85
917188,917271,,83
917698,917701,,3
917824,917902,,78
917955,918052,,97
918482,918501,,19
918660,918714,,54
919190,919240,,50
919355,919377,,22
919620,919687,,67
920129,920196,,67
920537,920621,,84
920915,920970,,55
921079,921124,,45
921358,921405,,47
921728,921807,,79
922133,922142,,9
922273,922331,,58
922672,922758,,86
922762,922770,,8
923114,923135,,21
923312,923390,,78
923445,923477,,32
923795,923868,,73
924195,924214,,19
924303,924394,,91
924855,924931,,76
924976,924996,,20
925213,925277,,64
925487,925501,,14
925938,925969,,31
926055,926116,,61
926228,926233,,5
926484,926573,,89
926949,926971,,22
927436,927443,,7
927733,927754,,21
927873,927881,,8
928213,928247,,34
928692,928775,,83
928972,928988,,16
929122,929188,,66
929366,929404,,38
929595,929615,,20
929706,929792,,86
930044,930072,,28
930216,930242,,26
930458,930549,,91
930653,930678,,25
931077,931176,,99
931568,931607,,39
931647,931668,,21
932157,932210,,53
932611,932692,,81
933139,933165,,26
933645,933695,,50
933909,933994,,85
934195,934235,,40
934241,934294,,53
934744,934776,,32
934847,934914,,67
935311,935374,,63
935542,935577,,35
935611,935659,,48
935976,936035,,59
936258,936291,,33
936347,936437,,90
936776,936823,,47
936899,936988,,89
937470,937563,,93
938044,938070,,26
938121,938141,,20
938578,938628,,50
938635,938659,,24
939002,939069,,67
939422,939436,,14
939924,939951,,27
940236,940257,,21
940502,940545,,43
940795,940799,,4
941160,941203,,43
941576,941625,,49
942087,942186,,99
942616,942625,,9
942845,942884,,39
943273,943349,,76
943776,943867,,91
943932,944006,,74
944089,944164,,75
944183,944275,,92
944333,944425,,92
944491,944521,,30
944586,944600,,14
944937,944946,,9
945198,945274,,76
945540,945546,,6
945891,945989,,98
946052,946110,,58
946552,946555,,3
946599,946621,,22
946836,946886,,50
947285,947322,,37
947539,947566,,27
948056,948064,,8
948347,948364,,17
948712,948801,,89
948906,948986,,80
949402,949499,,97
949675,949681,,6
950001,950032,,31
950115,950158,,43
950463,950549,,86
950717,950719,,2
951001,951083,,82
951097,951145,,48
951411,951507,,96
951868,951891,,23
952382,952475,,93
952712,952717,,5
952791,952812,,21
953217,953280,,63
953686,953694,,8
953964,954033,,69
954167,954250,,83
954669,954712,,43
954957,954968,,11
955316,955347,,31
955774,955832,,58
955943,956040,,97
956085,956179,,94
956596,956654,,58
956902,956940,,38
957429,957430,,1
957609,957686,,77
957978,958065,,87
958210,958286,,76
958605,958679,,74
958793,958889,,96
959298,959346,,48
959725,959818,,93
960146,960154,,8
960461,960525,,64
960536,960549,,13
960996,961061,,65
961206,961275,,69
961643,961675,,32
962166,962250,,84
962497,962563,,66
962986,963014,,28
963485,963487,,2
963692,963785,,93
963925,963928,,3
964286,964301,,15
964446,964477,,31
964488,964553,,65
964900,964956,,56
964997,965024,,27
965062,965100,,38
965481,965538,,57
965945,965976,,31
966244,966326,,82
966811,966884,,73
966899,966968,,69
967193,967258,,65
967437,967446,,9
967651,967731,,80
967742,967750,,8
968129,968208,,79
968328,968366,,38
968649,968669,,20
969089,969137,,48
969248,969304,,56
969358,969450,,92
969912,969992,,80
970169,970221,,52
970674,970696,,22
971001,971080,,79
971108,971178,,70
971197,971242,,45
971257,971342,,85
971757,971852,,95
972120,972202,,82
972453,972531,,78
972921,972922,,1
973409,973481,,72
973685,973753,,68
973782,973831,,49
973910,973982,,72
974031,974087,,56
974553,974621,,68
974951,975018,,67
975480,975517,,37
976007,976098,,91
976538,976636,,98
977037,977067,,30
977224,977322,,98
977677,977695,,18
977740,977813,,73
977897,977989,,92
978332,978347,,15
978541,978587,,46
978955,978980,,25
979473,979547,,74
980040,980056,,16
980257,980326,,69
980775,980784,,9
980920,980949,,29
981271,981281,,10
981454,981523,,69
981860,981931,,71
982290,982374,,84
982697,982743,,46
982800,982806,,6
983273,983275,,2
983659,983678,,19
983992,984065,,73
984168,984190,,22
984602,984656,,54
985030,985104,,74
985396,985446,,50
985943,985959,,16
986429,986513,,84
986657,986746,,89
987050,987061,,11
987100,987136,,36
987516,987569,,53
987843,987923,,80
988406,988480,,74
988701,988734,,33
988843,988890,,47
988998,989042,,44
989074,989108,,34
989353,989436,,83
989733,989790,,57
990111,990179,,68
990386,990470,,84
990916,991007,,91
991376,991439,,63
991706,991735,,29
992010,992035,,25
992513,992581,,68
992687,992784,,97
992839,992931,,92
993220,993231,,11
993460,993478,,18
993756,993840,,84
994290,994383,,93
994457,994468,,11
994664,994696,,32
995156,995185,,29
995536,995539,,3
995932,996028,,96
996159,996204,,45
996483,996520,,37
996931,996946,,15
997293,997377,,84
997694,997789,,95
998066,998164,,98
998565,998586,,21
998594,998653,,59
999086,999174,,88
999522,999524,,2
1000019,1000033,,14
1000078,1000132,,54
1000343,1000370,,27
1000720,1000810,,90
1001215,1001223,,8
1001494,1001587,,93
1001731,1001784,,53
1002203,1002275,,72
1002774,1002863,,89
1003232,1003330,,98
1003548,1003576,,28
1004053,1004095,,42
1004439,1004495,,56
1004576,1004666,,90
1005129,1005206,,77
1005443,1005497,,54
1005846,1005897,,51
1006347,1006436,,89
1006838,1006926,,88
1007318,1007396,,78
1007679,1007711,,32
1007901,1007963,,62
1008309,1008313,,4
1008618,1008637,,19
1008841,1008848,,7
1009030,1009120,,90
1009441,1009468,,27
1009949,1010039,,90
1010489,1010578,,89
1011071,1011089,,18
1011174,1011255,,81
1011460,1011523,,63
1011875,1011919,,44
1012327,1012391,,64
1012740,1012808,,68
1013129,1013135,,6
1013606,1013663,,57
1014075,1014124,,49
1014268,1014343,,75
1014653,1014716,,63
1015165,1015247,,82
1015362,1015423,,61
1015717,1015797,,80
1015840,1015937,,97
1016198,1016235,,37
1016368,1016424,,56
1016570,1016618,,48
1017109,1017183,,74
1017494,1017519,,25
1017822,1017915,,93
1018413,1018493,,80
1018552,1018594,,42
1018691,1018728,,37
1019190,1019200,,10
1019409,1019503,,94
1019873,1019963,,90
1020316,1020395,,79
1020879,1020975,,96
1021469,1021509,,40
1021775,1021871,,96
1022368,1022450,,82
1022882,1022979,,97
1023069,1023163,,94
1023584,1023602,,18
1023742,1023784,,42
1023942,1024010,,68
1024161,1024251,,90
1024740,1024784,,44
1025215,1025278,,63
1025684,1025697,,13
1025892,1025942,,50
1026412,1026423,,11
1026614,1026681,,67
1026878,1026904,,26
1027228,1027249,,21
1027596,1027673,,77
1027945,1027997,,52
1028266,1028297,,31
1028390,1028480,,90
1028649,1028744,,95
1028995,1029006,,11
1029037,1029114,,77
1029167,1029230,,63
1029237,1029309,,72
1029507,1029517,,10
1030010,1030032,,22
1030424,1030495,,71
1030883,1030902,,19
1030980,1030981,,1
1031158,1031176,,18
1031241,1031324,,83
1031432,1031492,,60
1031752,1031822,,70
1032119,1032152,,33
1032221,1032242,,21
1032605,1032662,,57
1033003,1033051,,48
1033452,1033546,,94
1033810,1033877,,67
1034369,1034416,,47
1034426,1034463,,37
1034961,1035013,,52
1035024,1035088,,64
1035447,1035534,,87
1035953,1035995,,42
1036032,1036088,,56
1036434,1036514,,80
1036978,1036992,,14
1037152,1037154,,2
1037226,1037304,,78
1037666,1037732,,66
1037804,1037821,,17
1038043,1038059,,16
1038095,1038116,,21
1038315,1038388,,73
1038671,1038729,,58
1039039,1039108,,69
1039161,1039241,,80
1039567,1039632,,65
1040117,1040141,,24
1040173,1040231,,58
1040509,1040597,,88
1040651,1040670,,19
1040674,1040699,,25
1040885,1040886,,1
1041084,1041133,,49
1041414,1041456,,42
1041535,1041614,,79
1041909,1041997,,88
1042375,1042466,,91
1042521,1042616,,95
1043004,1043090,,86
1043098,1043185,,87
1043392,1043407,,15
1043867,1043942,,75
1044252,1044348,,96
1044770,1044805,,35
1045017,1045029,,12
1045334,1045372,,38
1045714,1045798,,84
1046244,1046287,,43
1046334,1046341,,7
1046560,1046566,,6
1046999,1047044,,45
1047482,1047523,,41
1047528,1047580,,52
1047845,1047881,,36
1048262,1048269,,7
1048306,1048352,,46
1048527,1048584,,57
1048904,1048958,,54
1049100,1049134,,34
1049230,1049278,,48
1049305,1049308,,3
1049314,1049316,,2
1049609,1049641,,32
1050035,1050074,,39
1050553,1050595,,42
1050686,1050783,,97
1051093,1051097,,4
1051379,1051419,,40
1051758,1051851,,93
1051924,1051982,,58
1052115,1052197,,82
1052424,1052521,,97
1052673,1052700,,27
1052975,1053043,,68
1053139,1053160,,21
1053648,1053711,,63
1054121,1054211,,90
1054545,1054593,,48
1055069,1055107,,38
1055396,1055447,,51
1055696,1055741,,45
1055966,1056022,,56
1056426,1056486,,60
1056826,1056895,,69
1057366,1057391,,25
1057505,1057520,,15
1057534,1057630,,96
1057820,1057828,,8
1057979,1058072,,93
1058450,1058496,,46
1058986,1059038,,52
1059131,1059157,,26
1059349,1059443,,94
1059668,1059734,,66
1060076,1060121,,45
1060502,1060598,,96
1060990,1061004,,14
1061259,1061337,,78
1061372,1061469,,97
1061712,1061780,,68
1062279,1062349,,70
1062706,1062725,,19
1063172,1063208,,36
1063321,1063370,,49
1063436,1063464,,28
1063713,1063789,,76
1064216,1064306,,90
1064320,1064337,,17
1064338,1064394,,56
1064726,1064777,,51
1064800,1064855,,55
1065070,1065161,,91
1065473,1065512,,39
1065631,1065690,,59
1066151,1066225,,74
1066531,1066554,,23
1066999,1067040,,41
1067205,1067259,,54
1067620,1067668,,48
1067775,1067874,,99
1068325,1068360,,35
1068812,1068890,,78
1069200,1069209,,9
1069660,1069698,,38
1069762,1069769,,7
1070069,1070135,,66
1070626,1070667,,41
1070961,1071039,,78
1071527,1071540,,13
1071781,1071823,,42
1071971,1072044,,73
1072504,1072515,,11
1072625,1072718,,93
1072864,1072895,,31
1073174,1073245,,71
1073261,1073312,,51
1073717,1073794,,77
1073866,1073926,,60
1074352,1074398,,46
1074660,1074729,,69
1075111,1075124,,13
1075233,1075278,,45
1075647,1075696,,49
1075896,1075910,,14
1076083,1076158,,75
1076292,1076332,,40
1076634,1076691,,57
1077018,1077106,,88
1077353,1077406,,53
1077556,1077616,,60
1077797,1077871,,74
1078054,1078150,,96
1078458,1078463,,5
1078817,1078866,,49
1079024,1079123,,99
1079479,1079570,,91
1079699,1079729,,30
1080152,1080158,,6
1080645,1080648,,3
1080963,1081016,,53
1081359,1081409,,50
1081429,1081449,,20
1081711,1081713,,2
1081856,1081955,,99
1082106,1082152,,46
1082518,1082531,,13
1082790,1082837,,47
1083073,1083143,,70
1083417,1083428,,11
1083490,1083569,,79
1083632,1083729,,97
1084181,1084195,,14
1084634,1084681,,47
1084820,1084857,,37
1085044,1085080,,36
1085571,1085634,,63
1085981,1086062,,81
1086440,1086510,,70
1086622,1086661,,39
1086873,1086892,,19
1087176,1087186,,10
1087189,1087192,,3
1087561,1087658,,97
1088153,1088208,,55
1088310,1088386,,76
1088684,1088758,,74
1089231,1089330,,99
1089432,1089449,,17
1089778,1089809,,31
1090139,1090194,,55
1090374,1090419,,45
1090820,1090843,,23
1091074,1091136,,62
1091185,1091273,,88
1091333,1091347,,14
1091460,1091494,,34
1091841,1091894,,53
1091981,1092005,,24
1092133,1092204,,71
1092241,1092242,,1
1092694,1092695,,1
1093126,1093170,,44
1093262,1093296,,34
1093450,1093489,,39
1093777,1093828,,51
1094177,1094218,,41
1094350,1094437,,87
1094739,1094758,,19
1095120,1095182,,62
1095333,1095334,,1
1095529,1095623,,94
1095629,1095698,,69
1095936,1095997,,61
1096085,1096140,,55
1096171,1096243,,72
1096328,1096392,,64
1096516,1096598,,82
1096610,1096695,,85
1096854,1096857,,3
1097018,1097047,,29
1097447,1097517,,70
1097698,1097793,,95
1097879,1097931,,52
1098008,1098092,,84
1098132,1098219,,87
1098258,1098295,,37
1098740,1098822,,82
1099106,1099115,,9
1099176,1099215,,39
1099671,1099749,,78
1100160,1100185,,25
1100431,1100473,,42
1100652,1100671,,19
1100719,1100778,,59
1101193,1101288,,95
1101345,1101362,,17
1101776,1101810,,34
1101991,1102064,,73
1102529,1102544,,15
1102967,1102968,,1
1103013,1103069,,56
1103482,1103556,,74
1103856,1103892,,36
1103900,1103999,,99
1104304,1104355,,51
1104452,1104515,,63
1104850,1104866,,16
1105065,1105075,,10
1105243,1105317,,74
1105682,1105717,,35
1105800,1105827,,27
1106247,1106290,,43
1106681,1106690,,9
1107094,1107149,,55
1107637,1107693,,56
1107836,1107863,,27
1108171,1108246,,75
1108379,1108474,,95
1108762,1108782,,20
1109199,1109276,,77
1109584,1109626,,42
1109645,1109733,,88
1109862,1109904,,42
1110255,1110313,,58
1110539,1110549,,10
1110944,1111000,,56
1111069,1111112,,43
1111331,1111390,,59
1111729,1111798,,69
1112157,1112185,,28
1112387,1112437,,50
1112828,1112863,,35
1112996,1113085,,89
1113337,1113436,,99
1113469,1113509,,40
1114005,1114102,,97
1114404,1114478,,74
1114827,1114846,,19
1115108,1115170,,62
1115624,1115712,,88
1115878,1115958,,80
1116185,1116216,,31
1116672,1116705,,33
1117090,1117171,,81
1117566,1117611,,45
1117717,1117740,,23
1117898,1117986,,88
1118093,1118117,,24
1118241,1118322,,81
1118582,1118674,,92
1118735,1118819,,84
1119278,1119337,,59
1119645,1119723,,78
1120126,1120201,,75
1120516,1120561,,45
1120673,1120720,,47
1121084,1121149,,65
1121370,1121389,,19
1121594,1121656,,62
1122095,1122156,,61
1122188,1122279,,91
1122591,1122673,,82
1123019,1123026,,7
1123138,1123150,,12
1123616,1123649,,33
1123712,1123735,,23
1124117,1124205,,88
1124337,1124388,,51
1124693,1124711,,18
1125074,1125114,,40
1125570,1125649,,79
1126034,1126071,,37
1126341,1126355,,14
1126615,1126710,,95
1126945,1126992,,47
1127351,1127373,,22
1127636,1127713,,77
1128008,1128052,,44
1128295,1128392,,97
1128645,1128714,,69
1128940,1128981,,41
1129438,1129481,,43
1129821,1129903,,82
1129987,1129999,,12
1130022,1130090,,68
1130534,1130542,,8
1130737,1130831,,94
1131168,1131196,,28
1131399,1131423,,24
1131913,1132003,,90
1132463,1132536,,73
1133022,1133096,,74
1133158,1133181,,23
1133250,1133308,,58
1133319,1133359,,40
1133725,1133761,,36
1134255,1134306,,51
1134415,1134513,,98
1134887,1134912,,25
1134955,1135049,,94
1135251,1135313,,62
1135676,1135691,,15
1135909,1135953,,44
1136014,1136064,,50
1136323,1136422,,99
1136807,1136831,,24
1137058,1137099,,41
1137440,1137513,,73
1137847,1137899,,52
1138216,1138307,,91
1138404,1138422,,18
1138647,1138703,,56
1139087,1139119,,32
1139342,1139371,,29
1139475,1139555,,80
1139996,1140017,,21
1140371,1140372,,1
1140818,1140845,,27
1141303,1141395,,92
1141495,1141571,,76
1141779,1141826,,47
1142192,1142261,,69
1142583,1142607,,24
1142924,1142953,,29
1143204,1143271,,67
1143291,1143388,,97
1143409,1143493,,84
1143560,1143589,,29
1144013,1144049,,36
1144369,1144448,,79
1144700,1144764,,64
1144830,1144891,,61
1145282,1145298,,16
1145315,1145324,,9
1145436,1145449,,13
1145452,1145508,,56
1145559,1145636,,77
1146022,1146038,,16
1146141,1146162,,21
1146313,1146330,,17
1146395,1146446,,51
1146701,1146785,,84
1147063,1147147,,84
1147276,1147350,,74
1147732,1147828,,96
1148297,1148375,,78
1148707,1148737,,30
1148896,1148897,,1
1149113,1149119,,6
1149350,1149419,,69
1149471,1149479,,8
1149786,1149865,,79
1149890,1149966,,76
1150302,1150389,,87
1150842,1150858,,16
1151351,1151358,,7
1151568,1151584,,16
1151850,1151871,,21
1152002,1152045,,43
1152262,1152328,,66
1152428,1152451,,23
1152592,1152655,,63
1152882,1152929,,47
1153356,1153368,,12
1153490,1153567,,77
1154039,1154073,,34
1154080,1154111,,31
1154169,1154203,,34
1154289,1154372,,83
1154446,1154460,,14
1154878,1154933,,55
1155412,1155495,,83
1155531,1155627,,96
1155662,1155681,,19
1155716,1155801,,85
1155898,1155969,,71
1155996,1156090,,94
1156572,1156612,,40
1156651,1156664,,13
1157004,1157057,,53
1157290,1157323,,33
1157822,1157902,,80
1158372,1158387,,15
1158578,1158636,,58
1158936,1158990,,54
1159050,1159062,,12
1159356,1159451,,95
1159519,1159616,,97
1159905,1159956,,51
1159968,1160062,,94
1160231,1160278,,47
1160736,1160773,,37
1160805,1160870,,65
1161156,1161203,,47
1161290,1161334,,44
1161677,1161770,,93
1161836,1161880,,44
1162231,1162300,,69
1162584,1162615,,31
1162722,1162803,,81
1162869,1162887,,18
1162980,1162998,,18
1163092,1163108,,16
1163260,1163281,,21
1163625,1163684,,59
1164125,1164149,,24
1164260,1164263,,3
1164650,1164661,,11
1164880,1164917,,37
1165110,1165168,,58
1165271,1165367,,96
1165834,1165900,,66
1166307,1166362,,55
1166539,1166567,,28
1166827,1166918,,91
1167307,1167405,,98
1167809,1167862,,53
1167964,1167980,,16
1168441,1168501,,60
1168758,1168850,,92
1169103,1169107,,4
1169588,1169659,,71
1170041,1170074,,33
1170267,1170327,,60
1170548,1170581,,33
1170675,1170759,,84
1170899,1170996,,97
1171146,1171190,,44
1171397,1171451,,54
1171641,1171705,,64
1171909,1171918,,9
1172242,1172289,,47
1172460,1172516,,56
1172665,1172711,,46
1173142,1173232,,90
1173500,1173589,,89
1173624,1173686,,62
1173793,1173886,,93
1174245,1174303,,58
1174440,1174515,,75
1174984,1175052,,68
1175547,1175560,,13
1175596,1175684,,88
1175787,1175828,,41
1176078,1176121,,43
1176151,1176223,,72
1176647,1176673,,26
1176987,1177072,,85
1177099,1177103,,4
1177249,1177257,,8
1177319,1177409,,90
1177430,1177468,,38
1177742,1177796,,54
1177924,1177994,,70
1178488,1178582,,94
1178994,1179040,,46
1179095,1179188,,93
1179557,1179646,,89
1179673,1179771,,98
1179952,1180042,,90
1180119,1180215,,96
1180359,1180442,,83
1180701,1180711,,10
1181001,1181085,,84
1181366,1181455,,89
1181562,1181647,,85
1182038,1182134,,96
1182432,1182507,,75
1182930,1182946,,16
1183124,1183143,,19
1183184,1183219,,35
1183592,1183625,,33
1183666,1183763,,97
1184105,1184168,,63
1184487,1184489,,2
1184837,1184913,,76
1185128,1185145,,17
1185598,1185694,,96
1185866,1185920,,54
1186347,1186446,,99
1186759,1186767,,8
1186920,1186955,,35
1187069,1187091,,22
1187128,1187209,,81
1187383,1187456,,73
1187921,1187988,,67
1188287,1188320,,33
1188617,1188697,,80
1188963,1188967,,4
1189391,1189455,,64
1189941,1190012,,71
1190364,1190403,,39
1190665,1190687,,22
1191148,1191150,,2
1191522,1191550,,28
1191562,1191620,,58
1191942,1192036,,94
1192422,1192477,,55
1192824,1192835,,11
1193058,1193124,,66
1193237,1193285,,48
1193660,1193696,,36
1194074,1194115,,41
1194583,1194669,,86
1194807,1194871,,64
1195278,1195315,,37
1195640,1195696,,56
1196079,1196099,,20
1196583,1196613,,30
1196764,1196770,,6
1197239,1197335,,96
1197361,1197390,,29
1197492,1197552,,60
1197828,1197884,,56
1198192,1198234,,42
1198531,1198589,,58
1198773,1198830,,57
1199080,1199145,,65
1199184,1199215,,31
1199672,1199720,,48
1199987,1200046,,59
1200281,1200285,,4
1200330,1200418,,88
1200741,1200767,,26
1201198,1201265,,67
1201730,1201800,,70
1201920,1202002,,82
1202051,1202084,,33
1202296,1202367,,71
1202461,1202542,,81
1202940,1202986,,46
1203223,1203260,,37
1203474,1203481,,7
1203555,1203559,,4
1203699,1203786,,87
1204115,1204202,,87
1204230,1204318,,88
1204377,1204437,,60
1204660,1204681,,21
1205039,1205042,,3
1205185,1205268,,83
1205478,1205520,,42
1205715,1205808,,93
1205824,1205888,,64
1206301,1206344,,43
1206785,1206867,,82
1207088,1207160,,72
1207403,1207464,,61
1207659,1207743,,84
1207987,1208027,,40
1208267,1208282,,15
1208302,1208346,,44
1208700,1208701,,1
1208960,1208988,,28
1209316,1209359,,43
1209845,1209868,,23
1209932,1209984,,52
1210364,1210380,,16
1210683,1210736,,53
1211067,1211083,,16
1211488,1211560,,72
1212029,1212124,,95
1212362,1212389,,27
1212628,1212671,,43
1212887,1212910,,23
1213358,1213444,,86
1213512,1213526,,14
1213549,1213619,,70
1213711,1213798,,87
1214288,1214380,,92
1214679,1214754,,75
1214809,1214863,,54
1214974,1215047,,73
1215088,1215139,,51
1215310,1215346,,36
1215505,1215543,,38
1215634,1215732,,98
1215978,1216026,,48
1216378,1216450,,72
1216698,1216779,,81
1217261,1217321,,60
1217691,1217716,,25
1218010,1218038,,28
1218402,1218439,,37
1218885,1218900,,15
1219312,1219374,,62
1219622,1219717,,95
1219970,1220064,,94
1220493,1220498,,5
1220874,1220960,,86
1221122,1221155,,33
1221477,1221538,,61
1221844,1221865,,21
1222216,1222284,,68
1222520,1222545,,25
1223021,1223088,,67
1223477,1223552,,75
1223665,1223745,,80
1223773,1223808,,35
1224152,1224238,,86
1224356,1224423,,67
1224596,1224618,,22
1225018,1225090,,72
1225517,1225541,,24
1225942,1226013,,71
1226295,1226344,,49
1226684,1226713,,29
1227068,1227100,,32
1227377,1227468,,91
1227667,1227725,,58
1227823,1227911,,88
1228097,1228150,,53
1228371,1228466,,95
1228909,1228996,,87
1229332,1229379,,47
1229833,1229916,,83
1230080,1230157,,77
1230577,1230642,,65
1230924,1230986,,62
1231028,1231086,,58
1231584,1231659,,75
1231809,1231847,,38
1232224,1232322,,98
1232454,1232511,,57
1232687,1232716,,29
1232889,1232916,,27
1233041,1233053,,12
1233152,1233215,,63
1233448,1233520,,72
1233791,1233795,,4
1233883,1233913,,30
1234149,1234234,,85
1234464,1234521,,57
1234760,1234785,,25
1234894,1234988,,94
1235423,1235433,,10
1235550,1235577,,27
1235580,1235679,,99
1235899,1235921,,22
1236275,1236374,,99
1236545,1236616,,71
1236727,1236740,,13
1237072,1237153,,81
1237302,1237313,,11
1237699,1237736,,37
1237782,1237836,,54
1238219,1238297,,78
1238491,1238515,,24
1238666,1238674,,8
1239064,1239152,,88
1239480,1239506,,26
1239744,1239802,,58
1240245,1240251,,6
1240497,1240578,,81
1240937,1241017,,80
1241177,1241212,,35
1241469,1241540,,71
1241985,1242000,,15
1242071,1242137,,66
1242520,1242534,,14
1242760,1242775,,15
1243013,1243015,,2
1243224,1243304,,80
1243390,1243468,,78
1243879,1243955,,76
1244254,1244320,,66
1244650,1244726,,76
1244743,1244763,,20
1244780,1244846,,66
1244956,1244987,,31
1245467,1245482,,15
1245552,1245622,,70
1245886,1245891,,5
1246305,1246376,,71
1246388,1246464,,76
1246484,1246577,,93
1246838,1246876,,38
1247122,1247162,,40
1247313,1247326,,13
1247818,1247823,,5
1247953,1248024,,71
1248357,1248391,,34
1248527,1248549,,22
1248679,1248686,,7
1248942,1248961,,19
1249001,1249019,,18
1249483,1249565,,82
1249679,1249716,,37
1249874,1249905,,31
1250224,1250233,,9
1250311,1250360,,49
1250377,1250437,,60
1250685,1250776,,91
1251193,1251239,,46
1251439,1251462,,23
1251899,1251993,,94
1252470,1252543,,73
1252944,1252981,,37
1253316,1253372,,56
1253744,1253753,,9
1254245,1254324,,79
1254506,1254548,,42
1254619,1254689,,70
1255042,1255098,,56
1255172,1255211,,39
1255360,1255401,,41
1255490,1255583,,93
1255685,1255777,,92
1255963,1255992,,29
1256252,1256331,,79
1256462,1256557,,95
1257037,1257049,,12
1257183,1257212,,29
1257558,1257602,,44
1257618,1257686,,68
1257874,1257957,,83
1258358,1258433,,75
1258448,1258502,,54
1258742,1258788,,46
1259168,1259229,,61
1259412,1259482,,70
1259730,1259814,,84
1259929,1259975,,46
1260189,1260204,,15
1260561,1260571,,10
1260967,1261013,,46
1261221,1261229,,8
1261715,1261791,,76
1262195,1262223,,28
1262423,1262442,,19
1262915,1262980,,65
1263051,1263102,,51
1263232,1263264,,32
1263475,1263537,,62
1263634,1263677,,43
1264147,1264234,,87
1264619,1264620,,1
1264647,1264654,,7
1264785,1264876,,91
1265053,1265103,,50
1265469,1265516,,47
1265895,1265918,,23
1265941,1265958,,17
1266316,1266366,,50
1266676,1266684,,8
1266777,1266804,,27
1267074,1267170,,96
1267376,1267432,,56
1267841,1267927,,86
1268064,1268110,,46
1268587,1268622,,35
1268657,1268711,,54
1269035,1269050,,15
1269280,1269372,,92
1269573,1269629,,56
1269649,1269671,,22
1269988,1270071,,83
1270510,1270520,,10
1270953,1271035,,82
1271073,1271126,,53
1271243,1271278,,35
1271749,1271785,,36
1271898,1271986,,88
1272030,1272038,,8
1272190,1272227,,37
1272654,1272753,,99
1273018,1273054,,36
1273438,1273481,,43
1273694,1273742,,48
1274221,1274294,,73
1274444,1274527,,83
1274884,1274949,,65
1275094,1275156,,62
1275368,1275462,,94
1275477,1275550,,73
1275935,1276026,,91
1276205,1276299,,94
1276574,1276668,,94
1276848,1276868,,20
1277001,1277036,,35
1277401,1277410,,9
1277886,1277894,,8
1278374,1278409,,35
1278450,1278549,,99
1278667,1278766,,99
1279189,1279275,,86
1279307,1279329,,22
1279732,1279809,,77
1280031,1280067,,36
1280133,1280193,,60
1280440,1280531,,91
1280960,1281034,,74
1281105,1281144,,39
1281433,1281473,,40
1281605,1281632,,27
1281873,1281906,,33
1282353,1282404,,51
1282759,1282821,,62
1282985,1282989,,4
1283091,1283124,,33
1283575,1283576,,1
1283761,1283855,,94
1283912,1283920,,8
1284024,1284083,,59
1284187,1284190,,3
1284622,1284714,,92
1285027,1285056,,29
1285256,1285324,,68
1285472,1285476,,4
1285829,1285831,,2
1286076,1286163,,87
1286478,1286511,,33
1286699,1286792,,93
1287191,1287246,,55
1287464,1287469,,5
1287730,1287821,,91
1288141,1288191,,50
1288428,1288441,,13
1288824,1288874,,50
1288965,1289000,,35
1289032,1289034,,2
1289529,1289583,,54
1289785,1289869,,84
1290258,1290338,,80
1290344,1290345,,1
1290677,1290739,,62
1291178,1291224,,46
1291657,1291695,,38
1291850,1291897,,47
1292056,1292108,,52
1292597,1292693,,96
1293089,1293169,,80
1293233,1293314,,81
1293586,1293641,,55
1293684,1293714,,30
1294155,1294248,,93
1294578,1294639,,61
1294781,1294871,,90
1295361,1295375,,14
1295639,1295730,,91
1295788,1295830,,42
1295944,1295999,,55
1296244,1296318,,74
1296531,1296612,,81
1297106,1297172,,66
1297307,1297311,,4
1297439,1297452,,13
1297850,1297870,,20
1298189,1298216,,27
1298429,1298447,,18
1298894,1298982,,88
1299014,1299088,,74
1299266,1299363,,97
1299748,1299781,,33
1299957,1300018,,61
1300505,1300507,,2
1300690,1300692,,2
1301048,1301083,,35
1301182,1301239,,57
1301311,1301397,,86
1301848,1301907,,59
1302008,1302072,,64
1302379,1302426,,47
1302554,1302641,,87
1302992,1303040,,48
1303309,1303384,,75
1303848,1303928,,80
1304078,1304109,,31
1304376,1304427,,51
1304495,1304560,,65
1304906,1304915,,9
1305406,1305479,,73
1305960,1306045,,85
1306382,1306481,,99
1306582,1306599,,17
1306604,1306639,,35
1306950,1306958,,8
1307304,1307344,,40
1307657,1307741,,84
1308000,1308014,,14
1308415,1308488,,73
1308601,1308677,,76
1309133,1309205,,72
1309231,1309321,,90
1309579,1309599,,20
1309783,1309850,,67
1310085,1310124,,39
1310359,1310384,,25
1310569,1310579,,10
1310595,1310669,,74
1310965,1311061,,96
1311321,1311420,,99
1311586,1311603,,17
1312071,1312077,,6
1312554,1312636,,82
1313134,1313225,,91
1313550,1313595,,45
1313774,1313836,,62
1314263,1314353,,90
1314805,1314895,,90
1315333,1315381,,48
1315501,1315514,,13
1315682,1315700,,18
1315838,1315927,,89
1316418,1316477,,59
1316866,1316887,,21
1317314,1317344,,30
1317373,1317425,,52
1317514,1317603,,89
1317998,1318047,,49
1318173,1318228,,55
1318553,1318637,,84
1318915,1319005,,90
1319123,1319169,,46
1319267,1319359,,92
1319367,1319416,,49
1319449,1319472,,23
1319517,1319545,,28
1319927,1319930,,3
1320240,1320301,,61
1320742,1320837,,95
1321192,1321228,,36
1321426,1321469,,43
1321717,1321774,,57
1321955,1321999,,44
1322446,1322526,,80
1322578,1322654,,76
1323017,1323036,,19
1323167,1323265,,98
1323468,1323544,,76
1323822,1323891,,69
1324325,1324370,,45
1324582,1324604,,22
1325089,1325150,,61
1325533,1325556,,23
1326001,1326043,,42
1326491,1326574,,83
1326837,1326890,,53
1327031,1327100,,69
1327283,1327379,,96
1327646,1327739,,93
1327937,1327972,,35
1328278,1328279,,1
1328474,1328543,,69
1328943,1328952,,9
1329171,1329266,,95
1329602,1329644,,42
1329974,1330034,,60
1330186,1330265,,79
1330722,1330804,,82
1331032,1331035,,3
1331117,1331131,,14
1331548,1331612,,64
1332030,1332118,,88
1332531,1332576,,45
1333033,1333088,,55
1333438,1333517,,79
1333921,1333931,,10
1334243,1334255,,12
1334371,1334454,,83
1334544,1334623,,79
1334659,1334682,,23
1335113,1335209,,96
1335373,1335380,,7
1335666,1335735,,69
1335814,1335849,,35
1336052,1336100,,48
1336520,1336597,,77
1336939,1336962,,23
1337334,1337346,,12
1337800,1337873,,73
1338226,1338255,,29
1338680,1338712,,32
1338913,1338952,,39
1339049,1339111,,62
1339534,1339590,,56
1339666,1339705,,39
1340042,1340112,,70
1340247,1340321,,74
1340340,1340397,,57
1340447,1340503,,56
1340611,1340678,,67
1341037,1341121,,84
1341125,1341185,,60
1341494,1341516,,22
1341928,1341951,,23
1342078,1342162,,84
1342170,1342174,,4
1342265,1342352,,87
1342425,1342453,,28
1342947,1342955,,8
1343150,1343195,,45
1343316,1343364,,48
1343770,1343812,,42
1344251,1344334,,83
1344649,1344707,,58
1344820,1344827,,7
1344862,1344887,,25
1345033,1345039,,6
1345352,1345397,,45
1345433,1345508,,75
1345922,1346015,,93
1346351,1346394,,43
1346596,1346682,,86
1346924,1347023,,99
1347261,1347273,,12
1347709,1347773,,64
1347956,1348005,,49
1348488,1348575,,87
1348817,1348852,,35
1349187,1349235,,48
1349622,1349671,,49
1350139,1350145,,6
1350446,1350465,,19
1350709,1350717,,8
1350789,1350800,,11
1351043,1351083,,40
1351473,1351565,,92
1351970,1351994,,24
1352051,1352123,,72
1352302,1352342,,40
1352489,1352572,,83
1352878,1352955,,77
1353357,1353371,,14
1353796,1353807,,11
1353838,1353883,,45
1353987,1354083,,96
1354381,1354475,,94
1354952,1355032,,80
1355041,1355078,,37
1355555,1355648,,93
1355707,1355715,,8
1356140,1356231,,91
1356483,1356549,,66
1356977,1356987,,10
1357352,1357387,,35
1357449,1357543,,94
1357689,1357712,,23
1357996,1358036,,40
1358449,1358459,,10
1358872,1358953,,81
1359069,1359120,,51
1359608,1359704,,96
1359842,1359846,,4
1360030,1360053,,23
1360298,1360329,,31
1360596,1360613,,17
1361092,1361117,,25
1361125,1361129,,4
1361273,1361371,,98
1361393,1361419,,26
1361737,1361798,,61
1361879,1361908,,29
1362172,1362192,,20
1362504,1362535,,31
1362545,1362616,,71
1362626,1362706,,80
1362820,1362900,,80
1363165,1363204,,39
1363394,1363430,,36
1363565,1363581,,16
1363642,1363675,,33
1363824,1363884,,60
1364278,1364329,,51
1364706,1364735,,29
1364816,1364841,,25
1364930,1365001,,71
1365007,1365040,,33
1365185,1365208,,23
1365628,1365655,,27
1365781,1365856,,75
1366295,1366341,,46
1366521,1366575,,54
1366927,1366952,,25
1367274,1367293,,19
1367323,1367394,,71
1367680,1367731,,51
1367767,1367840,,73
1368277,1368280,,3
1368544,1368581,,37
1368643,1368697,,54
1369016,1369053,,37
1369524,1369603,,79
1370021,1370029,,8
1370294,1370378,,84
1370738,1370823,,85
1370929,1371021,,92
1371161,1371237,,76
1371620,1371666,,46
1371889,1371928,,39
1372405,1372464,,59
1372672,1372733,,61
1373119,1373157,,38
1373603,1373638,,35
1373881,1373933,,52
1374261,1374295,,34
1374719,1374738,,19
1374746,1374752,,6
1374992,1375024,,32
1375334,1375420,,86
1375566,1375645,,79
1376091,1376138,,47
1376252,1376279,,27
1376756,1376819,,63
1377190,1377269,,79
1377677,1377698,,21
1377874,1377928,,54
1378143,1378209,,66
1378673,1378744,,71
1378926,1379014,,88
1379349,1379356,,7
1379726,1379802,,76
1380073,1380079,,6
1380542,1380641,,99
1380768,1380778,,10
1380875,1380955,,80
1381132,1381136,,4
1381380,1381394,,14
1381780,1381861,,81
1382299,1382363,,64
1382691,1382771,,80
1383220,1383277,,57
1383339,1383379,,40
1383772,1383827,,55
1384063,1384133,,70
1384476,1384570,,94
1384644,1384656,,12
1384797,1384827,,30
1384869,1384927,,58
1385008,1385025,,17
1385099,1385115,,16
1385207,1385292,,85
1385748,1385793,,45
1385946,1386016,,70
1386025,1386074,,49
1386417,1386474,,57
1386843,1386891,,48
1387192,1387199,,7
1387525,1387564,,39
1387828,1387867,,39
1388310,1388352,,42
1388708,1388731,,23
1389201,1389214,,13
1389362,1389437,,75
1389899,1389998,,99
1390486,1390508,,22
1390561,1390628,,67
1390924,1390936,,12
1391225,1391229,,4
1391672,1391729,,57
1391850,1391900,,50
1392380,1392391,,11
1392741,1392839,,98
1393216,1393308,,92
1393609,1393683,,74
1393808,1393878,,70
1394013,1394025,,12
1394182,1394233,,51
1394369,1394408,,39
1394781,1394853,,72
1394888,1394906,,18
1395207,1395253,,46
1395537,1395581,,44
1395752,1395823,,71
1395869,1395936,,67
1396337,1396372,,35
1396795,1396857,,62
1396938,1396980,,42
1397141,1397149,,8
1397579,1397623,,44
1397705,1397764,,59
1398138,1398168,,30
1398393,1398482,,89
1398977,1399076,,99
1399448,1399528,,80
1399689,1399742,,53
1400230,1400249,,19
1400660,1400741,,81
1400793,1400802,,9
1400805,1400877,,72
1401266,1401360,,94
1401835,1401845,,10
1401889,1401965,,76
1402232,1402264,,32
1402474,1402529,,55
1402763,1402772,,9
1402828,1402872,,44
1403117,1403164,,47
1403648,1403663,,15
1403846,1403917,,71
1404281,1404361,,80
1404841,1404852,,11
1405196,1405274,,78
1405502,1405568,,66
1405573,1405644,,71
1405999,1406070,,71
1406075,1406147,,72
1406630,1406664,,34
1406825,1406841,,16
1406936,1406971,,35
1407083,1407111,,28
1407363,1407375,,12
1407855,1407861,,6
1407937,1408028,,91
1408247,1408311,,64
1408447,1408546,,99
1408820,1408852,,32
1408996,1409049,,53
1409285,1409296,,11
1409465,1409522,,57
1409779,1409830,,51
1409984,1410009,,25
1410407,1410450,,43
1410730,1410784,,54
1411240,1411305,,65
1411711,1411782,,71
1412050,1412096,,46
1412538,1412637,,99
1412903,1412931,,28
1413089,1413165,,76
1413190,1413240,,50
1413347,1413392,,45
1413590,1413649,,59
1413956,1413986,,30
1414480,1414571,,91
1414899,1414978,,79
1415184,1415221,,37
1415358,1415391,,33
1415830,1415848,,18
1415879,1415883,,4
1415968,1415980,,12
1416262,1416330,,68
1416829,1416900,,71
1417297,1417342,,45
1417577,1417619,,42
1418083,1418087,,4
1418389,1418439,,50
1418759,1418799,,40
1418935,1418946,,11
1418993,1419056,,63
1419277,1419331,,54
1419439,1419449,,10
1419544,1419575,,31
1419605,1419704,,99
1420067,1420154,,87
1420436,1420495,,59
1420657,1420707,,50
1420767,1420835,,68
1420999,1421021,,22
1421195,1421263,,68
1421732,1421765,,33
1421963,1422045,,82
1422486,1422557,,71
1422802,1422852,,50
1422933,1422949,,16
1423111,1423172,,61
1423319,1423346,,27
1423405,1423450,,45
1423582,1423642,,60
1423934,1423969,,35
1424144,1424225,,81
1424467,1424506,,39
1424767,1424775,,8
1424945,1425013,,68
1425417,1425514,,97
1425773,1425831,,58
1425981,1426014,,33
1426412,1426436,,24
1426541,1426551,,10
1426971,1427002,,31
1427367,1427461,,94
1427754,1427833,,79
1428084,1428154,,70
1428348,1428439,,91
1428846,1428881,,35
1428901,1428977,,76
1429003,1429033,,30
1429104,1429163,,59
1429268,1429352,,84
1429389,1429420,,31
1429599,1429686,,87
1429688,1429692,,4
1430173,1430241,,68
1430281,1430305,,24
1430385,1430432,,47
1430881,1430976,,95
1431019,1431043,,24
1431118,1431216,,98
1431238,1431297,,59
1431333,1431374,,41
1431601,1431680,,79
1431759,1431817,,58
1432310,1432406,,96
1432668,1432683,,15
1433027,1433088,,61
1433155,1433156,,1
1433631,1433650,,19
1433815,1433900,,85
1434232,1434331,,99
1434594,1434638,,44
1434943,1434958,,15
1435066,1435139,,73
1435157,1435249,,92
1435705,1435734,,29
1435851,1435927,,76
1436375,1436434,,59
1436480,1436579,,99
1436892,1436977,,85
1437403,1437437,,34
1437580,1437593,,13
1437765,1437821,,56
1437971,1437998,,27
1438321,1438346,,25
1438396,1438428,,32
1438853,1438875,,22
1439013,1439112,,99
1439312,1439373,,61
1439757,1439810,,53
1439898,1439927,,29
1440015,1440060,,45
1440315,1440374,,59
1440418,1440470,,52
1440899,1440928,,29
1441110,1441133,,23
1441254,1441347,,93
1441827,1441885,,58
1442159,1442228,,69
1442293,1442364,,71
1442798,1442890,,92
1443078,1443163,,85
1443499,1443562,,63
1443641,1443678,,37
1444033,1444075,,42
1444527,1444593,,66
1444854,1444891,,37
1444935,1445024,,89
1445486,1445561,,75
1445806,1445896,,90
1445921,1446017,,96
1446279,1446365,,86
1446532,1446570,,38
1446599,1446642,,43
1446827,1446855,,28
1447240,1447263,,23
1447432,1447501,,69
1447721,1447728,,7
1448007,1448017,,10
1448179,1448246,,67
1448477,1448517,,40
1448769,1448799,,30
1449188,1449242,,54
1449657,1449743,,86
1449843,1449846,,3
1449938,1449949,,11
1449972,1450012,,40
1450459,1450483,,24
1450654,1450696,,42
1450921,1450968,,47
1451387,1451455,,68
1451463,1451555,,92
1451895,1451979,,84
1452322,1452350,,28
1452453,1452497,,44
1452972,1453070,,98
1453148,1453172,,24
1453364,1453392,,28
1453769,1453829,,60
1453972,1454035,,63
1454221,1454286,,65
1454485,1454513,,28
1454938,1454953,,15
1455198,1455282,,84
1455298,1455378,,80
1455756,1455760,,4
1455822,1455892,,70
1456067,1456089,,22
1456404,1456413,,9
1456456,1456461,,5
1456615,1456687,,72
1456838,1456903,,65
1457145,1457230,,85
1457304,1457323,,19
1457695,1457700,,5
1458178,1458264,,86
1458739,1458834,,95
1459200,1459219,,19
1459378,1459418,,40
1459429,1459485,,56
1459556,1459566,,10
1459957,1460009,,52
1460284,1460309,,25
1460491,1460493,,2
1460760,1460820,,60
1460885,1460982,,97
1461240,1461268,,28
1461676,1461705,,29
1461755,1461854,,99
1462337,1462356,,19
1462691,1462787,,96
1462893,1462899,,6
1463303,1463328,,25
1463334,1463424,,90
1463449,1463479,,30
1463674,1463729,,55
1463887,1463903,,16
1464280,1464330,,50
1464423,1464501,,78
1464600,1464609,,9
1464856,1464951,,95
1465424,1465462,,38
1465860,1465936,,76
1465951,1466023,,72
1466468,1466488,,20
1466522,1466537,,15
1466956,1467014,,58
1467245,1467344,,99
1467632,1467668,,36
1467724,1467771,,47
1468013,1468039,,26
1468535,1468559,,24
1468781,1468878,,97
1469057,1469152,,95
1469224,1469271,,47
1469605,1469669,,64
1469845,1469891,,46
1470300,1470380,,80
1470707,1470718,,11
1471097,1471105,,8
1471132,1471154,,22
1471618,1471624,,6
1472104,1472141,,37
1472497,1472536,,39
1472702,1472726,,24
1472964,1473015,,51
1473320,1473360,,40
1473612,1473616,,4
1473947,1474035,,88
1474278,1474371,,93
1474827,1474887,,60
1475095,1475193,,98
1475426,1475505,,79
1475777,1475828,,51
1476287,1476298,,11
1476582,1476643,,61
1476772,1476819,,47
1477260,1477282,,22
1477321,1477359,,38
1477722,1477809,,87
1478082,1478155,,73
1478488,1478541,,53
1478871,1478944,,73
1479113,1479183,,70
1479568,1479646,,78
1479770,1479868,,98
1480291,1480353,,62
1480652,1480683,,31
1480738,1480805,,67
1481133,1481172,,39
1481322,1481360,,38
1481491,1481544,,53
1481994,1482073,,79
1482440,1482498,,58
1482790,1482797,,7
1483025,1483060,,35
1483215,1483279,,64
1483584,1483662,,78
1483708,1483715,,7
1483789,1483856,,67
1484273,1484358,,85
1484435,1484517,,82
1484981,1484982,,1
1485121,1485189,,68
1485332,1485378,,46
1485546,1485599,,53
1486091,1486124,,33
1486176,1486229,,53
1486421,1486441,,20
1486722,1486796,,74
1487032,1487066,,34
1487271,1487278,,7
1487685,1487705,,20
1488037,1488085,,48
1488218,1488274,,56
1488385,1488466,,81
1488631,1488638,,7
1489064,1489126,,62
1489620,1489685,,65
1490036,1490055,,19
1490113,1490149,,36
1490590,1490642,,52
1490663,1490757,,94
1491154,1491189,,35
1491598,1491653,,55
1491879,1491906,,27
1492246,1492279,,33
1492486,1492524,,38
1492886,1492917,,31
1493243,1493281,,38
1493534,1493603,,69
1493625,1493703,,78
1493887,1493949,,62
1494135,1494198,,63
1494398,1494486,,88
1494935,1495030,,95
1495209,1495219,,10
1495717,1495768,,51
1495796,1495891,,95
1496029,1496063,,34
1496165,1496254,,89
1496315,1496349,,34
1496632,1496674,,42
1496824,1496827,,3
1496869,1496883,,14
1497293,1497298,,5
1497541,1497574,,33
1497688,1497722,,34
1497888,1497930,,42
1498166,1498208,,42
1498631,1498689,,58
1499013,1499045,,32
1499177,1499263,,86
1499611,1499705,,94
1500101,1500175,,74
1500269,1500311,,42
1500599,1500679,,80
1500900,1500935,,35
1500973,1501025,,52
1501245,1501267,,22
1501438,1501479,,41
1501762,1501832,,70
1502077,1502107,,30
1502371,1502419,,48
1502800,1502814,,14
1503149,1503165,,16
1503511,1503582,,71
1503922,1503978,,56
1504331,1504360,,29
1504467,1504510,,43
1504693,1504789,,96
1505208,1505306,,98
1505653,1505675,,22
1505772,1505812,,40
1505960,1505976,,16
1506289,1506376,,87
1506416,1506508,,92
1506561,1506659,,98
1506661,1506755,,94
1506878,1506909,,31
1507273,1507292,,19
1507325,1507341,,16
1507744,1507777,,33
1507871,1507919,,48
1508043,1508063,,20
1508072,1508164,,92
1508199,1508256,,57
1508536,1508586,,50
1509016,1509104,,88
1509569,1509610,,41
1509999,1510024,,25
1510418,1510498,,80
1510779,1510791,,12
1510860,1510875,,15
1511237,1511254,,17
1511529,1511559,,30
1511804,1511829,,25
1512086,1512169,,83
1512470,1512549,,79
1512998,1513089,,91
1513572,1513663,,91
1513762,1513821,,59
1514257,1514279,,22
1514434,1514456,,22
1514636,1514734,,98
1514986,1515016,,30
1515437,1515522,,85
1515695,1515793,,98
1515990,1516062,,72
1516486,1516557,,71
1517034,1517045,,11
1517363,1517387,,24
1517844,1517884,,40
1518150,1518154,,4
1518414,1518437,,23
1518529,1518579,,50
1518939,1519004,,65
1519400,1519425,,25
1519444,1519483,,39
1519873,1519887,,14
1519956,1520036,,80
1520128,1520190,,62
1520576,1520613,,37
1520781,1520806,,25
1520886,1520955,,69
1521444,1521543,,99
