0.65820000 64.92580000
0.73000000 68.57570000
0.79420000 72.40360000
0.88490000 76.23150000
0.97940000 79.43620000
1.10410000 82.37390000
1.26280000 84.24330000
1.39510000 84.68840000
1.62190000 85.48960000
1.81840000 86.11280000
1.93560000 86.02370000
2.01490000 85.93470000
2.16990000 87.35910000
2.35510000 88.78340000
2.58560000 90.83090000
2.79720000 68.57570000
2.89930000 68.57570000
3.02780000 68.66470000
3.14490000 68.04150000
3.26210000 67.41840000
3.41330000 65.90500000
3.53420000 64.56970000
3.65140000 63.05640000
3.79880000 61.63200000
3.92350000 59.76260000
4.07840000 57.62610000
4.25230000 55.75670000
4.40720000 54.24330000
4.56590000 52.46290000
4.73220000 50.86050000
4.85700000 49.16910000
4.98920000 47.29970000
