176
484
421
45
75
95
39
347
116
237
230
131
495
239
429
281
15
312
67
324
86
262
179
435
220
298
234
368
375
432
198
262
39
180
222
267
163
228
156
315
300
445
111
274
90
57
374
144
293
63
283
140
86
499
92
14
140
254
207
441
257
307
425
427
138
343
123
58
301
20
67
224
356
61
59
194
26
202
477
59
381
203
3
361
196
145
415
49
60
199
97
206
31
180
106
285
133
476
186
356
28
338
462
312
266
209
446
283
118
107
499
360
482
5
193
238
444
393
474
32
376
403
249
441
454
78
421
56
304
39
293
9
122
392
121
291
94
243
251
410
89
190
420
162
122
122
19
135
365
220
481
140
301
266
39
223
421
345
151
492
366
432
394
27
131
26
260
350
470
174
176
420
74
422
293
362
55
177
27
134
14
226
253
226
41
125
255
212
498
139
338
24
279
94
126
252
421
221
15
244
312
496
276
214
182
341
368
415
332
334
117
262
214
280
445
105
442
189
431
447
77
402
28
144
403
58
433
356
400
284
103
341
487
338
75
212
335
238
230
498
331
105
64
355
108
248
276
114
430
394
184
237
170
462
34
464
240
30
488
25
77
139
55
52
459
452
97
83
338
5
276
405
6
65
184
387
485
378
409
238
102
120
220
37
451
412
341
226
294
217
410
332
269
290
456
287
467
320
102
334
446
92
308
379
457
8
386
135
217
343
125
267
215
373
310
129
12
133
384
80
215
222
70
26
254
420
89
338
183
446
425
437
417
36
322
31
231
224
361
453
338
251
50
340
93
497
396
352
50
370
35
92
15
191
320
153
15
114
119
119
98
134
174
87
9
56
236
342
495
10
291
78
441
438
120
215
14
490
401
203
448
28
131
494
191
64
399
439
223
262
113
329
77
1
365
113
342
254
480
201
266
405
228
199
122
180
292
149
75
320
338
465
474
327
64
468
453
446
488
416
333
375
381
176
325
170
83
91
343
175
394
212
144
250
165
190
16
97
460
178
153
306
498
370
96
303
228
46
75
69
171
94
32
60
203
279
159
218
275
436
405
192
217
85
124
460
93
389
349
447
260
333
129
362
51
345
456
13
86
281
43
449
457
262
303
417
284
134
229
60
302
255
4
472
180
421
94
289
451
33
69
157
1
332
47
411
118
371
44
267
67
131
238
333
145
361
47
21
460
129
206
123
410
40
268
168
481
433
403
295
336
343
391
143
267
480
347
24
160
287
226
409
217
255
173
47
468
357
190
157
335
347
25
67
46
441
381
253
105
437
62
12
420
87
491
107
362
130
222
8
153
424
182
496
238
42
85
2
184
197
147
325
361
186
426
305
9
285
114
247
349
459
8
108
159
361
340
372
110
312
124
136
157
377
434
367
61
253
356
443
144
29
155
223
414
434
80
471
115
131
237
371
227
382
458
440
34
275
197
46
99
367
273
10
351
89
133
444
406
124
452
311
386
379
223
312
185
158
138
471
458
298
306
247
203
160
461
448
446
116
77
346
262
311
454
45
142
286
91
64
347
230
217
154
109
220
300
182
273
168
238
192
321
199
499
374
188
116
375
23
114
6
183
395
489
226
240
228
35
53
78
206
50
138
185
372
180
56
430
213
422
142
191
63
187
452
16
489
222
271
232
150
481
310
349
345
333
144
305
48
11
210
137
332
92
328
207
185
343
7
399
271
30
324
446
476
380
333
265
482
116
487
381
281
148
339
38
98
385
478
276
91
462
231
150
263
231
477
112
413
201
95
93
202
12
484
138
277
3
494
362
221
454
415
116
304
270
81
461
496
54
222
154
188
128
103
221
87
429
91
329
78
178
328
168
239
426
435
211
44
68
151
302
225
300
467
110
110
463
262
240
385
445
401
183
4
341
274
144
11
220
489
256
419
387
160
163
93
311
438
27
111
411
37
433
200
214
43
337
437
20
354
228
251
330
347
201
148
318
302
22
364
138
95
76
415
325
20
164
142
111
359
38
104
113
216
84
87
470
19
228
384
121
89
190
108
155
416
312
374
442
247
77
436
389
86
14
404
20
63
406
29
150
189
220
51
249
336
387
486
11
343
406
162
285
450
220
157
198
394
163
418
249
479
386
33
212
177
295
268
461
199
185
161
25
482
343
22
294
113
247
240
490
387
210
379
172
321
314
277
182
57
493
36
402
152
9
376
75
227
105
223
69
337
263
260
121
233
346
273
61
378
441
384
274
361
194
37
451
443
225
137
182
173
191
295
324
81
184
228
499
135
477
148
25
150
85
389
380
47
478
226
150
234
225
153
159
178
345
166
79
351
117
375
253
235
248
110
202
326
133
393
268
271
257
117
181
277
188
136
416
485
331
251
83
187
430
309
311
215
35
168
372
181
336
248
329
346
84
175
306
492
314
383
47
418
52
203
186
34
92
110
415
110
372
88
76
431
419
200
232
453
308
167
375
347
321
41
483
183
490
125
116
451
449
182
235
183
407
197
391
489
458
451
321
4
324
181
344
331
268
457
301
2
87
158
334
398
151
377
421
370
184
284
398
416
62
339
212
207
59
246
58
195
449
394
428
258
429
489
304
153
257
141
134
369
96
140
348
354
349
213
219
362
41
79
237
17
180
256
344
474
446
369
94
139
55
187
384
254
25
206
323
284
401
451
416
255
259
350
223
305
26
170
226
118
434
2
67
191
244
68
167
153
376
410
125
110
53
368
394
138
475
496
36
144
267
274
141
462
125
162
105
418
285
245
147
261
288
347
196
388
199
302
417
279
481
80
412
420
444
413
451
475
267
358
333
186
368
324
49
433
52
410
387
315
83
346
105
405
465
41
84
48
147
85
153
57
466
455
325
114
426
137
483
78
443
249
257
106
234
81
492
355
69
366
254
470
158
485
70
281
358
419
334
427
136
376
426
256
284
352
4
139
230
435
69
485
132
244
297
160
315
303
208
212
457
386
457
295
244
225
453
488
129
101
16
52
201
248
226
288
47
48
54
115
204
397
108
494
489
100
489
76
145
374
349
464
385
350
134
314
172
24
426
97
395
229
488
202
366
392
374
99
415
383
163
1
434
121
50
24
188
74
355
14
391
52
211
443
96
200
132
117
274
336
289
73
261
268
90
12
350
346
156
257
118
454
194
489
249
280
474
196
287
368
288
77
189
468
103
148
365
450
387
218
423
349
452
63
385
24
109
269
150
404
107
212
231
192
334
29
171
22
22
183
222
58
110
453
57
330
478
327
52
182
473
235
327
36
140
362
229
196
199
241
494
184
397
493
52
157
373
111
486
303
121
65
410
7
125
221
81
226
485
413
283
93
261
80
127
205
314
453
51
299
335
131
141
481
70
206
438
148
441
233
18
436
5
396
53
79
172
356
12
392
118
461
149
26
252
1
379
161
464
348
334
391
241
276
63
440
393
441
391
195
1
64
50
156
181
20
373
234
338
288
415
406
426
198
85
345
295
421
331
288
60
91
218
465
434
302
288
372
243
360
2
48
5
107
175
243
372
401
132
51
85
242
94
486
380
57
270
147
40
305
369
136
314
361
248
381
96
129
218
377
163
133
475
197
85
465
384
372
364
344
64
29
204
149
35
445
69
4
470
467
268
381
322
321
46
322
196
10
41
308
372
343
266
258
376
332
104
47
417
114
178
144
454
16
463
140
292
299
218
336
147
95
314
405
164
414
141
249
321
492
21
227
464
449
401
72
55
252
399
243
198
49
226
11
292
112
247
84
237
16
391
481
457
150
472
129
177
54
78
385
430
315
404
225
435
73
458
403
453
383
371
54
465
292
224
21
389
457
475
31
459
240
426
475
156
127
349
474
172
459
497
258
265
366
380
499
210
207
195
481
50
172
230
69
10
498
367
484
268
43
479
299
370
250
291
152
51
366
109
159
52
461
69
375
403
183
102
226
394
31
105
360
376
450
362
263
396
53
477
378
366
219
86
221
241
165
342
395
417
325
114
256
167
80
103
182
444
186
73
282
308
335
464
236
437
224
12
395
140
433
455
108
311
78
323
415
136
24
320
473
269
264
450
132
474
109
328
175
176
422
140
219
176
306
34
331
196
93
483
184
175
244
140
190
222
116
367
219
45
352
297
186
406
394
471
107
459
387
253
207
334
373
194
229
227
74
37
150
15
209
28
255
477
42
165
129
452
242
88
60
451
407
157
217
158
378
42
368
101
213
250
94
238
297
71
273
261
132
412
308
154
261
65
241
62
276
224
108
198
327
145
488
175
493
321
459
63
39
405
478
425
12
91
395
259
146
470
92
175
353
472
326
48
144
119
437
314
446
445
115
209
8
15
3
195
129
104
86
95
269
469
108
260
401
206
149
46
382
104
272
356
93
446
283
477
190
114
35
247
184
23
90
131
429
265
165
50
192
404
279
474
402
311
186
439
218
107
219
257
28
464
187
393
299
338
440
170
214
107
397
319
276
344
229
93
284
328
492
260
92
327
374
351
23
437
300
380
27
273
308
172
51
4
165
213
387
83
100
141
207
426
491
451
129
422
351
280
139
11
305
452
38
134
186
158
429
470
333
347
71
7
186
253
73
488
74
494
337
347
163
262
375
234
315
10
469
34
404
274
71
101
343
363
51
177
394
139
323
241
173
234
13
497
38
28
123
474
373
431
496
93
73
434
321
464
165
263
163
308
187
393
469
42
148
193
357
151
76
65
208
132
123
151
1
344
171
425
325
232
7
205
138
297
223
336
119
81
301
455
275
236
359
76
469
373
224
398
373
311
45
395
474
444
481
424
60
407
192
239
85
123
313
441
323
314
92
182
468
34
262
387
70
251
65
292
441
88
124
345
298
191
22
278
119
415
165
96
480
281
496
489
346
448
151
303
405
67
247
266
104
479
196
252
210
464
174
499
474
306
306
274
488
192
450
239
498
31
462
240
187
108
9
150
351
34
314
471
382
288
4
300
329
241
194
14
371
213
431
89
94
481
270
48
237
315
228
201
348
275
54
352
84
376
268
300
173
143
325
321
208
112
147
441
480
464
259
261
105
153
427
480
186
257
115
79
133
223
65
413
112
201
67
368
78
287
358
18
85
469
410
304
364
318
283
152
343
86
414
494
226
37
489
409
217
240
46
96
1
499
402
170
231
282
362
66
72
360
499
324
265
200
181
448
166
200
354
428
62
277
246
14
412
8
201
155
326
403
222
492
302
283
167
42
39
88
156
407
323
13
163
382
141
176
168
201
488
150
12
61
384
114
454
329
315
339
156
163
470
90
265
310
352
180
324
18
206
297
44
11
491
276
96
431
371
125
364
145
192
310
345
166
396
400
474
202
464
187
434
469
137
162
310
295
296
465
469
279
159
456
104
84
164
382
329
486
76
482
439
39
69
106
391
198
262
82
298
338
217
5
81
259
228
180
319
231
351
202
227
474
309
224
261
130
329
362
120
94
413
327
440
200
200
133
421
72
108
46
196
10
210
229
380
278
330
87
438
12
464
493
478
175
18
450
478
369
161
355
294
50
108
359
173
67
40
487
365
329
406
178
25
26
138
459
303
93
394
216
148
255
240
201
172
393
390
25
35
77
233
249
205
188
424
33
195
155
100
361
107
471
111
224
480
313
286
116
373
459
336
434
121
246
340
5
411
252
302
42
479
393
488
41
218
60
486
441
9
126
6
180
464
24
239
471
430
276
17
204
407
439
82
318
342
195
427
101
324
168
490
412
128
471
295
420
454
404
422
291
441
21
272
167
146
476
297
475
12
307
117
187
201
22
271
22
280
85
50
127
82
57
291
297
146
436
389
263
125
439
413
293
212
306
393
490
2
403
311
189
318
27
329
456
350
293
472
301
156
356
77
161
249
466
407
220
297
57
462
50
74
243
331
66
121
269
220
146
270
284
430
226
281
365
23
397
489
175
265
227
377
199
333
331
351
370
33
134
215
194
38
158
323
395
391
495
222
125
262
182
432
178
416
183
275
104
432
446
72
148
332
337
102
344
214
121
171
139
226
236
249
281
367
91
375
203
260
214
475
229
133
417
13
175
268
422
279
393
2
297
458
62
104
25
306
72
213
178
178
327
168
491
367
440
474
38
164
317
474
144
359
230
396
244
337
82
77
333
52
130
429
126
150
2
236
104
498
59
22
116
447
175
116
148
57
474
54
142
380
19
328
73
126
194
48
343
216
217
115
49
498
278
449
378
387
14
37
134
408
279
207
482
418
300
304
43
384
275
77
323
416
209
106
215
57
295
209
97
388
437
483
249
93
25
316
206
225
164
204
424
34
391
79
405
212
100
85
381
117
192
174
356
271
44
238
183
79
360
32
79
279
120
141
124
126
109
206
86
143
291
44
434
429
95
332
30
448
163
414
191
206
333
293
451
189
103
417
111
221
488
219
388
294
211
168
10
284
330
374
257
146
485
432
24
169
167
170
340
462
138
159
170
316
75
317
215
188
209
94
69
56
418
434
30
29
403
160
465
343
432
332
341
268
474
499
361
419
388
349
332
58
62
69
277
374
431
106
70
422
159
304
457
67
233
158
276
493
234
108
298
404
29
159
80
490
232
196
199
308
464
308
237
495
280
139
65
309
351
454
436
55
17
156
146
413
369
452
333
330
442
215
154
488
301
301
442
307
484
187
171
478
68
321
170
8
321
214
221
247
258
452
293
172
105
262
34
471
206
146
106
425
396
171
160
28
220
287
354
274
453
482
69
12
427
191
136
364
440
271
124
493
332
395
178
69
215
475
423
228
185
9
110
438
496
64
35
191
48
289
107
145
426
195
86
112
18
153
82
50
442
109
421
134
296
443
370
314
445
380
355
418
119
185
412
422
492
454
349
315
204
271
391
360
235
262
19
15
247
105
342
29
490
159
269
104
174
86
186
51
498
76
446
407
232
38
101
239
123
464
380
124
168
414
172
168
382
119
172
256
151
400
205
27
270
370
413
481
35
286
169
16
179
369
329
144
219
444
101
356
277
192
62
327
65
155
424
338
165
494
132
116
387
493
125
491
156
30
290
72
304
280
182
175
355
15
355
43
159
162
353
30
335
75
477
32
259
460
19
125
106
4
173
2
23
416
300
254
118
217
93
58
355
133
159
268
315
353
11
332
176
448
17
351
5
313
222
141
156
376
206
274
341
329
113
102
338
130
58
164
235
277
262
498
430
423
276
301
7
56
432
37
416
295
282
276
474
438
83
147
75
53
75
259
480
419
204
428
248
267
192
159
242
142
295
155
475
138
450
33
296
401
44
198
131
293
128
442
341
491
104
453
494
166
53
21
433
313
42
471
389
27
43
65
163
298
80
226
435
187
462
297
96
320
479
285
158
133
350
383
374
362
460
284
156
35
93
234
499
175
309
210
102
133
15
314
157
203
253
321
276
384
473
463
88
422
214
189
384
315
381
81
239
171
9
62
228
396
164
342
421
37
490
193
326
448
355
158
35
426
333
38
86
459
31
231
235
165
179
164
290
187
27
488
97
96
381
118
446
421
83
261
154
456
30
194
459
349
93
23
60
61
470
117
256
209
301
67
162
47
23
329
322
125
333
464
131
458
172
31
449
191
401
5
157
204
445
295
236
104
251
23
499
111
6
171
23
164
297
74
326
369
57
127
79
6
449
381
251
325
273
28
280
289
341
142
124
210
163
275
166
197
59
53
4
8
300
116
471
255
187
460
7
369
94
12
156
237
126
51
128
111
76
215
234
330
424
199
271
340
19
419
354
222
363
79
239
28
371
410
348
258
380
315
12
382
220
363
246
51
239
458
316
452
88
362
17
301
442
444
109
98
297
25
240
46
499
345
69
147
329
188
161
151
340
94
221
406
35
292
295
363
195
75
38
351
38
120
50
235
101
410
13
282
197
280
227
201
187
432
264
368
162
44
381
6
394
173
229
316
78
360
439
321
498
266
56
248
409
105
246
88
324
465
160
98
100
464
387
442
49
486
290
447
352
19
110
83
418
31
260
431
410
454
421
166
226
100
369
77
496
38
413
68
178
48
400
163
91
248
168
178
320
445
488
421
266
94
260
484
135
50
451
449
483
389
102
482
176
275
164
475
161
234
251
21
87
248
20
339
328
2
176
65
84
71
187
110
462
324
44
318
12
80
450
386
450
491
270
31
138
402
164
422
66
77
324
185
234
472
124
51
373
54
2
402
66
314
385
34
159
192
345
418
242
99
451
239
301
275
336
207
99
181
58
150
459
347
41
402
466
97
20
261
446
176
110
76
40
478
394
1
444
434
55
317
125
223
386
431
285
149
25
178
258
225
77
349
30
67
474
197
51
74
187
305
106
314
390
274
362
492
468
198
336
194
89
439
164
478
384
169
257
119
420
497
28
195
381
2
369
361
390
159
154
474
373
283
182
102
114
284
130
148
383
425
315
245
56
5
149
109
476
477
74
285
466
398
261
363
342
214
249
360
195
180
343
389
360
351
92
248
29
76
414
236
495
377
61
163
499
39
388
434
492
323
432
164
113
299
465
440
27
56
73
357
308
225
270
32
87
416
71
258
41
312
375
116
276
93
203
173
326
291
291
157
70
339
128
265
184
135
200
25
428
133
431
442
126
483
78
195
16
171
287
268
292
121
171
427
36
144
157
57
7
213
55
256
186
499
298
451
166
79
290
353
375
459
190
46
488
99
158
481
139
438
249
415
159
137
346
135
298
426
446
148
368
302
309
136
376
385
353
427
127
174
105
410
402
108
294
334
356
140
252
485
354
83
208
309
38
105
470
127
422
435
117
372
22
110
383
39
382
194
60
325
286
402
212
344
191
491
484
405
326
389
171
308
164
104
149
308
369
452
487
87
86
420
333
140
118
170
453
421
103
352
333
240
130
302
428
87
38
96
456
131
414
466
100
130
186
306
157
188
479
409
141
111
265
442
97
128
286
80
227
362
90
140
70
330
96
363
147
241
280
96
172
455
396
179
11
306
274
133
122
351
245
169
449
213
452
286
64
457
470
388
47
259
345
357
395
490
334
26
91
151
211
213
182
495
480
219
112
337
6
360
449
475
275
404
303
325
430
71
1
169
211
230
86
54
402
395
449
471
2
124
483
347
289
327
310
231
213
353
49
286
132
354
476
142
79
442
330
24
98
181
448
18
292
160
122
39
120
370
3
470
53
326
487
428
475
241
275
90
145
188
364
261
296
246
53
167
397
305
345
190
412
304
284
25
452
120
379
84
495
295
245
105
36
161
263
465
39
116
182
442
21
47
436
187
147
338
234
265
317
23
231
281
302
93
149
446
310
286
119
82
276
128
37
67
382
127
381
297
304
23
64
379
77
375
332
91
327
339
430
394
490
69
312
168
281
458
483
412
354
343
147
291
270
281
434
153
314
194
110
183
275
342
169
136
162
385
277
358
93
364
113
4
52
87
351
260
282
62
119
208
450
148
355
13
222
221
174
461
27
483
130
97
93
94
141
304
73
257
47
124
50
301
490
332
380
319
296
345
263
218
263
187
147
217
96
7
111
235
321
44
109
114
439
441
486
122
124
4
359
253
289
96
301
279
4
374
120
257
98
350
219
232
451
50
401
334
405
159
338
91
415
339
445
443
153
50
90
227
254
54
447
380
378
78
325
158
262
236
450
298
144
347
464
100
18
452
103
30
416
294
372
403
21
36
155
441
96
34
421
454
301
168
169
354
354
66
89
12
80
138
493
336
39
61
419
356
215
371
230
377
141
113
207
133
161
131
424
226
16
179
196
390
175
463
303
362
249
221
150
443
487
195
221
181
458
479
128
476
102
445
455
242
308
400
245
75
457
124
305
145
352
230
365
311
327
332
132
373
20
254
277
244
11
76
78
491
230
222
366
254
346
168
143
46
154
109
38
225
350
45
470
291
413
34
188
410
389
335
180
489
105
438
453
142
5
224
16
183
335
306
83
132
7
48
495
149
401
295
407
165
326
194
162
280
76
438
435
24
213
123
195
483
40
416
444
449
259
211
23
200
416
385
237
339
149
492
364
358
91
347
405
94
366
355
119
129
443
120
148
366
482
495
317
322
472
195
495
211
273
270
14
470
490
51
165
285
119
376
310
313
363
335
338
330
352
288
352
214
447
479
133
462
240
435
143
220
289
17
281
91
187
403
326
471
392
185
25
68
333
160
16
136
420
42
268
453
164
492
147
289
472
302
269
429
284
130
492
364
300
205
445
33
207
357
128
399
494
4
240
328
139
291
310
89
400
233
184
483
358
310
144
380
464
55
304
257
378
321
484
413
487
67
245
336
339
127
84
57
189
385
154
391
60
388
269
382
164
404
492
14
81
112
323
358
359
264
453
465
282
416
7
185
262
494
140
209
262
419
255
35
59
491
249
54
456
275
95
26
429
34
197
236
177
489
429
321
236
2
476
283
142
234
198
450
438
200
222
279
343
68
53
214
335
476
222
182
47
287
228
70
327
182
308
252
200
380
498
15
287
389
63
379
432
245
461
406
341
255
189
242
210
293
417
189
105
30
377
315
173
284
155
50
478
73
286
320
244
149
385
143
343
186
44
457
372
213
445
329
293
441
87
269
340
387
57
368
104
335
361
484
128
89
385
198
445
397
263
445
311
125
431
324
346
343
314
251
212
44
490
244
21
330
463
162
274
230
294
413
356
417
271
25
352
30
441
276
274
106
45
486
343
25
140
257
466
377
40
47
195
342
186
295
244
477
173
390
28
94
456
285
22
405
30
224
404
281
34
275
472
348
264
434
412
327
143
414
93
119
102
82
269
408
212
7
179
34
429
148
24
88
302
456
244
358
294
382
261
459
313
463
130
282
328
373
54
272
456
258
8
429
410
64
429
56
250
437
481
359
260
177
268
37
402
258
286
277
132
426
75
418
457
475
405
426
86
181
375
35
275
331
446
117
404
298
290
369
242
158
232
45
33
126
150
350
480
441
444
459
382
327
334
9
87
213
208
450
245
64
342
364
272
330
246
374
35
389
104
289
434
354
239
75
335
204
295
152
482
131
455
91
207
397
268
123
40
373
456
412
168
267
179
286
361
5
134
115
96
16
287
424
87
437
367
144
261
283
98
414
423
434
342
475
298
467
146
455
272
216
389
3
32
461
474
341
52
92
188
209
401
85
481
255
323
176
403
111
257
233
458
448
238
139
98
162
254
298
255
227
342
415
376
438
43
174
63
172
193
467
321
261
123
133
367
254
123
205
26
191
402
369
90
167
114
80
3
222
352
20
457
17
33
92
466
486
93
217
138
65
339
143
23
163
347
250
121
322
486
319
444
158
84
389
4
490
387
235
69
193
475
273
462
346
434
31
257
241
391
34
359
372
190
175
78
420
438
299
453
227
192
11
438
410
