55
37
47
31
47
13
18
40
81
110
111
72
78
68
72
58
55
47
49
34
20
36
29
29
16
10
13
55
74
49
49
82
93
122
132
166
177
185
229
226
216
205
204
197
216
231
205
205
177
188
214
206
157
182
229
233
224
238
226
222
239
261
281
278
278
262
271
270
298
333
331
321
287
296
298
315
326
345
344
360
351
331
328
305
298
315
348
325
299
281
281
271
285
280
299
280
280
262
251
215
215
233
226
221
226
240
273
260
251
247
223
225
242
258
232
220
170
160
167
188
208
190
197
201
195
214
196
203
200
186
198
196
183
196
173
156
176
158
167
143
104
76
52
37
6
21
13
26
19
37
21
7
33
12
10
11
38
67
24
29
47
41
28
12
26
13
5
13
32
8
14
40
28
44
47
15
30
36
10
30
41
52
60
50
38
89
117
138
123
137
117
132
91
96
98
126
148
134
123
136
159
105
98
124
119
130
123
133
108
124
113
153
137
173
174
195
180
190
218
211
184
225
238
242
277
314
340
305
274
260
256
261
301
308
315
312
323
304
320
313
320
296
305
336
302
284
327
342
342
319
318
337
333
344
334
351
367
372
387
392
368
373
382
391
384
406
380
385
436
431
415
406
403
433
429
411
397
382
406
407
404
425
419
358
338
341
358
343
368
377
350
362
345
325
303
290
310
312
339
340
378
378
412
419
425
417
432
453
420
391
403
373
379
377
394
355
343
310
290
269
281
247
228
241
235
227
222
185
168
151
133
141
138
129
105
88
93
102
137
132
99
84
109
88
134
130
101
104
101
148
154
153
168
191
206
203
212
203
214
226
257
257
259
275
290
253
300
300
310
326
318
318
314
294
313
273
277
285
277
305
314
336
302
333
296
311
354
359
355
392
387
362
339
320
348
326
308
333
328
343
369
336
322
340
353
364
397
402
395
392
409
428
451
478
501
486
475
439
445
409
411
413
416
418
422
407
397
410
397
419
406
419
390
385
362
369
361
360
359
383
395
424
396
354
355
330
310
312
310
323
327
305
285
286
294
302
302
280
282
296
334
317
334
346
361
393
348
361
332
337
354
385
386
379
347
344
379
422
402
411
420
434
443
442
453
473
453
447
477
461
483
480
485
492
496
534
517
516
480
504
535
515
496
490
481
455
424
429
436
448
463
478
493
480
481
500
504
498
465
485
443
448
466
477
452
462
436
421
423
411
380
378
363
356
366
349
346
369
380
357
382
406
433
468
459
459
471
439
458
454
484
445
434
418
436
447
467
455
426
409
402
413
422
378
379
368
371
401
440
406
426
398
418
395
401
419
455
447
460
424
368
410
430
433
429
425
421
429
446
452
484
450
477
473
485
462
467
461
452
467
491
480
489
520
524
520
499
512
514
468
420
428
451
436
400
376
375
347
362
374
398
414
382
367
317
319
290
329
323
318
350
317
325
316
317
337
325
338
341
315
281
278
295
337
317
318
301
278
302
298
314
301
271
301
288
286
309
276
277
278
280
280
296
278
292
311
345
360
342
335
329
340
335
331
360
354
310
322
333
317
314
348
349
352
366
346
340
386
390
385
369
365
355
355
383
394
402
392
353
370
360
347
358
360
404
404
432
443
466
461
497
517
543
520
526
527
526
495
494
480
483
499
468
445
450
439
461
449
488
496
511
480
469
458
464
459
452
452
473
482
508
488
501
500
477
462
445
459
476
498
491
514
493
488
500
476
495
479
498
493
492
459
433
425
425
438
426
449
422
442
437
437
448
441
408
411
429
406
396
405
426
436
424
441
472
464
464
481
483
527
524
543
551
551
584
576
575
588
597
598
623
598
592
563
590
608
632
637
665
688
688
708
701
714
713
716
694
703
680
698
711
710
707
691
695
666
666
660
713
687
715
730
720
749
740
707
699
716
688
689
649
626
594
598
595
614
605
582
612
614
607
599
619
618
607
618
608
621
619
621
655
657
681
693
707
711
736
719
703
706
729
739
705
718
707
673
680
649
658
670
705
710
690
706
722
740
747
751
772
771
776
764
785
776
761
759
755
753
734
772
783
798
786
794
814
810
814
799
760
760
748
729
747
733
753
708
706
685
684
721
736
720
700
690
683
688
684
666
694
703
654
675
671
649
646
658
646
671
650
630
644
679
683
688
708
738
722
713
706
685
658
669
700
683
666
681
699
689
675
662
682
711
712
727
710
688
709
709
708
712
720
730
733
730
736
716
718
716
687
654
676
674
654
642
617
609
641
640
646
644
619
618
621
641
650
677
675
668
682
677
668
655
647
628
635
633
643
635
646
662
648
651
639
657
654
663
657
665
666
640
625
679
708
714
678
696
688
685
684
678
640
629
674
666
689
670
662
649
628
648
655
671
687
713
706
768
723
723
708
696
689
666
661
648
633
599
602
603
597
621
640
619
634
623
643
659
684
650
659
685
680
687
709
690
705
722
720
707
719
759
723
719
732
739
743
746
702
664
689
664
647
639
647
618
633
649
635
665
711
669
633
623
644
656
669
683
667
687
710
708
698
713
737
728
671
662
679
661
648
650
653
634
636
632
628
641
667
653
643
619
670
676
658
647
667
686
665
679
687
650
637
635
659
683
672
654
650
655
681
722
701
730
704
718
719
720
737
723
720
713
741
734
747
746
730
739
752
766
755
749
758
780
784
799
824
802
828
835
854
853
840
835
812
764
722
734
726
742
762
743
733
736
742
756
753
771
792
798
809
795
781
738
732
743
762
753
753
733
700
699
731
711
744
742
727
746
757
773
779
756
755
756
778
801
779
807
838
852
871
860
836
830
832
826
808
815
802
742
756
774
790
809
812
813
796
782
771
776
754
741
755
732
719
682
715
692
697
670
694
663
643
651
640
647
649
672
705
709
731
747
762
772
753
737
751
770
770
762
785
755
745
781
775
769
770
786
772
763
765
753
755
770
774
747
729
705
725
758
765
786
764
788
786
788
821
844
823
826
810
800
790
778
771
755
732
740
727
734
747
739
761
767
724
705
721
704
707
736
720
708
701
682
668
667
649
634
641
642
670
666
645
628
614
585
589
586
594
621
613
640
637
664
666
630
654
650
624
587
602
589
590
604
597
587
588
567
552
549
531
546
547
552
567
548
534
529
558
542
548
563
555
555
610
616
630
646
643
641
632
593
610
616
599
628
619
623
619
627
590
575
573
574
616
621
573
562
584
588
583
571
576
609
573
565
531
576
576
580
569
557
577
596
595
575
564
550
537
576
587
603
616
628
624
623
609
571
542
512
520
489
493
483
472
466
451
439
419
420
379
400
438
460
471
482
472
451
453
460
442
462
458
418
428
414
406
365
441
441
419
398
419
423
414
406
381
388
395
384
369
363
363
324
305
326
382
410
380
386
385
391
381
398
347
357
321
315
320
336
344
343
400
407
357
350
323
314
318
286
293
321
310
304
311
280
282
261
259
208
216
234
190
179
190
212
184
175
212
229
206
176
204
177
162
142
139
105
85
105
124
130
141
130
116
134
147
154
155
155
150
116
98
120
102
104
131
131
127
145
140
132
135
106
82
105
113
136
115
97
88
66
71
66
70
57
86
88
98
87
123
83
63
53
32
43
33
39
56
56
56
15
24
50
74
98
79
42
63
78
64
72
37
32
32
42
53
35
42
39
69
74
55
79
62
68
79
101
94
116
144
155
141
106
102
66
73
93
120
132
157
161
146
169
157
216
198
191
196
158
141
134
118
127
122
101
104
113
123
132
131
102
98
87
97
109
106
124
103
89
87
70
59
42
21
26
37
60
57
40
53
46
63
60
42
57
46
64
64
16
1
6
28
4
36
22
47
39
62
67
85
82
66
41
56
73
73
87
96
99
104
89
109
141
97
79
76
84
91
71
28
4
8
7
22
28
9
19
42
37
28
26
22
14
3
9
37
50
15
13
26
80
84
99
65
85
90
104
119
76
68
81
54
66
59
54
36
35
49
53
49
37
20
25
45
33
18
22
36
27
15
10
1
10
7
20
37
29
53
13
6
2
9
2
4
7
30
62
83
78
44
16
41
55
20
8
15
40
43
65
38
45
52
43
109
110
72
52
37
59
46
62
76
67
67
26
42
3
1
6
2
12
2
30
36
36
9
15
52
46
48
53
41
56
85
107
123
112
122
125
124
122
132
123
122
115
122
120
104
134
132
111
90
80
71
82
91
118
109
122
122
102
128
142
177
155
164
179
158
160
184
205
241
257
252
216
234
193
195
178
179
162
123
149
148
193
179
215
227
224
195
178
192
155
162
143
149
132
101
123
117
93
75
94
90
101
117
84
78
77
76
70
79
91
45
43
17
30
44
52
64
116
122
127
126
128
166
146
152
171
157
152
179
216
231
251
296
310
279
276
297
286
300
301
291
291
280
248
297
308
297
271
272
258
270
283
285
311
278
292
299
319
331
356
330
342
326
330
330
353
354
362
388
391
388
378
388
375
379
399
407
397
368
347
359
326
336
328
332
336
350
352
347
344
341
355
362
372
361
364
368
315
315
322
298
284
281
268
254
243
237
208
217
186
185
178
145
155
110
83
92
93
68
75
72
100
129
141
148
161
170
180
177
189
210
168
157
146
157
154
167
141
141
137
116
115
112
112
148
88
91
104
91
92
75
74
80
97
103
95
104
134
140
142
117
110
83
90
87
117
134
141
166
211
190
167
176
183
179
185
167
167
162
178
182
175
152
146
147
120
101
109
82
76
62
73
70
51
66
78
70
89
48
61
46
46
13
22
14
20
44
66
48
10
41
22
17
50
27
28
33
52
73
94
95
88
89
84
71
66
82
83
49
41
37
46
59
83
77
62
88
95
77
58
52
51
19
56
22
34
18
21
10
1
24
30
20
15
10
17
9
25
20
63
80
102
106
114
137
168
177
176
167
145
154
170
163
177
172
160
153
142
136
163
158
155
147
156
190
184
201
148
119
156
172
162
177
186
183
227
261
268
305
300
313
296
279
304
268
265
281
279
272
277
272
269
260
255
248
241
237
216
233
233
228
238
202
175
175
179
168
202
200
187
205
221
256
252
276
272
251
271
239
222
220
213
191
217
235
250
246
243
239
261
222
208
205
172
168
156
171
177
176
180
175
234
253
278
274
245
245
245
258
281
260
267
321
282
303
316
302
287
301
320
309
308
312
314
320
338
308
337
348
360
381
361
347
362
392
349
376
352
333
342
347
326
314
308
333
328
326
300
297
306
297
310
304
305
272
279
241
237
257
256
261
280
310
313
298
278
277
286
285
279
290
264
274
262
249
225
217
188
186
183
184
175
187
186
156
193
157
164
182
158
153
129
147
140
151
161
130
103
80
76
47
52
51
38
17
25
37
32
21
3
48
70
83
46
9
9
2
4
32
72
91
88
70
86
62
56
48
45
28
9
11
9
13
21
49
43
9
9
18
29
7
20
14
16
45
45
45
51
44
58
43
61
73
64
51
44
60
47
95
112
127
108
99
154
157
193
175
158
168
142
120
94
106
107
77
62
48
70
31
28
16
30
39
51
53
48
32
25
25
30
52
39
34
44
24
13
4
4
16
4
5
43
66
66
71
45
73
29
33
46
33
52
41
38
7
11
33
46
50
17
37
30
6
7
8
27
32
41
38
55
92
75
78
52
33
23
33
9
15
6
5
4
32
25
12
18
26
10
5
45
24
7
2
11
25
38
48
51
32
51
51
59
66
45
44
4
11
14
37
34
57
87
100
88
57
35
45
27
13
16
26
26
25
60
51
41
36
35
50
78
49
50
73
56
52
51
67
52
53
65
58
40
63
76
72
100
119
112
121
125
134
153
154
164
119
104
131
70
76
48
74
77
89
158
182
166
168
186
184
197
183
164
185
207
201
221
217
217
253
246
253
297
284
332
313
307
327
329
299
325
332
339
343
324
371
394
409
404
411
414
399
385
402
420
431
439
448
452
460
460
447
450
443
477
488
533
542
545
567
586
547
574
574
555
545
541
551
555
530
526
516
497
509
501
505
534
554
541
523
506
535
547
518
469
470
484
488
477
514
540
520
522
480
484
462
492
474
463
425
401
417
419
415
441
445
448
467
474
493
518
527
555
534
532
544
542
558
558
592
592
567
553
568
559
537
512
505
486
474
470
476
498
544
564
555
535
543
540
564
578
605
624
589
563
537
524
549
553
537
575
562
532
534
543
539
560
572
568
576
562
540
533
556
579
578
613
632
635
665
639
628
649
672
703
686
656
621
650
654
674
657
666
658
653
631
633
614
640
655
675
664
630
642
632
645
641
640
651
660
672
674
669
675
663
681
702
737
756
774
781
807
784
762
760
781
786
818
832
840
869
869
895
922
942
949
952
948
954
937
927
911
879
855
817
837
867
825
841
834
856
865
857
842
819
833
846
859
854
824
820
812
816
824
847
868
868
853
848
836
838
808
789
817
815
819
827
850
838
835
819
830
822
813
799
788
777
751
736
735
691
667
653
671
697
705
694
692
653
618
610
622
613
618
654
661
670
651
671
680
670
669
649
652
634
648
688
651
678
687
662
654
645
672
668
691
698
684
676
695
709
682
707
708
748
744
736
773
760
753
749
740
765
732
730
733
727
739
733
728
711
753
747
742
738
724
746
729
709
669
650
636
647
652
671
666
665
648
646
672
624
588
588
593
607
580
588
605
579
561
539
578
597
588
602
634
618
587
586
557
560
572
599
588
578
557
582
585
589
603
623
600
631
662
648
666
671
666
650
618
621
622
617
628
661
687
723
694
680
669
672
675
691
657
651
630
656
640
639
665
636
646
628
631
638
629
598
602
611
622
612
653
641
631
641
626
636
590
569
602
584
603
623
644
663
668
612
619
610
616
619
647
635
628
585
599
593
611
637
645
622
635
673
653
674
693
678
682
706
718
736
740
775
778
779
747
755
772
761
766
788
792
781
802
766
773
779
782
814
803
823
843
817
821
833
847
844
823
825
783
766
771
750
772
726
726
698
689
688
693
696
671
669
654
642
648
648
687
719
701
675
680
666
617
628
628
621
624
610
628
606
612
624
643
668
707
736
755
730
748
766
787
752
724
724
724
733
759
744
723
741
750
739
741
710
690
731
714
720
716
723
721
730
719
727
754
719
708
679
673
677
687
676
679
628
597
599
606
605
588
568
574
577
588
603
627
628
610
624
596
603
617
614
625
636
642
625
624
622
614
592
604
582
607
629
632
659
643
632
652
690
686
688
673
655
655
662
672
654
655
670
652
656
696
724
743
715
736
737
752
756
756
732
746
739
728
681
677
670
658
654
673
669
694
745
759
770
788
799
740
732
712
719
755
755
755
785
805
793
784
821
826
798
816
829
821
795
805
788
789
796
773
745
731
711
741
768
754
724
727
718
710
761
729
721
716
722
712
691
658
696
692
698
698
673
670
663
652
675
631
634
609
639
651
657
644
667
636
670
628
635
661
666
671
656
669
638
629
610
588
616
681
660
674
663
645
629
651
689
690
682
690
715
698
707
671
678
671
660
636
622
626
642
617
621
629
629
619
626
618
617
676
663
660
656
655
656
669
684
666
638
643
651
617
617
630
677
665
650
656
638
612
612
600
583
594
599
590
605
614
656
627
646
638
667
613
619
604
578
551
551
538
518
544
591
585
576
574
546
572
532
517
515
521
522
493
481
472
459
472
454
443
448
444
442
453
419
401
384
389
372
386
402
364
404
391
375
368
369
364
360
390
386
398
378
367
385
380
388
387
405
388
362
381
357
346
333
380
365
367
378
355
375
370
385
365
359
368
366
347
351
359
369
375
394
419
419
415
445
421
410
423
401
409
421
423
434
432
441
459
462
445
456
458
441
467
431
444
438
423
471
448
458
498
482
484
495
495
507
509
504
504
557
561
611
587
612
607
588
592
606
591
612
597
603
596
583
587
614
641
686
686
701
717
702
707
685
622
625
606
612
606
611
620
610
611
606
588
607
619
609
608
633
634
618
624
624
619
599
589
581
572
584
581
554
602
627
664
670
685
701
719
719
748
751
748
749
786
773
739
741
761
741
769
771
722
733
758
773
786
804
822
848
864
870
882
883
902
897
923
939
946
939
961
996
991
989
990
985
996
1013
1024
1007
990
934
938
932
896
863
874
849
847
848
863
852
803
828
828
838
846
870
862
870
849
829
811
754
723
695
663
604
594
628
586
600
585
610
607
612
583
567
580
588
605
597
598
595
603
621
632
621
587
610
612
608
675
664
666
636
663
683
670
670
654
644
652
647
607
635
632
638
666
666
657
678
675
655
673
657
705
679
678
654
659
631
629
671
652
648
656
665
671
693
677
682
662
630
636
646
621
652
666
680
680
718
738
764
766
769
753
777
784
805
764
767
776
752
773
754
767
745
710
734
708
692
704
734
706
708
709
682
681
679
636
650
660
695
680
704
706
701
701
689
674
671
688
658
623
618
620
605
595
590
546
538
498
497
514
509
517
520
499
507
516
484
509
534
548
558
544
549
550
594
584
601
618
656
663
668
667
668
687
670
647
632
641
630
621
601
602
608
602
630
655
652
634
640
635
632
625
600
571
580
585
591
599
615
583
601
590
621
626
631
631
669
660
637
616
628
666
642
636
601
622
608
599
558
576
566
573
552
531
541
522
536
552
558
555
559
543
505
509
518
538
554
570
533
533
529
518
528
524
526
509
511
487
483
466
451
478
476
509
501
489
501
494
503
473
491
446
493
500
495
497
520
502
480
457
470
466
487
464
494
506
556
573
599
587
580
580
595
572
561
553
525
525
526
527
516
493
492
465
420
427
409
419
435
447
424
418
436
412
376
362
378
382
400
416
419
400
416
418
411
408
427
426
435
405
371
392
372
400
405
387
381
359
346
344
328
352
341
325
363
372
374
386
381
347
361
367
376
355
353
323
322
357
356
352
327
325
304
317
327
314
311
294
286
286
285
298
300
262
266
271
245
244
276
298
293
261
297
305
332
365
367
361
351
346
323
342
337
320
331
324
316
269
254
256
233
203
241
280
307
262
264
270
299
333
336
344
366
373
411
417
364
404
394
451
435
442
475
467
479
471
484
465
476
468
491
463
458
424
422
421
400
434
445
438
401
421
449
434
430
412
430
396
384
381
380
348
334
324
338
354
317
310
289
315
310
347
323
290
296
297
280
263
265
292
278
258
255
274
252
242
208
219
233
261
267
279
272
267
291
319
346
366
372
417
400
431
424
434
412
435
423
430
429
419
422
430
393
357
343
362
351
349
318
298
330
328
301
305
333
292
261
273
214
241
212
201
184
163
166
162
141
125
134
127
177
157
132
144
173
206
199
191
228
209
230
227
208
201
190
135
153
167
152
146
109
94
91
125
126
146
147
138
109
124
141
166
148
172
197
181
167
176
143
139
144
142
145
155
183
185
193
208
196
176
152
150
107
129
123
125
143
103
103
118
133
152
190
196
225
222
179
183
190
186
190
191
229
232
241
205
183
182
207
175
158
181
184
189
207
189
216
215
189
165
150
147
158
120
145
139
126
129
80
91
118
137
133
83
62
79
84
71
67
44
47
48
55
2
15
31
28
35
70
102
89
80
88
111
93
94
123
88
87
87
109
92
99
106
112
105
120
113
110
139
141
133
149
166
177
181
158
156
150
154
116
94
52
35
40
34
4
10
1
25
23
14
6
55
55
91
97
98
107
99
41
28
33
23
36
19
31
10
10
8
37
20
59
86
85
61
67
76
59
41
49
15
49
31
15
24
14
1
66
54
33
42
64
44
80
89
64
62
38
87
97
89
105
119
144
159
177
190
170
164
167
154
152
155
124
111
102
84
102
100
94
67
71
96
78
61
58
60
57
47
32
32
41
38
57
36
48
27
20
34
11
12
18
9
11
21
12
18
16
38
34
4
49
37
31
8
25
22
22
11
30
51
50
42
44
46
52
75
82
92
96
125
143
140
120
94
91
138
142
192
184
156
162
176
177
166
172
166
167
167
192
168
151
126
118
108
99
82
96
41
52
70
114
95
74
48
37
68
65
64
92
65
54
27
27
5
13
10
6
2
3
43
15
16
25
17
37
27
27
22
43
45
27
27
37
45
53
28
39
70
48
15
37
23
49
47
62
44
50
46
59
56
79
58
68
34
65
51
64
59
70
66
59
67
74
27
66
106
80
130
125
98
95
54
27
10
41
49
53
68
100
83
82
75
91
82
86
76
57
49
49
29
63
53
49
61
43
50
25
25
11
22
26
24
30
17
10
5
36
46
23
36
6
17
24
14
17
1
2
55
47
57
76
107
84
64
96
82
117
138
124
164
179
154
146
111
137
119
133
141
141
144
117
123
104
133
144
153
159
160
212
206
204
232
235
242
235
256
275
289
295
277
261
260
273
294
268
265
228
219
206
218
231
220
221
222
244
216
224
209
195
186
175
183
184
138
124
143
153
122
122
146
158
196
184
207
237
239
241
238
244
258
257
261
286
304
299
282
290
287
265
264
253
257
267
250
266
237
228
239
231
223
227
248
209
198
206
197
214
230
205
205
192
182
203
202
184
208
190
192
166
141
138
171
166
190
207
220
229
196
182
165
127
100
60
52
58
44
62
62
70
38
44
31
3
25
28
55
35
43
70
68
83
103
109
99
85
84
136
138
146
138
140
179
170
193
177
219
234
197
194
160
142
126
121
124
118
149
140
163
193
220
229
209
184
207
242
242
219
222
200
207
206
236
253
234
233
245
221
196
157
180
174
172
186
161
145
156
126
72
30
42
58
78
98
115
107
85
78
80
73
62
88
117
111
112
140
123
125
122
132
138
127
120
119
137
149
160
166
172
159
143
123
102
88
79
123
144
122
83
106
64
89
94
82
88
88
86
27
29
41
62
84
58
34
43
72
94
83
77
131
138
144
124
148
171
171
159
167
160
151
141
105
103
103
114
97
92
119
138
104
90
129
121
153
175
169
164
166
177
141
168
190
164
151
152
180
182
158
188
217
209
223
210
196
198
221
249
251
275
289
323
303
313
307
294
289
307
295
297
304
322
314
303
287
274
226
233
238
217
231
216
198
182
181
214
224
202
197
204
177
170
171
164
166
147
144
126
133
110
122
118
117
133
154
178
204
201
194
215
194
208
207
201
178
148
107
120
115
100
71
100
108
129
127
139
152
128
117
145
131
106
107
67
47
29
42
31
44
42
43
39
45
31
38
41
38
54
5
3
1
32
57
70
40
59
68
83
72
73
65
23
23
38
33
32
22
28
34
22
16
2
3
33
23
59
51
64
62
65
61
70
55
24
32
52
50
9
8
45
63
63
70
91
88
91
108
95
79
62
40
23
14
10
18
8
25
9
42
25
38
