248
100
265
109
430
82
249
63
352
69
280
56
236
94
447
75
692
87
755
100
872
92
1089
126
983
159
832
163
823
162
1004
174
1216
185
1137
190
1282
172
1125
176
1181
185
1390
146
1162
165
1242
191
1028
197
1183
208
1413
228
1658
260
1569
274
1516
275
1463
293
1337
276
1159
275
1363
288
1493
267
1639
277
1807
263
2056
247
1981
237
2128
194
2289
195
2370
193
2596
179
2565
169
2408
182
2271
208
2125
210
2364
193
2196
191
2261
165
2444
160
2505
173
2592
157
2718
138
2902
146
2951
144
3033
124
3188
128
3202
143
3407
134
3607
137
3689
132
3619
126
3530
131
3476
129
3289
124
3154
108
3064
101
3184
114
3194
113
3298
97
3080
114
3263
123
3075
144
3013
127
3097
112
3030
95
2860
102
2723
98
2689
102
2760
99
2751
87
2771
38
2592
47
2393
13
2427
11
2370
31
2447
15
2351
33
2420
34
2178
22
2039
52
2239
77
2157
75
1948
87
2067
50
2235
51
2393
61
2526
32
2740
34
2836
40
2930
27
2882
8
2675
4
2640
1
2433
14
2472
17
2663
30
2649
16
2438
4
2325
22
2127
23
2148
2
2101
1
1940
9
1782
2
1958
22
1850
30
1989
15
1742
18
1568
15
1615
29
1383
33
1358
22
1291
34
1498
49
1396
41
1377
63
1526
85
1401
78
1590
88
1614
46
1557
45
1379
55
1208
41
1065
16
1049
79
1079
88
1141
132
1316
145
1150
153
1176
145
1033
163
1219
155
1456
149
1415
190
1647
172
1844
168
1974
165
1732
171
1974
188
2064
190
1872
176
1738
221
1548
228
1682
226
1639
236
1863
209
1716
221
1965
196
2132
189
2037
196
1891
173
1702
164
1895
180
2009
225
2194
220
2312
213
2455
248
2287
256
2531
246
2419
236
2257
248
2029
280
1826
235
1810
216
1912
214
1918
172
2088
162
1872
140
1986
147
2039
142
1854
124
1831
119
1663
83
1530
82
1392
65
1320
50
1481
43
1493
38
1325
65
1091
71
1200
68
968
56
776
49
618
101
514
129
303
123
461
118
596
114
748
117
511
132
687
126
805
152
826
141
1042
141
1229
169
1164
180
1227
179
1408
183
1385
158
1375
145
1390
129
1468
82
1221
53
1269
60
1129
55
1176
44
1303
32
1188
27
1344
53
1221
75
1116
62
1033
76
1022
101
819
134
983
161
839
161
881
144
826
137
924
142
904
121
831
109
860
104
832
65
688
63
840
66
775
59
562
54
443
49
554
48
516
49
474
93
517
85
631
61
873
44
976
62
1007
69
903
80
976
66
936
58
951
54
897
39
1026
55
797
85
620
54
370
54
130
54
346
89
436
101
479
115
685
114
685
70
802
61
903
62
1085
20
971
25
878
1
1117
15
1196
11
1346
3
1178
16
1315
2
1134
7
994
20
843
37
663
12
641
3
804
9
754
15
631
12
381
35
429
44
413
36
527
44
443
55
326
50
547
52
456
36
298
35
244
41
22
61
44
103
84
113
11
99
186
84
244
70
272
87
140
89
291
84
390
61
208
52
425
25
407
52
555
44
650
50
754
69
649
71
419
71
484
49
242
19
112
5
208
12
258
28
55
50
89
30
30
35
120
3
14
3
104
5
206
2
269
12
484
17
586
31
429
13
459
33
673
59
827
61
749
33
617
62
838
79
868
103
736
81
860
71
818
68
832
54
713
40
547
5
447
16
241
9
4
25
157
16
288
3
47
2
217
4
77
2
299
9
442
35
413
67
435
47
532
57
476
32
567
9
603
66
577
46
380
35
160
25
312
27
243
42
442
43
303
71
455
62
499
85
737
84
940
84
1170
71
1381
113
1550
85
1621
99
1603
79
1406
88
1552
70
1331
94
1292
65
1472
86
1405
101
1610
93
1757
88
1802
91
1818
98
1921
86
1988
98
1757
111
1560
74
1681
68
1907
68
2065
70
2084
64
1950
51
1838
31
1904
52
2083
55
2224
47
2235
42
2174
47
2288
49
2412
25
2255
19
2201
43
2440
39
2551
25
2709
4
2848
3
3062
23
3159
74
3340
67
3178
105
3239
129
3042
113
3149
132
2942
135
3114
136
3231
193
3341
199
3266
194
3308
168
3183
178
3263
169
3365
164
3267
154
3122
181
3210
189
3247
193
3120
220
3078
196
2966
192
3140
180
3245
186
3044
162
2828
165
3075
137
2940
176
3100
163
3239
162
3258
141
3326
152
3260
149
3438
165
3559
147
3498
153
3629
173
3740
160
3626
137
3399
140
3375
147
3182
134
3180
133
3327
139
3407
156
3627
152
3755
152
3892
138
3683
148
3882
173
3661
147
3513
165
3312
156
3066
170
3315
203
3275
216
3148
224
3170
225
3208
203
3355
208
3583
213
3562
206
3619
202
3471
209
3583
188
3483
189
3409
206
3632
170
3694
172
3852
183
3821
160
3747
136
3777
144
3630
112
3792
87
3765
61
3945
66
3762
69
3725
76
3687
48
3568
33
3781
30
4008
23
4086
37
4327
38
4312
38
4409
65
4326
104
4475
91
4683
116
4893
97
4654
94
4812
73
4686
82
4566
90
4599
65
4606
43
4535
51
4528
82
4762
95
4733
85
4961
73
5020
106
4860
116
4851
127
4855
112
4752
149
4650
131
4700
152
4767
172
4722
162
4572
168
4663
189
4710
200
4800
208
4624
196
4530
187
4300
160
4473
169
4258
175
4314
172
4092
170
4200
175
4274
159
4353
139
4258
113
4350
127
4114
131
3963
179
3714
197
3612
205
3464
205
3276
218
3243
237
3141
201
2894
165
3063
173
2844
181
2768
192
2820
222
3044
203
2963
234
3036
243
3025
231
2788
244
3000
257
3208
253
3071
263
2887
241
2981
198
3066
224
2941
216
3165
222
3366
213
3493
203
3405
198
3247
186
3042
199
3167
206
3401
189
3526
191
3626
176
3709
150
3524
136
3447
139
3642
109
3538
122
3682
122
3491
156
3384
170
3357
168
3567
153
3651
176
3769
146
3863
98
3815
96
3740
140
3817
114
3973
126
3920
130
4166
120
4233
97
4145
104
4162
111
4259
128
4455
132
4228
138
4204
123
3958
75
3787
76
3601
59
3441
66
3304
38
3165
48
3200
74
3144
100
2918
110
3076
140
3258
171
3435
165
3454
145
3262
118
3205
85
3354
109
3391
89
3414
108
3504
129
3729
72
3495
97
3627
137
3514
124
3625
123
3427
119
3498
119
3619
137
3570
122
3612
154
3470
163
3633
158
3659
140
3508
182
3404
165
3478
150
3317
128
3103
135
2931
132
2707
131
2727
109
2586
88
2535
96
2520
101
2311
82
2366
108
2523
98
2547
74
2769
84
2950
103
2926
68
2702
64
2876
49
3003
53
3071
83
2918
93
2685
95
2493
83
2591
106
2763
108
2548
151
2550
141
2330
142
2472
141
2485
159
2509
135
2539
134
2289
164
2241
145
2029
147
2095
176
1904
208
1897
218
1927
186
1976
175
2007
169
2227
211
2055
233
1837
235
1769
207
1645
178
1653
181
1444
199
1374
178
1200
190
1302
154
1192
142
1184
159
1332
146
1295
131
1173
131
1243
151
1371
150
1379
126
1284
130
1313
115
1556
111
1683
109
1657
80
1569
63
1592
54
1769
28
1824
2
1845
24
1665
49
1908
66
1720
126
1913
131
2031
117
2179
107
2156
76
2181
67
2403
66
2189
41
2346
55
2236
76
2479
107
2545
76
2724
93
2857
111
2831
132
2874
123
2671
135
2747
116
2972
123
3215
127
3355
125
3150
125
3374
142
3491
152
3601
162
3794
187
3893
195
3840
211
3710
196
3491
219
3538
229
3662
227
3498
225
3740
180
3760
200
3582
192
3676
181
3790
201
3836
219
3892
220
4083
247
4317
249
4161
236
3946
236
4022
204
4002
215
4200
235
4101
242
4044
238
3816
224
3834
229
3910
255
3775
238
4016
231
4155
223
4122
217
4137
227
4314
218
4108
216
4195
229
4321
243
4161
281
4027
300
4127
318
4064
322
4294
272
4404
247
4515
218
4709
215
4693
234
4650
243
4813
251
4875
247
4789
250
4724
232
4686
245
4741
258
4495
214
4405
253
4463
270
4527
267
4349
280
4583
270
4380
268
4334
288
4509
296
4300
326
4221
304
4061
330
3832
371
3875
378
4015
370
4141
383
4207
397
4353
396
4200
391
4002
379
4139
404
3999
445
3933
423
3750
436
3590
440
3805
416
3914
390
3774
388
3968
398
4029
385
4179
412
4115
397
3895
413
3963
401
3929
377
3762
394
3759
399
3800
409
3957
409
3913
380
4032
388
3987
367
3834
349
3617
351
3824
357
4033
354
4277
362
4233
345
4458
334
4458
341
4618
354
4637
357
4479
362
4487
367
4701
325
4656
324
4437
350
4290
367
4493
350
4515
372
4500
349
4732
384
4549
347
4327
381
4351
399
4331
419
4387
380
4516
386
4665
405
4423
443
4404
424
4213
386
4186
358
4166
348
4250
341
4019
362
3905
368
3698
376
3598
376
3820
390
3859
415
3735
400
3916
414
3858
413
3966
377
3866
353
3639
378
3571
352
3797
320
3702
285
3725
284
3609
301
3802
307
3745
284
3710
298
3723
287
3536
277
3595
264
3376
243
3462
248
3595
232
3741
221
3990
194
4218
197
4155
201
4404
210
4398
217
4297
225
4105
239
4298
266
4392
238
4408
265
4554
251
4695
256
4834
233
4746
235
4587
233
4352
241
4500
210
4608
223
4399
229
4359
249
4233
262
4141
265
3909
283
3829
309
4037
315
3872
311
3821
355
3838
377
3707
352
3493
381
3488
391
3270
384
3070
359
2981
357
2859
357
2660
357
2641
327
2531
362
2335
359
2523
362
2743
346
2748
364
2515
369
2472
374
2483
359
2440
388
2277
385
2099
380
2072
398
2080
379
2241
403
2249
425
2213
439
2100
425
2007
400
1837
399
1991
418
1746
416
1890
420
1689
458
1923
458
1921
440
2102
449
2258
429
2306
417
2121
420
2079
389
2272
391
2108
401
2216
428
2402
458
2504
465
2657
495
2668
453
2903
452
2665
418
2802
427
2742
434
2514
401
2750
416
2661
438
2708
482
2846
486
2996
457
3180
439
3247
423
3239
414
2997
399
2938
385
3084
327
3328
320
3439
313
3600
292
3563
305
3545
307
3354
336
3213
362
3247
355
3170
351
3162
366
3049
328
3090
303
3095
323
3253
343
3073
332
3212
299
3452
280
3433
299
3624
317
3420
301
3256
317
3452
316
3669
281
3472
278
3499
275
3526
283
3474
303
3401
308
3413
313
3624
302
3769
307
3868
297
3930
313
4171
314
4195
320
4226
333
4413
334
4314
313
4112
288
4127
275
3942
252
3842
233
3946
213
3780
211
3881
223
3933
236
4063
248
3814
204
3604
179
3460
184
3270
195
3415
183
3408
197
3429
166
3533
162
3778
161
3827
161
4039
141
3942
179
3882
181
3686
183
3898
179
3775
177
3944
156
4047
194
4230
175
4352
168
4258
146
4279
181
4469
180
4699
201
4615
177
4420
191
4211
184
4169
180
3923
174
3732
178
3812
197
3664
198
3819
159
3657
194
3889
196
4036
173
3830
142
3990
180
3907
187
3679
180
3894
200
3719
185
3849
209
3960
237
4002
251
4128
226
4289
241
4485
245
4352
247
4396
248
4256
272
4316
287
4494
290
4734
301
4904
257
4952
270
4898
288
4929
303
4761
352
4644
356
4767
344
5013
361
5140
371
4924
390
5067
371
4864
355
5031
356
5118
345
5166
318
5035
294
4898
291
5134
325
4987
354
5036
378
5106
361
5097
348
5135
325
5114
357
5181
367
5366
356
5125
371
5079
380
5315
377
5441
391
5299
398
5206
394
5392
382
5549
369
5683
372
5893
369
6024
375
6197
399
5985
413
6063
397
5943
418
5762
431
5541
409
5465
411
5668
422
5580
414
5544
416
5342
415
5519
395
5441
390
5339
395
5205
379
4976
380
5051
365
5064
394
5155
407
5044
425
5070
379
5058
384
5056
384
5267
404
5181
396
5020
405
4934
409
4688
427
4755
436
4533
432
4603
401
4611
403
4839
366
4810
360
4830
358
4630
351
4799
319
4600
314
4759
340
4863
358
4994
342
4799
313
4871
304
4846
346
4752
333
4648
346
4651
353
4825
347
4952
383
4737
375
4585
365
4789
382
4708
376
4645
361
4842
355
4674
337
4801
331
4845
371
4651
391
4572
387
4543
394
4334
366
4087
335
4226
332
4274
341
4080
322
4011
313
4191
338
4168
356
3936
374
4122
385
3969
401
3817
427
3845
409
3718
369
3877
363
3850
357
3893
377
3726
389
3477
410
3582
426
3737
443
3973
459
3800
495
3909
526
4041
532
4061
501
4158
515
3974
493
4126
487
3933
469
4150
463
4229
434
4373
409
4252
394
4415
388
4529
433
4568
426
4652
442
4471
450
4241
428
4193
395
4296
401
4140
432
4078
408
4241
383
4196
384
4289
358
4293
312
4444
318
4410
350
4268
344
4395
320
4354
329
4179
305
4403
340
4510
324
4640
276
4671
227
4817
240
4683
250
4644
253
4570
243
4422
284
4354
288
4380
301
4521
276
4513
271
4270
261
4512
257
4555
295
4435
302
4191
302
4239
304
4385
269
4551
255
4594
282
4444
296
4336
298
4211
285
4425
299
4402
318
4604
304
4708
306
4720
317
4640
288
4886
309
4844
312
4782
338
4979
326
4957
335
4766
327
4792
340
4885
305
4670
331
4852
334
4713
338
4876
324
4629
276
4591
235
4610
239
4668
224
4519
227
4686
246
4761
261
4639
252
4740
237
4525
255
4520
246
4603
266
4690
245
4859
249
4654
256
4731
255
4906
291
5091
291
4880
305
4712
332
4586
309
4473
316
4663
324
4877
333
4711
341
4895
342
4945
318
4759
355
4797
361
4973
358
5023
341
4801
334
4918
373
4717
393
4527
425
4456
433
4303
459
4073
461
3946
461
3733
456
3844
459
3896
492
4036
505
4002
516
3885
488
3692
488
3668
491
3713
488
3762
483
3927
477
3968
503
3930
479
4046
461
3910
481
4117
502
4037
529
3816
536
3618
542
3681
547
3507
565
3705
590
3495
581
3715
567
3491
563
3405
572
3245
618
3188
636
3222
629
2992
630
3034
607
3154
588
3179
591
2933
550
3025
546
2900
529
3146
536
3170
539
3305
509
3277
496
3161
477
3124
485
3088
489
3214
493
3206
526
3411
539
3515
518
3699
509
3599
535
3502
549
3402
557
3372
546
3227
530
3423
517
3459
499
3241
469
3160
464
3137
471
3229
450
3417
430
3622
452
3649
452
3526
465
3426
496
3390
462
3304
450
3306
443
3336
428
3140
443
2928
425
2767
407
3004
427
3128
386
3046
399
3274
382
3196
369
3430
390
3227
414
3251
434
3035
477
2979
498
2850
515
2798
525
2734
546
2674
568
2427
560
2504
539
2366
513
2120
538
2048
513
1959
510
1845
524
1889
558
1650
524
1555
506
1373
481
1230
507
1415
536
1595
539
1395
544
1155
537
925
552
733
545
837
537
691
522
562
498
454
505
343
500
152
465
340
463
196
475
39
486
279
491
207
494
433
492
461
513
646
512
850
521
617
524
515
540
332
534
292
556
293
551
294
523
502
502
332
549
195
558
120
573
226
581
130
588
307
579
330
583
270
577
172
572
401
576
348
552
219
542
157
555
2
546
234
547
423
539
184
520
160
520
238
496
73
503
45
496
42
488
103
467
124
464
115
471
96
515
167
543
229
540
26
582
2
590
43
606
274
582
25
573
215
602
26
610
28
622
195
638
279
633
165
663
384
678
324
689
93
676
57
708
6
693
112
708
44
698
157
712
48
720
182
735
410
714
312
728
90
758
164
771
334
770
316
800
408
784
215
764
3
723
30
752
105
777
122
780
25
814
96
843
68
840
90
827
215
840
310
829
551
842
721
846
771
811
596
801
613
792
377
812
589
825
822
862
1069
884
1030
886
963
885
1105
914
1172
891
1311
895
1267
911
1465
906
1521
933
1442
918
1317
881
1215
878
1215
891
1250
882
1438
888
1459
861
1355
896
1208
891
983
926
1091
953
1162
961
1277
953
1426
932
1525
946
1708
919
1762
934
1579
940
1826
969
1713
978
1539
1006
1629
1029
1546
995
1624
987
1747
993
1623
1001
1401
992
1265
977
1419
985
1391
986
1437
977
1385
977
1223
983
1343
973
1379
1000
1517
979
1482
986
1545
998
1441
1003
1292
1000
1081
1000
1142
1015
1339
1045
1359
1067
1538
1076
1450
1075
1288
1090
1519
1085
1421
1073
1655
1060
1748
1100
1681
1113
1641
1078
1559
1108
1457
1107
1394
1150
1618
1126
1465
1096
1417
1110
1522
1099
1444
1111
1664
1141
1454
1160
1520
1128
1457
1122
1651
1067
1778
1054
1862
1055
2002
1063
2084
1076
2172
1085
2331
1086
2406
1053
2618
1042
2475
1062
2363
1076
2365
1059
2186
1049
2387
1091
2534
1083
2697
1056
2451
1039
2280
1032
2442
1021
2269
1028
2216
1023
2127
976
2172
984
2066
990
1832
1006
1670
997
1738
987
1701
966
1657
957
1695
962
1745
965
1690
956
1930
930
2163
919
2303
913
2165
915
2192
917
2067
930
1905
909
1994
936
1955
935
2064
943
2041
971
1909
961
1822
972
1622
962
1690
972
1615
962
1525
945
1774
935
1632
919
1682
927
1777
949
1856
974
2104
993
2191
991
1959
1021
1785
1049
1706
1013
1562
1013
1676
1035
1714
1027
1619
1042
1483
1060
1644
1067
1610
1039
1745
1006
1702
1024
1701
1028
1636
1039
1832
1030
1874
1029
2072
1024
1825
1026
1891
996
1778
992
1637
1022
1662
1025
1592
1020
1688
1000
1824
992
1744
940
1503
939
1701
961
1812
947
1963
937
1950
954
1933
988
1931
981
1840
1016
1798
1025
1839
1019
1872
1043
2038
1040
1874
1080
1885
1110
1946
1123
2061
1106
2171
1122
2051
1096
1958
1111
2127
1077
2310
1088
2156
1142
2310
1142
2497
1141
2564
1135
2729
1151
2598
1114
2521
1106
2598
1105
2805
1098
2633
1085
2487
1085
2559
1114
2367
1101
2119
1086
2161
1092
2301
1123
2459
1109
2548
1133
2357
1128
2297
1108
2278
1104
2202
1071
1966
1098
2126
1123
2203
1132
2110
1148
2115
1120
2343
1074
2531
1092
2529
1108
2373
1118
2622
1125
2742
1113
2948
1075
3177
1064
3420
1067
3196
1060
3053
1072
2810
1071
2588
1095
2353
1078
2217
1072
1983
1079
1948
1101
1807
1085
1929
1100
2157
1094
2349
1097
2498
1110
2707
1105
2826
1079
2915
1081
3000
1093
2987
1102
3027
1109
3137
1135
3209
1123
3230
1091
3164
1091
2990
1094
3010
1112
3086
1107
2957
1134
3135
1125
2955
1138
2893
1118
3070
1118
3299
1112
3214
1095
3368
1109
3236
1126
3352
1148
3304
1145
3266
1113
3501
1095
3577
1116
3656
1123
3761
1073
3879
1080
4075
1062
4025
1081
4037
1114
3927
1167
4165
1140
4065
1142
3895
1119
4025
1138
3888
1150
4035
1162
3793
1195
3635
1209
3724
1190
3731
1177
3822
1169
3976
1168
3866
1148
3883
1159
4049
1155
3882
1163
4063
1164
4173
1151
4265
1147
4263
1131
4124
1117
3936
1122
4000
1119
4116
1095
3943
1081
3736
1086
3880
1083
4013
1048
4076
1042
3987
1045
3811
1046
3827
1058
3989
1065
4203
1091
4034
1095
3811
1118
3724
1127
3853
1115
3671
1127
3711
1143
3759
1092
3892
1096
3699
1091
3498
1091
3325
1130
3383
1117
3137
1142
3082
1136
3159
1135
3379
1133
3336
1131
3192
1131
3418
1109
3168
1117
3385
1124
3331
1132
3133
1130
3331
1182
3085
1176
3206
1144
3266
1167
3086
1191
3301
1194
3105
1183
3169
1119
2932
1132
2849
1161
2703
1179
2766
1189
2824
1184
2796
1152
2830
1152
2920
1157
3074
1154
3217
1154
3213
1168
3139
1163
3023
1167
3260
1188
3421
1169
3438
1177
3396
1179
3176
1203
3107
1241
3121
1239
3344
1247
3197
1259
2978
1293
2843
1260
2677
1243
2717
1254
2856
1248
2984
1238
2854
1228
2929
1249
2695
1237
2698
1268
2618
1262
2614
1249
2840
1232
3049
1232
3044
1260
3178
1231
3028
1197
2956
1201
2757
1197
2680
1195
2433
1177
2624
1187
2468
1130
2293
1106
2383
1132
2133
1119
2009
1128
2184
1162
1985
1172
2178
1138
2413
1137
2617
1149
2708
1156
2907
1162
2892
1150
2839
1139
2814
1165
2925
1187
3075
1145
3100
1148
2913
1151
3064
1163
2956
1171
2907
1164
2691
1162
2461
1129
2643
1162
2408
1161
2335
1159
2404
1214
2390
1248
2513
1307
2303
1295
2406
1337
2166
1366
1990
1396
1961
1426
2039
1436
1969
1423
1846
1438
1660
1458
1822
1446
1928
1427
2168
1429
1942
1421
1949
1448
1991
1434
1863
1459
1767
1457
1974
1463
1889
1462
1859
1470
1947
1477
1976
1482
2127
1464
2012
1455
2052
1484
2178
1461
2241
1453
2098
1450
2171
1483
2353
1486
2567
1451
2607
1466
2663
1501
2560
1461
2694
1460
2856
1484
2721
1521
2555
1549
2376
1544
2494
1536
2424
1532
2327
1531
2260
1552
2355
1551
2491
1531
2669
1529
2542
1541
2655
1509
2792
1466
2674
1451
2908
1377
2961
1361
3061
1366
2883
1367
3128
1377
3372
1373
3560
1375
3735
1349
3504
1352
3535
1345
3412
1333
3536
1321
3703
1307
3864
1300
3850
1319
4088
1319
4136
1335
4028
1351
3797
1365
3596
1319
3533
1332
3720
1351
3605
1365
3397
1370
3587
1349
3434
1348
3606
1337
3805
1365
4007
1359
4014
1343
3825
1302
3756
1311
3652
1307
3686
1309
3439
1345
3217
1357
2998
1355
3066
1362
3070
1333
3019
1347
3161
1351
2959
1357
2855
1332
3048
1325
2832
1284
2994
1290
3086
1296
3305
1309
3426
1302
3500
1310
3653
1367
3537
1359
3640
1313
3804
1358
3983
1391
3990
1381
4193
1342
4246
1321
4205
1296
4042
1280
4103
1275
4075
1297
4082
1347
3939
1355
4054
1384
4153
1399
4249
1392
4441
1423
4322
1429
4381
1440
4191
1447
4434
1449
4191
1485
4066
1497
3964
1513
4129
1498
4217
1508
4160
1519
4251
1526
4476
1519
4504
1533
4511
1523
4406
1526
4280
1527
4047
1510
4187
1521
4382
1498
4364
1471
4466
1443
4253
1399
4069
1406
3855
1405
3650
1386
3888
1359
4064
1349
3928
1313
4009
1308
4064
1350
4226
1377
4240
1363
4360
1389
4562
1382
4489
1395
4571
1390
4742
1390
4979
1360
5099
1364
5248
1392
5034
1393
5141
1391
5003
1380
4978
1389
4749
1418
4567
1426
4670
1410
4447
1375
4589
1336
4727
1354
4642
1379
4564
1403
4333
1399
4220
1401
4458
1393
4641
1412
4801
1413
4563
1441
4584
1492
4729
1501
4540
1460
4320
1459
4267
1449
4359
1479
4440
1466
4565
1495
4332
1460
4529
1463
4514
1465
4530
1466
4375
1470
4432
1468
4183
1471
4113
1498
3877
1486
3724
1494
3612
1476
3789
1482
3656
1500
3689
1492
3794
1509
3914
1513
4025
1498
4233
1510
4354
1560
4450
1606
4208
1584
4385
1586
4302
1599
4256
1601
4251
1594
4201
1601
4243
1647
4271
1645
4055
1611
3893
1644
4058
1658
3956
1654
4155
1635
4204
1616
4297
1612
4384
1593
4200
1619
4189
1645
4235
1622
4147
1637
4238
1596
4087
1560
4003
1563
3862
1545
3933
1529
3883
1587
3694
1591
3687
1570
3514
1577
3368
1584
3372
1563
3567
1565
3513
1563
3578
1548
3495
1582
3284
1633
3528
1617
3607
1601
3400
1653
3491
1659
3426
1655
3641
1669
3885
1640
3692
1672
3653
1661
3732
1678
3653
1675
3657
1657
3721
1634
3841
1632
4034
1628
4075
1634
4217
1623
4405
1631
4510
1615
4309
1609
4185
1586
4400
1573
4381
1605
4416
1634
4378
1608
4152
1630
4364
1632
4518
1632
4365
1634
4555
1681
4648
1673
4586
1691
4417
1685
4436
1752
4659
1740
4812
1753
4947
1770
5151
1802
5114
1815
5177
1816
5089
1813
4889
1808
4869
1794
5112
1789
5095
1744
4948
1739
4707
1789
4782
1800
4729
1795
4931
1761
4967
1750
4731
1740
4773
1733
4704
1759
4503
1744
4470
1762
4553
1717
4493
1714
4680
1728
4752
1760
4625
1783
4401
1757
4355
1751
4274
1741
4415
1740
4233
1710
4006
1709
4036
1703
4169
1726
3968
1706
3801
1735
3705
1758
3786
1744
3835
1765
3696
1759
3680
1766
3438
1723
3189
1737
3389
1727
3324
1709
3424
1698
3406
1707
3256
1720
3170
1680
3032
1656
2976
1660
2877
1695
2980
1704
2829
1718
2675
1745
2440
1724
2413
1736
2264
1752
2400
1764
2376
1754
2553
1731
2614
1737
2754
1748
2876
1743
2695
1713
2528
1706
2418
1707
2473
1706
2505
1710
2417
1694
2561
1696
2635
1702
2691
1723
2739
1753
2798
1754
2742
1734
2621
1740
2637
1750
2712
1735
2518
1722
2732
1733
2678
1702
2654
1716
2807
1711
2908
1687
3066
1693
2895
1661
2814
1649
3038
1639
2894
1661
2887
1650
2668
1687
2849
1697
2904
1674
3032
1679
3219
1689
3200
1732
3372
1723
3504
1707
3631
1694
3803
1666
3781
1666
3798
1644
3842
1670
3983
1653
3789
1617
3932
1622
3744
1633
3756
1640
3914
1663
4064
1674
3968
1688
4175
1679
4286
1686
4483
1692
4703
1675
4569
1671
4645
1646
4765
1690
4696
1704
4863
1670
4645
1648
4620
1688
4455
1690
4241
1719
4026
1671
4201
1715
4308
1699
4218
1731
4247
1730
4150
1715
4313
1740
4253
1744
4450
1754
4474
1783
4573
1796
4773
1788
4870
1793
4977
1761
4788
1730
4966
1706
4853
1726
4669
1675
4888
1673
5018
1667
5007
1683
5246
1658
5339
1629
5428
1593
5183
1549
5130
1574
5107
1533
5260
1554
5191
1502
5127
1475
4903
1486
5001
1449
5173
1418
5284
1406
5068
1419
5115
1386
5342
1381
5406
1404
5391
1409
5450
1411
5244
1428
5457
1409
5217
1429
5042
1399
4915
1406
4963
1388
5040
1414
5207
1429
5134
1417
5048
1409
4859
1413
4828
1409
5050
1392
4878
1418
4658
1390
4679
1426
4684
1407
4488
1408
4416
1389
4621
1387
4657
1421
4415
1425
4619
1431
4518
1425
4696
1446
4659
1474
4441
1483
4546
1481
4672
1486
4691
1527
4527
1530
4627
1540
4821
1566
5055
1546
5154
1556
5321
1592
5501
1570
5291
1572
5178
1576
4999
1574
5011
1594
4881
1603
4664
1589
4781
1606
4575
1567
4641
1576
4804
1570
4966
1565
4849
1558
4818
1536
4869
1520
5114
1523
5280
1527
5288
1556
5196
1556
5436
1579
5285
1563
5131
1549
5032
1565
4928
1580
5094
1578
5273
1539
5099
1524
4923
1512
5004
1527
4956
1528
4724
1542
4823
1525
5071
1530
5095
1557
5037
1578
4793
1594
4598
1606
4819
1559
4658
1578
4735
1588
4774
1560
4763
1574
4700
1594
4741
1582
4842
1567
4707
1579
4470
1578
4579
1568
4750
1571
4844
1559
4819
1575
4648
1587
4438
1598
4303
1600
4524
1632
4708
1622
4813
1638
4727
1624
4908
1624
4669
1606
4467
1631
4699
1609
4456
1576
4700
1581
4920
1585
4879
1569
4930
1587
5153
1583
5063
1559
5236
1519
5176
1503
5415
1503
5553
1510
5502
1532
5618
1548
5713
1527
5465
1509
5454
1534
5504
1505
5406
1510
5482
1487
5524
1492
5329
1506
5547
1452
5556
1421
5445
1388
5689
1388
5911
1357
5813
1338
5744
1373
5786
1342
5917
1350
6082
1333
6282
1350
6176
1388
6204
1388
6296
1402
6101
1401
5864
1406
5668
1383
5598
1381
5723
1402
5616
1402
5413
1401
5307
1395
5451
1373
5203
1385
5078
1390
4844
1403
4823
1394
5037
1365
5225
1367
5279
1370
5305
1370
5375
1332
5409
1336
5348
1335
5407
1314
5613
1296
5667
1319
5808
1348
5989
1342
6081
1382
5991
1369
6106
1370
6043
1359
5846
1345
5971
1389
5866
1390
5861
1386
5896
1359
6002
1369
5799
1396
5970
1409
5831
1403
5937
1370
5846
1375
5872
1344
5881
1351
6117
1375
5962
1352
5770
1347
5598
1327
5685
1342
5645
1353
5768
1386
5936
1397
6065
1405
5873
1420
5654
1455
5577
1452
5766
1481
5754
1445
5920
1415
5926
1413
5888
1429
6028
1416
6244
1407
6044
1439
6035
1453
5904
1465
6067
1482
6061
1499
6191
1500
6373
1525
6362
1486
6155
1500
6315
1506
6135
1515
6235
1487
6132
1510
6052
1494
6117
1481
6174
1478
6132
1449
6117
1456
5874
1479
5626
1470
5704
1492
5689
1480
5485
1493
5249
1511
5372
1516
5293
1499
5422
1540
5638
1495
5811
1499
5685
1510
5804
1523
5558
1525
5558
1514
5517
1541
5676
1525
5877
1502
5963
1505
5956
1491
5852
1488
5980
1505
5820
1514
5945
1533
5849
1516
5936
1536
5767
1549
5820
1573
5815
1571
5783
1582
5882
1592
5873
1569
5971
1552
6112
1554
6021
1569
6262
1563
6072
1558
5924
1599
6038
1616
6261
1629
6196
1631
6421
1609
6304
1584
6073
1586
6099
1581
6062
1580
6266
1601
6129
1577
6103
1570
6332
1568
6123
1602
6272
1625
6126
1616
6328
1610
6223
1612
6019
1605
6053
1604
6103
1554
6219
1537
6307
1539
6532
1572
6424
1594
6202
1607
6450
1605
6649
1592
6407
1578
6406
1556
6560
1548
6359
1581
6135
1579
6182
1582
6036
1613
5985
1629
6051
1613
6016
1587
6120
1584
6161
1600
6089
1624
6116
1605
6327
1611
6535
1616
6685
1614
6850
1606
6692
1580
6560
1550
6568
1549
6385
1569
6139
1572
6218
1595
6014
1611
6042
1608
5893
1599
5679
1600
5879
1594
5893
1587
6132
1546
6225
1531
6354
1535
6294
1518
6302
1522
6510
1550
6480
1577
6525
1595
6299
1589
6536
1541
6431
1564
6631
1561
6646
1550
6418
1552
6445
1576
6228
1575
6154
1577
6313
1564
6293
1546
6503
1515
6319
1489
6140
1482
6369
1468
6303
1463
6197
1488
6340
1486
6221
1510
6363
1507
6605
1494
6632
1467
6582
1483
6817
1470
6948
1481
6798
1487
6828
1441
6663
1440
6582
1460
6675
1460
6906
1473
6727
1438
6607
1438
6744
1417
6830
1407
7042
1404
7223
1398
7002
1352
7138
1345
7272
1332
7456
1349
7702
1314
7589
1295
7549
1310
7530
1323
7301
1323
7502
1313
7322
1308
7315
1317
7202
1280
7084
1266
6952
1246
6976
1239
7180
1218
7363
1248
7479
1240
7658
1234
7636
1231
7435
1195
7274
1182
7476
1164
7350
1150
7439
1177
7641
1173
7631
1192
7736
1146
7966
1151
7979
1141
8208
1121
8010
1108
8017
1100
8020
1104
7974
1079
7887
1094
7996
1119
7864
1117
8112
1090
7930
1069
7770
1072
7663
1069
7478
1056
7241
1096
7301
1079
7162
1075
7218
1090
7182
1099
7123
1079
7358
1046
7520
1061
7589
1056
7371
1087
7350
1088
7486
1083
7383
1070
7148
1102
7167
1132
7351
1143
7507
1147
7266
1125
7250
1092
7357
1101
7378
1140
7610
1124
7540
1119
7657
1116
7704
1116
7854
1107
7976
1167
8129
1147
7913
1163
7698
1168
7922
1185
7971
1224
7979
1183
7757
1160
7694
1182
7704
1194
7812
1158
7911
1174
8157
1159
8204
1205
8065
1182
8289
1153
8267
1177
8388
1197
8423
1185
8397
1179
8462
1171
8390
1155
8547
1169
8460
1133
8299
1136
8293
1120
8237
1129
8165
1112
8041
1114
8114
1109
8065
1125
7874
1105
7839
1114
7958
1122
8165
1101
8183
1117
8088
1117
8262
1130
8171
1132
8048
1135
8263
1133
8403
1165
8404
1186
8436
1158
8444
1183
8605
1178
8838
1159
8894
1172
8890
1152
8869
1153
8713
1146
8493
1131
8245
1135
8372
1157
8355
1122
8529
1123
8367
1141
8343
1116
8503
1104
8295
1117
8531
1097
8525
1119
8421
1121
8648
1133
8877
1158
8993
1169
9114
1175
9259
1158
9310
1143
9140
1156
9114
1153
9106
1128
9109
1152
9206
1139
9223
1130
9289
1137
9210
1129
9063
1102
8866
1127
8797
1123
8566
1090
8569
1064
8446
1059
8529
1072
8566
1074
8669
1056
8453
1066
8284
1050
8404
1078
8319
1107
8469
1098
8287
1097
8529
1087
8545
1087
8726
1058
8928
1029
8962
1072
8775
1034
8588
1040
8404
1005
8292
1002
8449
1036
8537
1023
8748
1019
8592
1027
8381
1025
8589
1034
8729
1037
8957
1008
9021
1009
9243
1041
9399
1103
9588
1102
9453
1112
9419
1096
9548
1108
9324
1081
9521
1098
9582
1090
9668
1100
9492
1096
9509
1085
9658
1078
9788
1100
9740
1093
9637
1094
9677
1110
9784
1138
9614
1143
9708
1170
9591
1144
9364
1141
9186
1136
9407
1165
9198
1147
9328
1138
9512
1143
9571
1133
9551
1120
9516
1084
9650
1087
9607
1060
9428
1097
9674
1077
9683
1114
9452
1091
9264
1066
9258
1063
9357
1043
9573
1029
9336
1034
9563
1040
9458
1044
9360
998
9263
1056
9110
1066
9261
1051
9366
1026
9269
992
9447
991
9671
993
9701
1018
9754
1018
9844
997
9769
976
9536
984
9470
1007
9386
991
9198
969
9148
982
8957
975
8770
941
8800
902
8892
896
9054
916
8885
942
8846
930
8856
957
8707
950
8695
944
8537
956
8441
925
8222
931
8282
945
8349
947
8502
984
8490
985
8635
1005
8558
1000
8754
975
8962
975
8738
965
8512
973
8574
976
8517
1020
8711
1035
8488
1046
8684
1043
8614
1044
8569
1027
8760
1014
8696
1008
8736
1002
8813
998
8889
1036
8787
993
8704
996
8501
1010
8495
1017
8423
985
8618
994
8721
997
8819
1009
8677
1018
8633
1026
8764
1002
8907
982
9016
988
9208
990
9306
996
9150
1012
9390
1022
9279
1029
9519
1012
9614
1040
9707
1019
9775
1007
9901
996
9780
999
9829
1010
9838
996
9623
990
9498
983
9653
1009
9797
967
9852
930
10100
946
10222
949
10340
965
10363
958
10480
997
10439
987
10370
961
10236
978
10018
997
9987
997
9759
1017
9629
1006
9777
994
9808
1000
9853
989
9941
998
9997
1026
10152
1012
9961
987
10144
983
10199
995
10015
987
10178
985
10424
991
10487
991
10384
979
10474
951
10408
948
10452
957
10553
949
10460
926
10680
938
10837
923
10877
907
10876
928
10943
907
11039
914
11091
888
10984
888
10793
893
10854
935
11006
907
10868
897
10740
867
10590
868
10607
888
10683
838
10712
869
10876
862
10939
867
10851
853
10888
843
10836
847
10708
834
10535
838
10399
826
10337
807
10416
833
10664
850
10635
841
10611
876
10515
845
10641
855
10695
890
10847
888
10607
890
10735
897
10502
903
10736
880
10672
861
10593
898
10690
953
10440
970
10415
974
10585
949
10706
937
10515
934
10599
907
10808
913
10969
878
10778
896
10982
881
10746
873
10968
902
10849
884
11014
919
11255
925
11103
914
10916
912
10871
915
10726
929
10888
903
10977
922
10834
948
10855
923
10865
962
10786
942
10667
922
10469
950
10649
940
10726
941
10797
971
10933
986
11140
936
10982
958
11182
954
11303
983
11226
989
11147
992
11333
978
11391
994
11178
974
11373
964
11350
975
11159
976
10972
1026
11109
1038
11152
1062
11317
1049
11370
1101
11445
1106
11600
1096
11533
1071
11626
1054
11767
1056
11598
1048
11820
1020
11985
1026
11795
997
11886
1006
11701
1008
11758
992
11819
998
11851
997
11712
991
11878
1021
11744
1023
11521
1032
11577
1057
11426
1059
11333
1089
11142
1069
11308
1051
11398
1021
11621
1039
11722
1048
11908
1079
12033
1051
12092
1014
12010
995
11906
988
12066
989
12124
1006
11885
1012
11971
995
12100
1008
12224
984
12325
963
12313
972
12554
949
12603
940
12688
943
12753
952
12724
986
12731
994
12927
965
12883
1000
12967
980
12771
976
12541
952
12680
917
12907
895
13111
904
13198
947
13033
924
13272
924
13188
903
13381
901
13492
923
13429
895
13259
920
13277
888
13117
882
12867
846
13067
830
12831
821
12614
804
12373
805
12158
790
12251
793
12034
749
12098
751
12196
759
11951
781
11805
788
11602
757
11545
750
11627
745
11612
723
11785
742
11925
744
11687
725
11787
748
12002
718
11846
689
11789
702
11847
711
11882
721
11829
742
11599
733
11761
731
11803
715
11762
757
11979
758
12062
728
12236
743
12118
755
11927
775
11772
776
11968
776
11975
789
11847
781
11702
820
11702
822
11895
781
12106
763
12301
764
12232
767
12184
788
12384
751
12283
751
12408
726
12545
702
12532
704
12400
684
12489
681
12451
693
12626
692
12836
670
12623
665
12702
669
12505
689
12592
670
12769
690
12791
708
12562
734
12553
736
12728
737
12613
730
12743
729
12648
723
12624
705
12778
713
12813
680
12949
667
13171
686
13054
649
13269
650
13029
648
13252
659
13247
684
13143
667
13362
644
13120
649
13255
668
13246
683
13161
665
13334
653
13346
656
13408
639
13481
632
13250
602
13025
596
13240
580
13180
629
13260
631
13302
647
13352
685
13151
695
13030
717
13110
690
13117
715
12918
717
13096
729
13219
700
13157
686
13066
698
12846
666
12816
674
13007
688
13099
695
13197
705
13023
701
13002
714
13063
698
13096
704
13066
729
13282
757
13105
721
13135
740
13031
750
13040
750
13210
768
13195
772
13151
746
13213
757
13345
737
13186
745
13199
714
13203
693
13124
709
13049
703
13295
716
13530
718
13739
721
13690
706
13822
668
13572
689
13729
693
13742
665
13874
664
14028
673
14195
653
14270
635
14414
647
14288
620
14214
572
14310
551
14242
538
14142
527
14102
551
13857
554
13928
565
13878
567
13820
593
13992
552
13913
560
14128
537
14021
545
14027
569
14083
604
14223
607
14463
627
14535
603
14654
646
14877
659
15123
631
15189
628
15103
618
15239
619
15407
616
15608
626
15624
613
15627
628
15780
661
15735
645
15574
663
15381
680
15366
690
15350
702
15314
709
15439
733
15675
735
15802
707
16018
704
16093
730
16114
742
16096
759
16291
762
16463
728
16352
726
16113
728
16114
747
15938
774
15846
758
15733
746
15897
759
15973
775
16221
779
16181
775
15986
762
15935
740
15776
784
15687
778
15757
770
15814
748
15959
737
15973
732
16126
717
16156
705
16357
700
16116
701
16221
693
16389
683
16166
670
16240
681
16298
700
16180
697
16028
678
16032
662
16209
699
16030
685
16154
665
16033
713
16262
702
16048
746
16082
771
16276
797
16092
815
15913
816
15663
815
15441
788
15458
794
15628
785
15676
767
15547
782
15531
791
15338
805
15224
813
15060
810
14937
847
14866
824
14852
827
14785
823
14867
789
14811
794
14882
827
14662
810
14536
801
14410
785
14579
802
14469
771
14692
775
14751
794
14845
804
14982
832
14952
807
14815
831
14637
809
14733
809
14721
817
14573
794
14544
771
14545
761
14518
744
14497
782
14709
807
14589
845
14541
822
14591
799
14802
806
14651
789
14593
794
14812
815
14700
813
14764
830
14967
808
14730
833
14728
813
14974
774
14853
768
14768
737
14540
732
14484
737
14587
723
14554
699
14780
716
14653
747
14760
722
14674
713
14743
687
14525
649
14434
638
14584
636
14656
590
14732
600
14706
608
14937
613
14693
634
14888
619
14694
651
14758
656
14514
669
14623
695
14449
641
14445
634
14244
648
14052
666
14228
678
14193
692
14198
675
14202
702
14374
713
14395
696
14455
697
14231
690
14096
697
14247
681
14151
688
14314
696
14250
705
14438
696
14278
706
14423
670
14267
686
14069
708
14072
742
13925
742
13858
739
13920
708
13987
721
14096
711
13894
726
14049
715
14246
683
14357
706
14346
705
14163
720
14169
718
14205
690
14164
652
13949
647
14032
659
13930
661
14099
637
14063
646
14312
638
14324
651
14402
679
14292
680
14352
656
14360
607
14174
622
14236
618
14426
602
14277
612
14504
615
14729
627
14834
609
15052
623
15191
604
15199
608
15402
590
15586
560
15477
578
15357
586
15581
588
15535
601
15703
654
15467
654
15702
672
15888
686
15939
708
16143
684
16256
706
16360
665
16485
661
16524
658
16439
673
16651
674
16733
662
16706
661
16806
626
17047
635
16840
602
16760
579
16946
563
17032
591
17267
605
17483
587
17663
587
17795
581
17672
548
17694
550
17534
560
17437
559
17637
544
17577
554
17743
544
17507
573
17421
575
17416
586
17604
573
17557
594
17381
589
17347
573
17430
591
17383
604
17540
604
17667
632
17676
647
17712
623
17759
626
17794
624
17681
612
17752
577
17997
579
17979
566
18012
610
18259
590
18282
560
18260
557
18077
503
18291
501
18185
489
18133
460
18355
467
18363
438
18587
429
18351
450
18506
412
18436
432
18438
429
18638
455
18523
481
18362
461
18274
472
18499
478
18737
486
18530
461
18303
457
18223
456
18425
479
18395
482
18510
488
18652
509
18645
501
18698
470
18931
446
18795
449
18918
462
18748
446
18907
442
18862
407
18636
392
18406
369
18644
384
18394
382
18318
370
18369
349
18319
339
18510
335
18725
327
18877
303
19022
278
19127
267
19158
279
18919
254
18767
274
18575
280
18521
284
18715
257
18745
249
18876
298
18909
309
18760
305
18686
286
18721
300
18797
254
19012
234
18973
236
19000
228
18767
211
18880
190
18881
159
19094
115
18877
145
18860
164
18676
149
18696
154
18644
160
18865
168
18713
142
18646
141
18535
115
18769
118
18644
131
18788
107
18645
136
18677
155
18629
165
18560
157
18564
173
18406
187
18638
149
18403
150
18400
169
18400
141
18327
162
18081
184
17924
165
18072
149
17949
157
17812
143
17599
137
17476
128
17545
126
17640
149
17576
175
17638
210
17568
192
17738
174
17955
134
17788
112
17544
119
17426
117
17520
129
17352
127
17302
96
17112
108
16943
94
16722
78
16746
83
16514
84
16713
80
16797
93
16876
106
16993
129
16900
139
17046
124
17156
151
17007
181
17132
227
17239
231
17445
216
17267
196
17188
168
17153
186
17191
190
17260
175
17432
200
17403
194
17605
206
17532
199
17311
225
17496
216
17558
202
17801
193
17558
198
17681
219
17804
204
17883
237
17805
239
17914
229
18118
219
18363
226
18313
249
18434
248
18378
252
18344
282
18393
269
18441
274
18528
272
18286
296
18331
300
18111
265
17972
267
17960
269
17815
214
17724
193
17886
218
18023
219
18070
189
17840
161
18084
184
18205
156
18044
171
18274
157
18202
143
18129
187
18034
178
18143
186
18303
179
18155
216
18181
211
18352
208
18246
196
18278
186
18124
211
18320
223
18158
210
18299
174
18460
180
18406
183
18489
204
18442
236
18195
254
17983
233
17966
267
18025
236
18213
267
18403
258
18581
206
18623
191
18505
164
18540
175
18295
205
18269
208
18451
204
18688
198
18798
224
18669
203
18555
201
18760
224
18830
196
18729
204
18864
171
19086
167
19011
177
19040
190
18959
182
18894
140
18873
109
19078
133
18885
107
18681
103
18433
111
18371
120
18249
100
18320
107
18436
118
18201
118
18379
115
18394
118
18584
151
18583
124
18605
128
18383
137
18515
139
18734
128
18710
94
18584
74
18638
76
18429
59
18361
63
18338
77
18514
46
18579
52
18486
64
18537
69
18695
73
18883
67
18821
75
18646
56
18398
47
18250
9
18379
8
18563
19
18548
23
18384
38
18187
30
17981
9
18200
19
18382
16
18352
5
18413
39
18342
40
18365
21
18438
41
18507
33
18426
30
18561
41
18402
79
18491
84
18657
71
18729
76
18682
76
18915
86
18749
112
18758
115
18685
136
18576
105
18558
121
18740
134
18822
144
18690
143
18701
140
18601
140
18696
152
18690
168
18723
212
18558
209
18601
187
18462
173
18473
180
18286
193
18038
186
17978
196
18122
221
17897
209
17686
181
17713
170
17526
194
17298
184
17404
182
17389
223
17457
193
17324
176
17468
201
17406
221
17533
223
17691
176
17901
182
17926
183
17956
209
18122
190
18295
190
18409
199
18615
174
18717
167
18811
142
18636
131
18469
157
18602
151
18589
119
18491
103
18578
123
18538
100
18448
127
18692
134
18635
169
18788
167
18641
164
18716
165
18776
185
19007
196
19028
161
18979
144
18770
131
18902
143
18772
155
18806
158
18795
141
19035
129
18960
139
18773
142
18560
118
18791
115
18879
139
18909
135
18964
138
19021
151
19002
165
19154
162
19099
163
19123
165
18928
186
19087
207
19072
212
18852
221
18610
195
18844
182
18666
158
18829
178
18741
156
18866
132
18635
111
18564
105
18352
132
18222
118
18295
130
18481
133
18395
129
18420
124
18304
152
18128
137
17926
130
17914
116
17991
116
17764
143
18008
127
17791
115
17937
136
18179
138
18340
148
18120
152
18298
141
18220
126
18100
126
17879
133
17774
119
17972
144
18081
147
18146
155
18004
184
17913
127
17929
118
17921
127
18083
130
18067
130
18020
151
18017
121
17822
132
17769
77
17691
36
17687
25
17843
17
17819
6
17855
26
18045
65
17867
86
17799
98
17770
93
17577
111
17573
86
17565
99
17618
94
17485
96
17269
116
17363
140
17262
110
17104
128
17079
161
16923
166
16793
192
17025
161
16916
133
16722
138
16628
143
16685
156
16526
163
16301
164
16155
192
16263
233
16115
200
16214
192
16145
186
16391
196
16633
164
16872
143
17070
135
16824
96
17009
96
17083
128
16982
129
17021
135
16922
107
16874
104
16656
111
16461
105
16559
66
16352
56
16448
60
16398
86
16480
96
16553
69
16750
74
16825
77
16913
73
16785
95
16555
74
16390
82
16370
73
16273
66
16428
45
16258
41
16375
27
16546
6
16332
4
16201
57
16342
73
16523
71
16296
56
16066
95
15845
122
15985
122
16064
118
16031
133
15854
109
15829
78
15758
92
15945
113
16049
128
15886
110
16089
125
16273
68
16418
49
16584
22
16599
39
16691
45
16827
28
16842
64
16776
81
16765
83
16536
57
16581
79
16334
81
16204
80
16081
116
15966
107
16143
114
15908
125
15854
132
15673
127
15889
141
16034
157
16203
118
16234
117
16396
75
16518
77
16271
74
16118
49
16209
68
16260
63
16358
33
16249
42
16199
16
16407
33
16361
18
16330
22
16273
6
16504
34
16699
40
16947
26
17150
33
16905
45
16671
60
16681
49
16781
32
16713
58
16656
74
16766
74
16952
92
16939
78
16982
68
16932
76
16967
83
16852
63
16784
56
16789
55
16829
78
16953
87
16901
118
16745
82
16968
94
17190
78
17138
63
17291
58
17285
57
17123
77
17101
51
17111
79
17028
85
17123
85
17277
58
17386
60
17286
63
17527
78
17759
92
17600
95
17615
108
17790
130
17911
129
17740
148
17514
148
17373
140
17222
123
17210
130
17299
162
17153
135
17294
126
17466
124
17258
101
17038
135
17236
160
17319
155
17315
175
17167
209
17163
229
17020
252
17253
277
17079
266
17092
242
17048
263
17278
255
17257
233
17208
210
17218
241
17098
255
17304
251
17323
223
17507
187
17574
170
17786
155
17608
152
17409
173
17630
169
17748
237
17515
217
17599
216
17404
200
17650
188
17596
169
17385
168
17347
177
17528
188
17438
192
17673
157
17650
134
17566
128
17594
142
17578
142
17375
91
17363
93
17160
125
17105
140
16870
147
16939
142
16999
123
16758
99
16782
104
16922
91
17092
83
16950
81
17100
86
16902
88
16888
85
16953
67
16871
43
16844
72
16812
72
17006
74
16976
61
17101
50
16980
59
17129
76
17157
98
17148
108
17040
143
17006
153
16934
143
16943
128
17129
121
17190
111
17096
111
17257
116
17114
142
17191
152
17267
161
17277
173
17157
185
17036
194
16917
213
16885
186
16794
184
16569
181
16571
213
16409
224
16206
229
16132
232
15914
246
15747
243
15502
252
15639
208
15551
175
15525
119
15296
152
15540
167
15681
196
15850
200
15667
215
15637
237
15517
242
15286
248
15273
229
15484
223
15415
221
15522
212
15364
201
15479
190
15269
177
15145
218
15242
225
15324
237
15287
271
15200
312
15337
320
15320
315
15282
317
15066
323
15051
294
14820
317
14668
359
14430
346
14261
356
14063
352
14253
345
14082
388
14013
404
14097
377
13945
365
13761
349
13564
386
13651
367
13775
356
13684
362
13790
377
14039
396
13918
385
13994
393
14145
422
14284
452
14169
423
14093
434
14219
433
14216
431
14414
454
14290
431
14088
394
13991
367
14018
342
13982
346
14209
313
14386
311
14522
305
14717
287
14896
293
15063
261
14923
258
15043
260
14802
273
14649
256
14507
258
14577
244
14401
235
14469
233
14282
231
14397
233
14417
227
14303
197
14095
184
13950
127
14183
115
14312
89
14272
99
14448
103
14358
129
14522
104
14739
93
14631
81
14828
65
14766
70
14917
50
14745
80
14528
58
14634
41
14870
66
14996
64
14990
80
14788
34
14676
61
14543
69
14545
79
14713
139
14748
108
14886
103
14648
120
14721
101
14583
156
14418
145
14311
132
14315
132
14292
122
14248
113
14086
120
14185
115
14384
105
14284
60
14069
39
14190
49
14177
53
13928
54
14105
85
13902
98
13662
89
13890
135
13964
122
14095
143
14124
131
14020
132
14241
175
14039
221
13869
208
14094
220
14149
217
14382
197
14399
201
14180
222
14320
190
14332
161
14390
159
14208
126
14350
132
14159
136
13957
114
14104
66
14178
59
14036
37
14269
19
14369
31
14356
80
14165
62
13971
62
14215
91
14430
100
14350
126
14323
113
14224
117
14234
133
14383
125
14552
113
14578
109
14412
128
14199
107
14048
53
14058
34
14150
62
14374
48
14129
49
13879
41
13677
67
13611
87
13844
69
13676
98
13867
132
13649
99
13788
129
13804
123
13848
139
13615
139
13468
131
13711
132
13602
123
13655
142
13815
130
13843
143
14002
173
14000
158
13833
161
13658
163
13814
181
13693
176
13930
164
13799
159
13866
136
14109
145
14252
141
14436
153
14326
175
14452
189
14396
172
14438
171
14218
158
14398
152
14181
167
14011
155
13808
156
13577
171
13727
194
13919
177
13855
188
13840
174
13673
198
13766
198
13854
191
13994
194
14034
216
13899
174
13691
179
13771
198
13740
200
13693
206
13513
230
13661
228
13415
220
13644
230
13781
261
13849
227
13986
219
13744
228
13533
278
13562
273
13339
224
13390
241
13349
267
13361
243
13394
250
13556
278
13664
307
13829
296
13834
280
13821
304
13819
313
13581
299
13618
306
13692
312
13923
296
13819
277
14044
306
14003
296
14151
289
14111
286
14015
322
13962
264
13893
282
13836
309
13622
263
13424
278
13585
264
13642
271
13861
254
13786
261
13925
293
14060
331
13887
344
14080
334
14027
287
14050
282
14268
276
14227
261
13979
288
13822
281
13748
297
13570
284
13423
274
13394
289
13607
247
13670
225
13723
209
13697
177
13770
172
13591
185
13581
187
13604
193
13482
202
13682
215
13612
182
13395
159
13459
192
13448
196
13421
166
13343
162
13263
150
13028
139
13249
122
13384
136
13633
113
13706
66
13548
64
13763
41
13822
81
13681
97
13458
75
13497
79
13683
83
13626
83
13672
63
13711
62
13615
61
13708
109
13934
124
13999
107
14136
127
14084
142
13889
170
14127
179
14265
202
14094
207
14003
202
14136
189
14260
182
14128
201
14060
206
14181
177
14113
143
14317
116
14484
93
14365
79
14347
99
14099
88
14070
112
13866
101
13654
121
13586
162
13786
142
13876
138
13669
138
13425
128
13255
112
13388
105
13384
106
13396
105
13384
93
13503
89
13725
82
13576
103
13653
79
13467
84
13486
44
13338
55
13572
57
13469
71
13612
65
13721
90
13481
93
13534
89
13666
114
13572
105
13395
71
13613
68
13734
23
13919
9
14087
15
13863
43
13876
26
13675
13
13447
15
13203
12
13085
23
13157
19
12945
27
13175
21
12975
39
13046
63
12956
25
12859
11
12816
17
12618
13
12758
23
12939
20
12772
8
12535
2
12477
23
12663
49
12794
63
12899
68
12845
64
12972
18
12758
12
12906
28
13114
63
12982
35
13072
21
12830
32
12651
54
12637
77
12739
56
12511
51
12429
21
12198
41
12372
34
12442
8
12384
44
12251
68
12347
78
12559
80
12484
88
12436
65
12510
61
12724
82
12686
77
12790
85
12622
53
12602
33
12693
29
12923
50
13069
42
13296
54
13238
62
13171
53
13154
46
13216
63
13289
75
13257
61
13397
88
13267
91
13081
48
12994
37
13114
31
12981
3
12804
14
12969
22
13069
33
13003
29
12861
31
12971
25
12998
8
13155
10
13021
10
12813
12
12736
27
12852
22
12928
13
13093
19
12892
28
12915
37
12856
26
12907
17
12869
10
13013
12
12984
7
13227
18
13472
25
13559
41
13499
9
13634
11
13387
4
13356
5
13555
13
13746
20
13926
39
14159
43
14326
93
14491
140
14487
150
14617
112
14515
117
14437
119
14385
128
14416
141
14653
109
14428
158
14182
143
14026
117
14075
96
14182
103
14143
115
14041
137
14138
141
14201
157
14276
166
14262
166
14204
145
14242
154
14336
179
14514
186
14302
175
14164
195
14174
179
13936
161
13774
175
13782
175
13846
157
13969
148
14212
131
14427
136
14185
129
14123
137
14184
141
14024
120
14180
131
14268
158
14283
150
14384
153
14556
161
14768
177
14688
188
14558
174
14561
170
14356
177
14114
175
14075
193
14156
219
14267
215
14071
248
14263
259
14479
231
14686
200
14660
199
14654
174
14667
212
14482
212
14411
184
14485
197
14588
221
14644
217
14473
234
14571
268
14810
264
14950
260
14865
294
14867
300
14901
315
15076
332
14829
364
14837
388
14728
425
14501
440
14330
444
14306
436
14163
429
14057
403
14225
401
14384
426
14522
445
14448
455
14676
473
14621
477
14446
478
14457
461
14261
448
14022
451
13920
474
13935
495
13945
492
13719
495
13655
523
13434
526
13484
531
13427
519
13599
492
13725
485
13712
473
13942
468
14076
449
14167
449
14315
438
14521
448
14272
407
14509
420
14580
422
14811
406
14767
389
14645
403
14646
385
14629
367
14406
339
14390
320
14296
327
14397
323
14197
298
14233
311
13993
314
14003
304
14200
338
14259
327
14274
329
14149
271
14218
299
14298
293
14415
257
14242
267
14420
258
14254
245
14354
262
14296
283
14111
278
14309
295
14483
304
14308
303
14129
276
13988
304
14059
287
14218
272
14097
286
14081
256
14054
253
14038
242
14248
247
14379
262
14142
203
14218
201
14389
219
14443
218
14373
208
14300
206
14538
211
14337
223
14504
228
14612
206
14582
165
14486
169
14246
187
14094
162
14070
169
14124
174
13875
198
13814
201
14007
216
14119
250
14359
248
14265
208
14238
194
14222
165
14309
162
14501
158
14387
160
14336
168
14320
189
14531
186
14297
212
14465
204
14654
217
14513
230
14383
230
14290
233
14531
241
14519
219
14380
225
14484
241
14318
266
14142
273
14375
254
14574
281
14466
289
14565
249
14521
278
14292
317
14335
317
14192
306
14239
301
14319
292
14209
295
14373
253
14512
234
14691
242
14827
274
15040
252
15175
291
15246
267
15416
271
15296
260
15121
257
15094
269
15278
255
15341
252
15383
243
15352
225
15366
203
15444
216
15211
240
14961
242
14804
234
14985
235
15042
226
14876
251
14910
248
14981
216
15073
201
14890
176
14687
208
14716
238
14768
259
14620
255
14790
246
15024
240
15103
261
15259
241
15136
233
15275
216
15429
218
15279
167
15250
183
15482
175
15630
196
15851
176
15996
172
16022
136
16239
177
16032
146
15845
138
15697
128
15846
112
15823
101
15598
127
15699
146
15709
122
15574
123
15463
121
15329
130
15547
124
15463
108
15242
134
15025
137
14996
137
14985
117
14744
135
14667
144
14774
134
14634
150
14500
126
14604
100
14708
93
14828
59
14980
52
14898
25
15081
26
14958
10
14981
4
14949
9
14823
2
14651
3
14555
73
14570
36
14767
49
14811
27
14893
45
14860
34
14844
48
14987
62
15011
64
14874
48
