248 348
613 722
1152 1234
1483 1546
1898 1967
2247 2303
2539 2633
3080 3155
3847 3934
4689 4789
5661 5753
6842 6968
7951 8110
8942 9105
9928 10090
11094 11268
12484 12669
13806 13996
15278 15450
16575 16751
17932 18117
19507 19653
20815 20980
22222 22413
23441 23638
24821 25029
26442 26670
28328 28588
30157 30431
31947 32222
33685 33978
35315 35591
36750 37025
38388 38676
40169 40436
42075 42352
44159 44422
46478 46725
48706 48943
51071 51265
53554 53749
56119 56312
58908 59087
61652 61821
64229 64411
66682 66890
69015 69225
71589 71782
73978 74169
76430 76595
79039 79199
81704 81877
84469 84626
87344 87482
90384 90530
93481 93625
96658 96782
99970 100098
103300 103443
106850 106984
110591 110728
114417 114549
118168 118294
121824 121955
125431 125560
128849 128973
132127 132235
135299 135400
138584 138698
141892 142005
145303 145400
148480 148594
151857 151980
155055 155199
158212 158339
161436 161548
164578 164673
167533 167635
170358 170456
173145 173247
176007 176106
178857 178944
181715 181753
184345 184392
186785 186798
189225 189236
191606 191637
194084 194099
196450 196483
198903 198937
201115 201137
203176 203228
205467 205544
207701 207776
209724 209811
211878 211928
214163 214214
216607 216668
219194 219226
221966 222000
224836 224876
227806 227833
230715 230723
233398 233402
236042 236043
238476 238490
240962 240979
243642 243672
246321 246337
248775 248779
251104 251126
253253 253276
255424 255426
257527 257528
259468 259477
261259 261261
263219 263241
265091 265121
267110 267125
268867 268885
270453 270468
272083 272112
273495 273528
274886 274908
276199 276233
277731 277780
279176 279217
280594 280657
282183 282268
283669 283747
285337 285425
287039 287085
288642 288687
290066 290121
291329 291370
292435 292451
293500 293579
294658 294746
295887 296019
297335 297480
298630 298783
299959 300104
301137 301300
302519 302674
304130 304279
305694 305884
307531 307703
309547 309715
311689 311854
313586 313757
315731 315919
317983 318173
320045 320221
321959 322180
323728 323956
325638 325864
327503 327739
329602 329811
331527 331748
333713 333909
336041 336230
338267 338463
340354 340527
342229 342393
344288 344468
346477 346702
348896 349116
351428 351641
354096 354344
356631 356887
359418 359664
362083 362319
364576 364824
366853 367133
368959 369194
371004 371220
373132 373346
375264 375436
377524 377686
379558 379698
381684 381831
383870 384012
385866 385990
387821 387940
389603 389686
391216 391298
392690 392755
394075 394125
395606 395649
397142 397180
398505 398570
399661 399732
400932 401000
401968 402024
402800 402849
403467 403568
404082 404211
404514 404637
405098 405216
405812 405926
406674 406791
407302 407434
408121 408247
409052 409204
410030 410171
411213 411354
412583 412752
413916 414096
415323 415502
416910 417093
418478 418636
420011 420156
421546 421675
423143 423225
424446 424499
425768 425828
426957 427012
428188 428232
429535 429567
430755 430782
432126 432179
433400 433475
434591 434653
435686 435762
436784 436885
437704 437838
438821 438982
439821 439982
440863 441007
441833 441970
442894 443036
443940 444061
444892 445001
445861 445965
446797 446862
447550 447613
448453 448519
449294 449353
449915 449969
450412 450461
451015 451063
451579 451628
452102 452195
452712 452797
453428 453489
454362 454406
455382 455444
456451 456520
457423 457503
458479 458545
459481 459539
460490 460544
461441 461480
462506 462561
463358 463443
464063 464117
464487 464541
464671 464725
465071 465160
465596 465697
466176 466291
466976 467090
467775 467845
468647 468708
469611 469673
470758 470778
471749 471774
472652 472653
473770 473785
474981 474992
476338 476341
477519 477535
478850 478852
479986 479993
480987 481007
481850 481887
482550 482562
483203 483206
484010 484019
484773 484788
485419 485431
485812 485847
486276 486320
486733 486769
487296 487340
487783 487838
488164 488214
488761 488813
489269 489305
489603 489638
489882 489923
489945 490006
490050 490153
490237 490350
490361 490460
490646 490730
490974 491044
491316 491403
491543 491632
491923 492007
492397 492458
492666 492718
493143 493168
493575 493627
494182 494226
494876 494926
495680 495749
496398 496469
496888 496959
497443 497492
497734 497753
497865 497870
498078 498090
498348 498376
498431 498481
498570 498600
498630 498665
498785 498788
498802 498805
498909 498914
499120 499122
499391 499403
499887 499904
500490 500521
500950 500963
501422 501455
502128 502187
503014 503075
503824 503857
504474 504536
505374 505453
506321 506424
507160 507241
508101 508172
508990 509058
509890 509944
510657 510697
511244 511249
511696 511712
511953 511962
511966 511991
512148 512164
512452 512455
512502 512504
512721 512725
512802 512804
513103 513112
513554 513589
514002 514069
514504 514551
515083 515140
515616 515648
516215 516224
516827 516893
517470 517516
517896 517931
518091 518116
518428 518455
518698 518740
519182 519225
519528 519599
520054 520116
520615 520700
521437 521521
522461 522545
523715 523786
525167 525280
526830 526915
528536 528635
530238 530317
531723 531811
533363 533433
534764 534858
536150 536215
537687 537773
539178 539279
540889 540982
542739 542827
544629 544720
546538 546636
548557 548643
550631 550729
552486 552597
554157 554231
555912 555980
557887 557955
560020 560090
562174 562238
564188 564239
566077 566108
568012 568064
570147 570202
572426 572473
574708 574750
576924 576971
579259 579308
581720 581745
584000 584019
586220 586263
588703 588742
591293 591318
594027 594031
596879 596882
599944 599967
603126 603200
606540 606607
609785 609890
613129 613258
616300 616413
619562 619694
622636 622771
625885 626021
629252 629445
632786 632985
636251 636445
639753 639921
643104 643282
646545 646714
650079 650243
653510 653664
656786 656967
660177 660366
663613 663806
666926 667146
670224 670420
673386 673578
676718 676898
680143 680329
683373 683535
686363 686528
689603 689740
692680 692856
695956 696119
699358 699520
702778 702919
706245 706397
709657 709806
713244 713409
716968 717115
720613 720766
724395 724568
728308 728468
732094 732231
735630 735770
739145 739292
742474 742608
745788 745921
749248 749387
752794 752950
756577 756729
760484 760636
764528 764666
768349 768497
772379 772552
776213 776360
779873 780038
783350 783506
786572 786742
790057 790260
793535 793751
796899 797123
800293 800518
803726 803929
807284 807492
811075 811288
814850 815056
818675 818877
822348 822557
826140 826328
829811 830000
833409 833615
837247 837417
841111 841283
845135 845318
849139 849299
853046 853182
856959 857103
860733 860845
864637 864724
868489 868550
872495 872561
876323 876392
880117 880193
883880 883928
887496 887529
891310 891340
895348 895371
899457 899494
903821 903859
908171 908209
912618 912683
917009 917113
921588 921679
926362 926478
931371 931468
936122 936216
941028 941101
945787 945869
950435 950525
955124 955189
959795 959838
964373 964424
968952 969034
973796 973891
978624 978709
983670 983743
988763 988869
993729 993845
998696 998823
1003678 1003790
1008542 1008691
1013341 1013472
1018172 1018324
1023091 1023263
1027985 1028147
1032719 1032887
1037550 1037739
1042449 1042649
1047449 1047657
1052281 1052477
1057007 1057194
1061494 1061654
1066127 1066296
1070554 1070729
1075043 1075215
1079307 1079477
1083677 1083852
1088126 1088285
1092638 1092777
1097035 1097148
1101498 1101625
1105739 1105870
1109833 1110012
1113726 1113923
1117535 1117740
1121204 1121409
1124685 1124903
1128146 1128383
1131524 1131725
1134619 1134784
1137847 1138020
1140864 1141045
1143813 1144005
1146825 1147047
1150091 1150294
1153257 1153491
1156527 1156770
1159795 1160026
1162814 1163058
1166058 1166315
1169523 1169776
1172847 1173110
1175997 1176238
1179219 1179417
1182483 1182707
1185648 1185864
1189029 1189251
1192617 1192830
1196323 1196526
1199931 1200129
1203376 1203562
1206604 1206803
1209970 1210176
1213577 1213766
1217292 1217483
1221109 1221285
1224994 1225144
1228668 1228804
1232251 1232390
1236032 1236141
1239679 1239801
1243483 1243605
1247096 1247252
1250636 1250806
1254163 1254331
1257898 1258051
1261702 1261878
1265647 1265793
1269656 1269754
1273569 1273665
1277405 1277545
1281362 1281476
1285449 1285575
1289495 1289625
1293791 1293911
1298144 1298241
1302386 1302490
1306652 1306763
1311022 1311150
1315605 1315737
1319965 1320103
1324307 1324430
1328388 1328463
1332250 1332326
1335927 1335986
1339427 1339493
1342797 1342835
1346000 1346048
1349248 1349322
1352466 1352566
1355484 1355594
1358670 1358810
1362068 1362239
1365674 1365839
1369293 1369438
1372700 1372818
1376023 1376108
1379462 1379571
1382962 1383051
1386465 1386573
1390077 1390206
1393935 1394007
1397502 1397599
1401226 1401363
1404877 1405001
1408626 1408749
1412176 1412295
1415793 1415912
1419531 1419668
1423238 1423360
1426972 1427126
1430596 1430759
1434392 1434550
1438209 1438349
1441857 1442039
1445443 1445608
1449086 1449236
1452553 1452681
1455784 1455919
1458850 1458982
1461689 1461820
1464547 1464656
1467242 1467330
1469865 1469961
1472481 1472582
1474893 1474975
1477341 1477449
1479972 1480070
1482617 1482691
1485460 1485544
1488494 1488597
1491523 1491591
1494293 1494357
1497233 1497282
1500285 1500338
1503409 1503492
1506410 1506503
1509188 1509283
1511776 1511859
1514450 1514556
1517319 1517427
1519975 1520126
1522676 1522817
1525147 1525289
1527761 1527902
1530387 1530546
1533055 1533190
1535729 1535863
1538152 1538316
1540557 1540702
1542731 1542878
1544973 1545149
1547053 1547261
1549158 1549376
1551303 1551489
1553465 1553640
1555647 1555816
1558043 1558254
1560309 1560542
1562379 1562614
1564383 1564590
1566235 1566413
1568066 1568247
1569691 1569890
1571264 1571442
1572642 1572832
1574134 1574288
1575480 1575622
1576806 1576965
1578297 1578443
1579738 1579869
1581042 1581173
1582416 1582567
1583938 1584088
1585467 1585593
1586877 1587007
1588320 1588435
1589991 1590102
1591785 1591894
1593551 1593631
1595200 1595263
1596855 1596909
1598678 1598706
1600530 1600532
1602377 1602401
1604066 1604115
1606023 1606089
1607809 1607935
1609848 1609979
1612010 1612127
1614306 1614413
1616569 1616645
1618826 1618893
1621296 1621362
1623551 1623592
1625938 1625993
1628229 1628305
1630784 1630891
1633436 1633512
1636236 1636329
1639186 1639297
1642128 1642260
1645134 1645257
1647928 1648063
1650810 1650926
1653898 1654021
1657236 1657363
1660718 1660843
1663993 1664118
1667492 1667634
1671125 1671277
1674878 1675040
1678834 1679021
1682914 1683109
1686949 1687160
1690870 1691066
1694557 1694776
1698314 1698543
1702205 1702432
1705930 1706155
1709895 1710075
1713835 1714035
1717617 1717809
1721485 1721666
1725456 1725657
1729493 1729712
1733604 1733824
1737907 1738154
1742471 1742720
1746881 1747117
1751063 1751299
1755321 1755525
1759527 1759742
1763942 1764177
1768278 1768520
1772564 1772802
1776618 1776842
1780676 1780905
1784815 1785070
1788845 1789083
1793099 1793330
1797485 1797708
1801830 1802047
1806184 1806411
1810725 1810943
1815051 1815267
1819462 1819691
1824012 1824255
1828416 1828697
1832724 1833024
1837151 1837469
1841533 1841855
1846149 1846421
1850825 1851072
1855587 1855805
1860514 1860729
1865422 1865656
1870306 1870549
1875362 1875613
1880488 1880735
1885524 1885774
1890498 1890730
1895416 1895661
1900402 1900660
1905155 1905369
1909774 1910027
1914490 1914760
1919287 1919554
1923903 1924183
1928766 1929036
1933416 1933684
1938018 1938306
1942815 1943111
1947411 1947737
1951958 1952262
1956323 1956653
1960485 1960856
1964731 1965109
1969124 1969494
1973635 1974018
1978225 1978622
1982975 1983371
1987571 1987962
1991964 1992343
1996482 1996886
2000885 2001330
2005263 2005686
2009436 2009872
2013462 2013902
2017707 2018123
2022037 2022427
2026201 2026589
2030557 2030955
2034984 2035369
2039548 2039960
2044075 2044472
2048367 2048780
2052743 2053144
2057073 2057450
2061212 2061606
2065365 2065764
2069564 2069973
2073930 2074339
2078252 2078632
2082664 2083052
2087039 2087406
2091240 2091589
2095206 2095557
2099381 2099738
2103771 2104125
2108402 2108764
2112997 2113342
2117800 2118134
2122592 2122933
2127551 2127905
2132542 2132899
2137378 2137740
2142227 2142594
2147295 2147620
2152276 2152600
2157037 2157387
2161677 2162044
2166537 2166887
2171402 2171774
2176274 2176623
2181355 2181739
2186288 2186635
2190962 2191343
2195694 2196093
2200424 2200843
2205230 2205610
2210126 2210512
2215177 2215582
2220005 2220448
2224852 2225276
2229489 2229875
2234061 2234419
2238585 2238933
2243183 2243524
2247543 2247905
2251810 2252178
2255876 2256252
2259850 2260226
2264046 2264436
2268295 2268710
2272445 2272845
2276761 2277175
2281033 2281446
2285412 2285789
2289655 2290008
2293647 2294025
2297596 2297948
2301745 2302065
2305767 2306052
2309777 2310061
2313670 2313971
2317773 2318080
2321825 2322109
2325819 2326117
2329840 2330127
2333663 2333940
2337535 2337799
2341175 2341418
2344880 2345128
2348723 2348955
2352696 2352917
2356907 2357101
2361319 2361516
2365671 2365872
2370276 2370486
2374884 2375101
2379398 2379623
2383728 2383967
2388265 2388531
2392923 2393161
2397569 2397834
2402388 2402639
2407334 2407590
2412424 2412657
2417403 2417638
2422225 2422458
2426810 2427051
2431551 2431761
2436369 2436592
2440991 2441220
2445579 2445828
2450061 2450323
2454464 2454729
2458638 2458921
2462750 2463059
2467096 2467411
2471283 2471594
2475415 2475770
2479608 2479985
2483692 2484044
2487537 2487918
2491406 2491797
2495067 2495451
2498521 2498880
2501861 2502218
2505077 2505434
2508094 2508451
2511092 2511419
2513950 2514312
2516647 2517006
2519529 2519891
2522634 2522980
2525728 2526092
2528607 2528976
2531448 2531822
2534305 2534664
2537104 2537492
2539769 2540154
2542253 2542633
2544705 2545103
2547183 2547562
2549803 2550206
2552455 2552880
2555093 2555532
2557632 2558057
2560064 2560464
2562301 2562700
2564691 2565109
2566855 2567271
2569161 2569581
2571270 2571728
2573651 2574109
2576030 2576470
2578572 2579021
2581279 2581708
2584014 2584431
2586552 2586972
2589051 2589440
2591712 2592103
2594211 2594612
2596828 2597256
2599658 2600116
2602620 2603085
2605742 2606237
2608905 2609358
2612261 2612713
2615378 2615796
2618598 2619025
2621767 2622201
2624715 2625116
2627866 2628282
2630943 2631381
2634089 2634571
2637417 2637903
2640899 2641356
2644536 2644975
2648222 2648645
2651884 2652298
2655295 2655694
2658632 2659017
2662101 2662428
2665756 2666076
2669515 2669828
2673428 2673720
2677283 2677588
2681133 2681440
2684794 2685130
2688343 2688705
2691952 2692307
2695477 2695828
2698990 2699356
2702405 2702733
2705823 2706126
2709221 2709544
2712797 2713140
2716213 2716545
2719757 2720056
2723508 2723788
2727221 2727520
2731144 2731461
2734881 2735182
2738438 2738755
2742207 2742523
2746192 2746473
2749945 2750223
2753722 2753997
2757523 2757806
2761280 2761583
2764984 2765292
2768705 2769018
2772642 2772944
2776713 2777020
2780888 2781185
2785115 2785428
2789599 2789913
2794108 2794428
2798654 2798987
2803400 2803734
2808048 2808361
2812473 2812761
2816888 2817163
2821105 2821357
2825199 2825432
2829378 2829591
2833371 2833582
2837463 2837686
2841619 2841855
2845918 2846166
2849980 2850184
2853788 2853967
2857427 2857611
2860881 2861076
2864491 2864674
2868082 2868279
2871708 2871874
2875407 2875569
2879347 2879508
2883335 2883496
2887535 2887676
2891618 2891797
2895679 2895860
2899546 2899729
2903627 2903806
2907581 2907758
2911702 2911858
2915905 2916099
2920329 2920504
2924856 2925024
2929282 2929428
2933707 2933888
2938357 2938537
2943236 2943437
2948052 2948229
2952649 2952840
2957051 2957235
2961404 2961584
2965507 2965681
2969413 2969591
2973403 2973600
2977264 2977462
2981281 2981440
2985097 2985291
2989180 2989376
2993412 2993585
2997415 2997557
3001547 3001727
3005634 3005821
3009500 3009680
3013574 3013774
3017493 3017678
3021527 3021736
3025696 3025933
3029935 3030186
3034314 3034540
3038829 3039070
3043555 3043800
3048152 3048399
3052795 3053043
3057299 3057571
3061887 3062174
3066668 3066958
3071692 3071993
3076897 3077154
3082106 3082376
3087274 3087562
3092491 3092794
3097555 3097907
3102551 3102907
3107674 3108018
3113031 3113392
3118532 3118903
3123827 3124217
3129284 3129655
3134519 3134874
3139905 3140261
3145379 3145724
3150890 3151208
3156243 3156537
3161435 3161726
3166860 3167185
3172172 3172526
3177562 3177940
3183046 3183407
3188504 3188852
3193987 3194312
3199426 3199783
3204964 3205331
3210697 3211053
3216178 3216549
3221628 3222008
3227323 3227700
3233141 3233532
3238831 3239229
3244435 3244829
3250221 3250603
3256152 3256521
3262204 3262576
3268469 3268838
3274862 3275237
3281434 3281833
3287818 3288231
3294294 3294691
3300634 3301052
3306814 3307245
3312786 3313195
3318660 3319071
3324739 3325161
3330741 3331155
3336699 3337115
3342457 3342872
3348391 3348786
3354227 3354617
3359956 3360351
3365556 3365935
3370911 3371291
3376342 3376707
3381771 3382165
3387320 3387727
3392771 3393196
3398266 3398645
3403703 3404087
3409143 3409527
3414794 3415198
3420379 3420775
3425795 3426200
3431134 3431543
3436231 3436658
3441413 3441849
3446382 3446814
3451417 3451818
3456429 3456832
3461671 3462037
3466847 3467207
3472037 3472395
3477025 3477376
3482175 3482494
3487094 3487408
3492167 3492507
3497370 3497728
3502722 3503064
3507863 3508176
3513047 3513351
3518197 3518543
3523295 3523628
3528276 3528622
3533273 3533626
3538451 3538798
3543750 3544133
3548870 3549245
3553830 3554195
3558984 3559366
3564074 3564450
3569095 3569456
3574298 3574653
3579327 3579664
3584465 3584796
3589641 3590012
3594663 3595054
3599626 3600013
3604556 3604950
3609284 3609650
3613737 3614072
3618298 3618630
3622904 3623245
3627325 3627647
3631658 3631971
3636162 3636500
3640668 3641024
3644960 3645334
3649456 3649841
3653810 3654211
3658028 3658455
3662300 3662709
3666427 3666796
3670673 3671036
3674886 3675243
3679136 3679513
3683239 3683628
3687105 3687515
3691097 3691523
3695260 3695703
3699676 3700135
3703935 3704430
3708339 3708865
3712906 3713438
3717499 3718000
3722158 3722673
3726647 3727140
3731266 3731753
3735686 3736155
3740305 3740768
3744997 3745431
3749804 3750213
3754465 3754859
3759274 3759662
3764191 3764624
3769192 3769618
3774270 3774712
3779183 3779633
3783874 3784302
3788495 3788890
3793186 3793587
3797727 3798159
3802237 3802645
3806886 3807269
3811465 3811849
3816138 3816496
3820789 3821101
3825545 3825863
3830273 3830623
3834891 3835235
3839630 3839950
3844304 3844633
3848812 3849117
3853520 3853860
3858370 3858694
3863334 3863610
3868281 3868508
3873325 3873565
3878248 3878498
3883142 3883395
3887965 3888208
3892630 3892914
3897268 3897556
3901936 3902237
3906758 3907034
3911547 3911818
3916088 3916349
3920861 3921118
3925673 3925968
3930403 3930705
3934896 3935198
3939437 3939741
3944126 3944395
3948946 3949201
3953795 3954077
3958521 3958817
3963153 3963451
3967662 3967947
3972372 3972671
3977073 3977391
3981995 3982299
3987007 3987313
3992033 3992350
3996990 3997278
4002164 4002473
4007317 4007629
4012411 4012749
4017728 4018054
4023011 4023346
4028112 4028439
4033231 4033571
4038456 4038761
4043431 4043762
4048614 4048948
4053661 4053999
4058875 4059199
4063828 4064104
4068695 4068930
4073540 4073779
4078447 4078671
4083190 4083417
4088103 4088349
4093110 4093371
4098010 4098262
4103002 4103239
4107764 4108019
4112539 4112785
4117388 4117654
4122344 4122589
4127448 4127697
4132351 4132607
4137338 4137593
4142499 4142790
4147881 4148172
4153052 4153357
4158069 4158401
4162987 4163296
4167769 4168085
4172748 4173072
4177949 4178282
4182993 4183334
4188229 4188571
4193516 4193834
4198593 4198948
4203745 4204106
4209079 4209437
4214460 4214801
4219602 4219936
4224854 4225227
4229944 4230337
4234864 4235289
4239745 4240178
4244481 4244940
4249013 4249474
4253420 4253881
4257614 4258070
4261914 4262373
4266269 4266761
4270797 4271302
4275304 4275820
4279705 4280193
4283885 4284373
4288041 4288532
4292245 4292733
4296495 4296978
4300905 4301382
4305350 4305853
4309783 4310262
4314308 4314769
4318679 4319160
4323277 4323779
4327816 4328345
4332161 4332697
4336315 4336857
4340538 4341085
4344592 4345157
4348862 4349452
4352947 4353528
4357243 4357810
4361301 4361864
4365269 4365841
4369086 4369704
4372892 4373528
4376750 4377379
4380371 4381001
4384035 4384642
4387796 4388384
4391563 4392154
4395087 4395637
4398662 4399208
4402108 4402637
4405783 4406319
4409489 4410028
4413333 4413842
4417119 4417615
4420776 4421253
4424377 4424862
4427950 4428439
4431653 4432146
4435352 4435878
4439289 4439828
4443343 4443861
4447560 4448069
4451668 4452203
4455705 4456254
4459656 4460213
4463585 4464131
4467358 4467888
4471311 4471828
4475287 4475786
4479027 4479496
4482656 4483120
4486257 4486728
4489957 4490407
4493824 4494254
4497876 4498328
4501977 4502429
4505955 4506420
4509846 4510342
4513732 4514194
4517498 4517948
4521254 4521697
4525033 4525461
4528601 4529044
4531972 4532397
4535164 4535571
4538575 4539002
4542130 4542516
4545562 4545961
4549235 4549617
4552813 4553182
4556612 4557002
4560229 4560643
4563894 4564328
4567363 4567840
4570819 4571317
4574167 4574682
4577480 4578005
4580739 4581285
4583959 4584527
4586954 4587514
4590018 4590557
4592923 4593436
4595556 4596094
4598142 4598655
4600614 4601124
4602969 4603493
4605382 4605940
4607590 4608114
4609669 4610175
4611548 4612029
4613259 4613766
4615181 4615717
4617312 4617851
4619246 4619790
4620945 4621482
4622407 4622959
4623692 4624237
4625074 4625611
4626302 4626824
4627386 4627884
4628338 4628843
4629186 4629686
4629838 4630303
4630643 4631106
4631302 4631777
4631816 4632302
4632581 4633072
4633279 4633773
4634206 4634698
4635159 4635672
4636318 4636830
4637680 4638201
4638818 4639342
4639857 4640397
4640729 4641263
4641555 4642111
4642404 4642955
4643249 4643772
4644274 4644776
4645108 4645657
4645852 4646410
4646530 4647103
4647329 4647910
4648040 4648628
4648935 4649514
4649844 4650427
4650697 4651274
4651446 4652018
4652419 4652995
4653343 4653895
4654114 4654656
4654813 4655368
4655370 4655916
4656150 4656697
4657120 4657659
4657843 4658363
4658523 4659043
4659281 4659777
4659850 4660353
4660398 4660894
4660936 4661424
4661527 4661994
4662118 4662582
4662697 4663168
4663264 4663779
4663946 4664489
4664718 4665258
4665284 4665866
4665868 4666458
4666501 4667107
4667381 4667963
4667988 4668561
4668776 4669378
4669404 4670014
4670042 4670664
4670859 4671497
4671776 4672409
4672574 4673237
4673621 4674299
4674623 4675312
4675405 4676081
4676138 4676846
4676852 4677545
4677657 4678365
4678409 4679107
4679264 4679976
4680024 4680744
4680926 4681661
4682071 4682785
4683097 4683825
4683915 4684673
4684837 4685608
4685942 4686712
4687028 4687828
4688236 4689020
4689235 4689999
4690002 4690725
4690755 4691507
4691612 4692389
4692511 4693291
4693316 4694130
4694226 4695069
4695137 4695977
4696067 4696894
4697109 4697949
4698259 4699088
4699639 4700481
4701202 4702048
4702819 4703630
4704226 4705027
4705640 4706432
4706809 4707621
4708210 4709035
4709857 4710719
4711788 4712672
4713702 4714588
4715551 4716436
4717541 4718455
4719627 4720518
4721829 4722724
4723991 4724902
4726367 4727273
4728794 4729727
4731169 4732087
4733404 4734285
4735500 4736378
4737593 4738484
4739734 4740616
4742054 4742942
4744401 4745262
4746617 4747513
4748721 4749612
4750595 4751521
4752612 4753565
4754727 4755688
4756965 4757918
4759344 4760276
4761801 4762747
4764455 4765374
4767136 4768070
4769649 4770589
4772415 4773384
4775097 4776075
4777614 4778620
4780249 4781278
4782824 4783819
4785443 4786430
4788177 4789170
4790793 4791794
4793195 4794187
4795452 4796429
4797848 4798833
4800224 4801210
4802647 4803624
4805009 4805986
4807209 4808192
4809535 4810508
4811887 4812887
4814404 4815383
4816865 4817851
4819396 4820394
4821835 4822838
4824130 4825130
4826211 4827211
4828353 4829368
4830707 4831752
4833111 4834178
4835716 4836792
4838242 4839317
4840605 4841695
4843214 4844299
4845720 4846793
4848448 4849508
4851256 4852356
4854037 4855150
4856791 4857869
4859428 4860536
4861993 4863100
4864494 4865644
4867262 4868388
4869853 4870949
4872366 4873476
4874998 4876097
4877541 4878652
4880316 4881457
4882911 4884071
4885591 4886719
4888176 4889298
4890949 4892016
4893794 4894848
4896710 4897765
4899767 4900830
4902914 4903990
4906162 4907247
4909578 4910664
4913070 4914123
4916741 4917783
4920258 4921320
4923683 4924759
4927124 4928183
4930369 4931418
4933805 4934896
4937430 4938513
4941210 4942266
4944717 4945756
4948036 4949068
4951510 4952531
4954800 4955828
4958044 4959067
4961194 4962170
4964342 4965326
4967392 4968382
4970214 4971220
4972890 4973887
4975625 4976612
4978313 4979279
4980936 4981893
4983588 4984550
4986295 4987260
4988950 4989906
4991836 4992766
4994929 4995848
4998151 4999064
5001229 5002144
5004336 5005253
5007320 5008250
5010155 5011064
5013058 5013994
5015949 5016884
5018948 5019891
5021932 5022903
5024812 5025773
5027595 5028567
5030189 5031151
5032841 5033813
5035428 5036390
5037915 5038860
5040634 5041569
5043201 5044120
5045802 5046729
5048506 5049455
5051311 5052285
5054389 5055382
5057573 5058564
5060523 5061544
5063329 5064378
5066084 5067097
5068659 5069672
5071348 5072383
5074097 5075124
5076743 5077785
5079268 5080328
5081972 5083039
5084649 5085688
5087433 5088439
5090141 5091165
5092866 5093894
5095530 5096569
5098401 5099431
5101305 5102334
5104406 5105430
5107255 5108281
5110172 5111168
5112946 5113938
5115575 5116597
5118259 5119284
5120876 5121896
5123584 5124584
5126408 5127400
5129144 5130084
5131587 5132526
5134227 5135188
5137000 5137947
5139910 5140847
5142797 5143751
5145684 5146672
5148603 5149584
5151424 5152440
5154238 5155263
5157102 5158121
5159993 5161036
5163074 5164114
5165988 5167068
5168953 5170063
5172009 5173132
5175193 5176299
5178470 5179592
5181643 5182739
5184697 5185808
5187935 5189012
5191322 5192410
5194566 5195708
5198018 5199160
5201657 5202798
5205362 5206497
5209226 5210377
5212975 5214089
5216610 5217716
5220314 5221419
5224224 5225322
5227955 5229040
5231527 5232612
5235171 5236285
5238652 5239753
5241872 5242958
5245119 5246211
5248512 5249635
5252094 5253203
5255751 5256884
5259241 5260369
5262666 5263774
5266052 5267156
5269358 5270429
5272395 5273493
5275619 5276742
5278945 5280077
5282187 5283335
5285450 5286570
5288913 5289987
5292518 5293610
5296139 5297247
5299620 5300738
5303360 5304485
5307227 5308340
5311288 5312363
5315540 5316604
5320024 5321091
5324287 5325347
5328400 5329472
5332282 5333353
5335941 5337036
5339389 5340467
5342684 5343756
5345739 5346818
5348766 5349867
5351674 5352759
5354688 5355788
5357945 5359039
5361388 5362485
5364983 5366093
5368800 5369905
5372731 5373810
5376725 5377806
5380806 5381899
5384886 5385988
5389015 5390124
5393261 5394396
5397605 5398728
5401958 5403049
5406213 5407304
5410294 5411388
5414398 5415510
5418596 5419703
5422660 5423794
5426929 5428054
5431009 5432147
5435040 5436158
5439228 5440346
5443645 5444757
5447971 5449066
5452434 5453543
5456779 5457905
5461257 5462405
5465709 5466854
5470120 5471233
5474734 5475829
5479406 5480522
5484178 5485301
5489062 5490135
5494014 5495094
5499169 5500231
5504256 5505337
5509374 5510488
5514415 5515582
5519747 5520887
5524952 5526094
5529989 5531108
5535133 5536271
5540159 5541309
5545344 5546506
5550299 5551494
5555129 5556338
5560062 5561252
5564983 5566160
5569982 5571151
5575127 5576295
5580161 5581309
5585192 5586351
5590400 5591555
5595437 5596600
5600663 5601827
5606000 5607151
5611416 5612563
5616826 5617957
5622081 5623198
5627134 5628256
5632256 5633375
5637491 5638586
5642529 5643610
5647346 5648432
5652312 5653395
5657408 5658456
5662532 5663574
5667561 5668606
5672417 5673463
5677290 5678348
5682337 5683402
5687605 5688696
5692730 5693825
5697636 5698754
5702478 5703605
5707458 5708573
5712244 5713371
5717082 5718225
5721984 5723076
5726968 5728064
5731763 5732854
5736352 5737443
5740768 5741898
5745281 5746398
5749535 5750677
5753759 5754895
5758054 5759189
5762568 5763701
5767037 5768168
5771360 5772491
5775909 5777018
5780186 5781303
5784688 5785812
5789143 5790275
5793408 5794538
5797869 5799051
5802136 5803312
5806518 5807662
5810928 5812095
5815181 5816372
5819673 5820867
5823972 5825155
5828324 5829443
5832375 5833507
5836356 5837517
5840220 5841399
5844165 5845354
5848178 5849362
5852158 5853310
5856140 5857292
5860212 5861369
5864443 5865597
5868814 5869968
5873181 5874349
5877488 5878651
5881674 5882841
5886101 5887289
5890710 5891879
5895317 5896494
5899890 5901069
5904245 5905448
5908555 5909796
5912917 5914156
5917500 5918747
5921944 5923203
5926181 5927474
5930317 5931577
5934254 5935497
5938214 5939468
5942324 5943572
5946556 5947794
5950648 5951876
5954805 5956054
5958749 5959986
5962684 5963952
5966570 5967832
5970446 5971695
5974535 5975767
5978816 5980048
5983092 5984352
5987530 5988761
5991789 5992986
5995942 5997143
5999900 6001097
6003777 6004972
6007405 6008582
6011206 6012393
6014861 6015991
6018284 6019390
6021773 6022905
6025038 6026157
6028166 6029294
6031478 6032640
6034625 6035797
6037975 6039113
6041526 6042663
6045280 6046429
6049137 6050293
6053200 6054362
6057254 6058404
6061243 6062382
6065196 6066361
6069286 6070473
6073548 6074693
6077793 6078941
6081854 6083005
6086069 6087232
6090188 6091359
6094266 6095430
6098121 6099283
6101744 6102873
6105516 6106678
6109086 6110247
6112582 6113741
6116145 6117359
6119749 6120997
6123510 6124817
6127120 6128415
6130821 6132158
6134324 6135690
6137680 6139076
6141037 6142463
6144502 6145938
6147907 6149330
6151176 6152614
6154274 6155732
6157554 6159000
6160928 6162355
6164523 6165952
6167894 6169315
6171264 6172712
6174703 6176137
6178000 6179459
6181226 6182683
6184657 6186120
6188009 6189471
6191330 6192800
6194747 6196224
6198200 6199682
6201809 6203273
6205285 6206740
6208792 6210276
6212454 6213915
6216156 6217609
6219707 6221157
6223328 6224811
6227164 6228650
6231217 6232668
6235275 6236741
6239404 6240905
6243465 6244926
6247620 6249080
6251936 6253420
6256141 6257662
6260217 6261766
6264142 6265686
6268180 6269716
6272140 6273672
6275999 6277530
6279790 6281342
6283697 6285248
6287739 6289270
6291939 6293468
6296010 6297551
6300206 6301715
6304507 6305973
6308647 6310098
6313006 6314383
6317344 6318705
6321766 6323132
6326015 6327382
6330510 6331887
6335259 6336632
6340192 6341567
6345302 6346651
6350155 6351507
6355042 6356387
6359799 6361132
6364668 6365989
6369692 6370999
6374863 6376163
6380013 6381332
6385420 6386739
6390875 6392210
6396238 6397589
6401386 6402751
6406347 6407666
6411199 6412531
6416251 6417602
6421207 6422572
6425969 6427339
6430926 6432275
6435709 6437057
6440663 6442000
6445805 6447170
6451177 6452536
6456550 6457893
6461718 6463020
6466776 6468087
6471739 6473046
6476732 6478041
6481480 6482825
6486042 6487399
6490397 6491752
6494818 6496180
6499250 6500583
6503602 6504949
6508110 6509461
6512420 6513777
6516632 6517964
6521012 6522337
6525169 6526453
6529447 6530737
6533823 6535119
6538424 6539733
6543159 6544461
6547961 6549271
6552924 6554291
6557828 6559187
6562827 6564140
6567944 6569302
6573285 6574676
6578666 6580047
6584240 6585582
6589828 6591149
6595354 6596650
6600692 6601972
6606075 6607350
6611425 6612722
6616804 6618151
6622090 6623445
6627499 6628883
6633036 6634435
6638684 6640076
6644517 6645940
6650262 6651691
6656072 6657512
6661703 6663150
6667584 6669033
6673224 6674709
6678775 6680272
6684236 6685749
6689878 6691376
6695593 6697101
6701261 6702780
6707031 6708557
6713033 6714552
6719056 6720589
6725100 6726623
6731029 6732555
6736835 6738362
6742409 6743919
6748106 6749627
6754009 6755507
6759871 6761342
6765808 6767251
6771504 6772903
6776972 6778378
6782233 6783638
6787288 6788674
6792562 6793921
6797985 6799334
6803262 6804575
6808584 6809892
6813956 6815306
6819532 6820909
6825149 6826512
6830872 6832261
6836823 6838205
6842694 6844089
6848660 6850050
6854792 6856182
6861161 6862521
6867620 6868984
6874232 6875624
6880658 6882051
6887192 6888583
6893586 6894966
6899944 6901333
6906082 6907500
6912067 6913493
6918163 6919573
6924020 6925395
6929984 6931320
6936047 6937401
6942043 6943422
6947986 6949389
6953722 6955121
6959341 6960742
6965200 6966593
6971234 6972646
6977447 6978860
6983423 6984864
6989448 6990940
6995669 6997170
7001710 7003170
7007490 7008949
7013216 7014665
7019024 7020503
7024943 7026409
7030974 7032469
7036801 7038261
7042790 7044253
7048767 7050232
7054762 7056228
7060603 7062073
7066505 7067973
7072156 7073627
7077740 7079238
7083115 7084601
7088325 7089819
7093431 7094907
7098696 7100178
7103834 7105334
7109023 7110515
7114309 7115818
7119732 7121245
7125270 7126768
7131001 7132511
7136865 7138425
7142875 7144481
7148689 7150273
7154658 7156244
7160546 7162145
7166401 7168002
7172253 7173847
7178048 7179649
7183892 7185539
7189810 7191455
7195510 7197121
7201014 7202658
7206716 7208374
7212330 7213984
7218139 7219774
7223978 7225594
7229891 7231503
7235887 7237480
7241680 7243299
7247488 7249133
7253368 7254990
7259137 7260774
7265012 7266608
7270695 7272255
7276258 7277821
7281683 7283228
7287161 7288690
7292573 7294160
7297854 7299445
7303132 7304702
7308216 7309793
7313161 7314745
7318117 7319680
7323247 7324812
7328325 7329888
7333466 7335014
7338509 7340091
7343375 7345008
7348536 7350153
7353760 7355361
7358761 7360414
7363905 7365564
7368990 7370645
7374286 7375955
7379840 7381480
7385172 7386844
7390497 7392158
7395890 7397568
7401221 7402896
7406553 7408210
7411931 7413565
7417406 7419038
7423072 7424700
7428775 7430409
7434626 7436249
7440654 7442285
7446795 7448410
7452719 7454328
7458513 7460099
7464499 7466072
7470453 7472058
7476474 7478108
7482486 7484094
7488246 7489876
7494240 7495872
7500390 7502022
7506387 7508021
7512576 7514257
7518905 7520578
7525164 7526855
7531272 7532957
7537393 7539145
7543804 7545544
7550356 7552109
7557056 7558826
7563977 7565779
7570893 7572708
7577885 7579701
7584790 7586603
7591492 7593300
7598169 7599963
7605075 7606864
7611959 7613703
7618651 7620390
7625097 7626886
7631668 7633468
7638197 7639992
7644923 7646684
7651651 7653401
7658132 7659872
7664645 7666378
7671082 7672841
7677344 7679088
7683558 7685320
7689873 7691590
7696083 7697797
7702477 7704205
7708957 7710717
7715342 7717125
7721526 7723283
7727638 7729389
7733663 7735404
7739819 7741559
7745792 7747502
7751508 7753217
7757253 7758956
7763125 7764851
7768819 7770525
7774326 7776061
7779766 7781524
7785310 7787054
7790889 7792654
7796350 7798109
7801789 7803555
7806993 7808716
7811905 7813642
7817031 7818758
7822082 7823791
7827215 7828913
7832319 7834026
7837282 7839002
7842172 7843852
7846884 7848540
7851516 7853176
7856053 7857748
7860728 7862432
7865261 7866979
7869654 7871399
7873839 7875563
7877976 7879712
7881976 7883728
7886128 7887892
7890268 7892022
7894575 7896306
7898920 7900657
7903411 7905159
7908035 7909778
7912473 7914186
7916714 7918420
7920838 7922545
7925018 7926724
7929229 7930939
7933356 7935050
7937611 7939307
7941942 7943644
7946335 7948058
7950797 7952550
7955348 7957102
7959844 7961578
7964199 7965939
7968576 7970326
7973038 7974773
7977291 7979013
7981745 7983478
7986156 7987858
7990512 7992228
7995035 7996746
7999654 8001341
8004407 8006100
8008995 8010656
8013470 8015119
8018157 8019796
8022690 8024351
8027238 8028888
8031556 8033243
8036092 8037789
8040693 8042367
8045399 8047078
8050297 8051986
8055186 8056918
8060290 8062013
8065517 8067224
8070855 8072549
8076352 8078018
8081799 8083465
8087263 8088907
8092749 8094419
8098402 8100055
8103844 8105461
8109393 8111015
8114759 8116392
8120148 8121788
8125702 8127365
8131429 8133103
8137071 8138759
8142934 8144613
8148899 8150585
8155068 8156760
8161463 8163138
8167707 8169378
8174023 8175669
8180434 8182124
8186820 8188524
8193387 8195057
8199702 8201350
8205970 8207658
8212113 8213803
8218044 8219763
8223789 8225460
8229661 8231376
8235684 8237383
8241601 8243332
8247579 8249309
8253459 8255174
8259487 8261227
8265480 8267224
8271674 8273428
8277902 8279685
8284258 8286054
8290827 8292615
8297485 8299278
8304255 8306016
8310804 8312534
8317500 8319206
8324059 8325785
8330454 8332129
8337017 8338690
8343708 8345375
8350382 8352065
8357311 8358969
8364308 8365937
8371365 8372958
8378141 8379690
8384820 8386394
8391501 8393034
8398294 8399848
8405039 8406541
8411668 8413143
8418046 8419532
8424533 8425982
8431155 8432573
8437857 8439263
8444331 8445750
8450865 8452251
8457593 8458974
8464380 8465784
8471175 8472584
8478034 8479445
8484689 8486117
8491574 8492983
8498200 8499629
8504671 8506070
8510985 8512391
8517354 8518742
8523782 8525196
8530403 8531832
8536966 8538383
8543431 8544840
8549699 8551112
8555940 8557349
8562399 8563791
8568669 8570087
8574745 8576135
8580814 8582240
8586924 8588331
8592819 8594227
8598643 8600032
8604653 8606040
8610697 8612118
8616533 8617958
8622577 8624008
8628526 8629951
8634647 8636093
8640752 8642226
8646667 8648150
8652696 8654177
8658849 8660335
8665026 8666553
8671080 8672610
8677237 8678777
8683598 8685164
8690219 8691765
8696919 8698475
8703796 8705388
8710889 8712459
8717750 8719322
8724500 8726076
8731075 8732649
8737660 8739254
8744135 8745738
8750402 8751991
8756772 8758378
8762953 8764520
8769161 8770737
8775541 8777111
8782077 8783642
8788491 8790049
8794867 8796403
8801272 8802792
8807906 8809429
8814709 8816236
8821524 8823080
8828276 8829832
8835268 8836847
8842132 8843695
8848826 8850375
8855407 8856972
8861900 8863480
8868574 8870152
8875425 8876964
8882063 8883587
8888510 8890022
8895026 8896553
8901509 8903037
8907761 8909303
8914126 8915651
8920722 8922252
8927347 8928904
8933941 8935519
8940312 8941906
8946504 8948110
8952929 8954488
8959146 8960724
8965459 8967047
8971821 8973381
8978144 8979718
8984418 8986012
8990753 8992335
8997177 8998744
9003451 9005030
9009500 9011078
9015657 9017225
9021975 9023546
9028390 9029949
9034768 9036343
9040991 9042578
9047016 9048614
9052917 9054517
9059041 9060673
9065381 9067003
9071816 9073454
9078181 9079805
9084713 9086337
9091006 9092612
9097079 9098710
9103409 9105018
9109474 9111050
9115750 9117331
9122251 9123836
9128715 9130284
9135214 9136801
9141954 9143537
9148600 9150159
9155395 9156914
9162090 9163593
9169008 9170511
9176064 9177574
9183076 9184608
9190226 9191774
9197487 9199014
9204479 9205988
9211442 9212976
9218480 9219985
9225391 9226901
9232383 9233870
9239394 9240886
9246215 9247721
9253268 9254720
9260276 9261697
9267142 9268530
9274219 9275607
9281518 9282875
9288688 9290026
9295770 9297143
9302929 9304271
9310188 9311538
9317620 9318953
9325235 9326585
9332761 9334149
9340353 9341741
9348037 9349439
9355540 9356941
9362805 9364211
9369879 9371262
9376860 9378241
9383964 9385366
9390982 9392384
9397797 9399198
9404505 9405900
9411351 9412724
9417927 9419312
9424390 9425780
9430624 9432027
9436850 9438244
9443281 9444646
9449871 9451238
9456517 9457887
9463192 9464562
9469937 9471269
9476678 9478014
9483362 9484697
9490104 9491418
9497031 9498327
9503994 9505313
9511121 9512469
9518458 9519800
9525881 9527263
9533254 9534623
9540729 9542099
9548142 9549501
9555347 9556692
9562663 9564052
9569918 9571308
9577169 9578555
9584451 9585810
9591812 9593181
9598980 9600376
9606346 9607755
9613586 9614989
9620926 9622296
9628142 9629517
9635389 9636733
9642614 9643965
9650082 9651457
9657419 9658771
9664541 9665888
9671486 9672813
9678498 9679840
9685485 9686838
9692606 9693992
9699928 9701325
9707390 9708795
9714668 9716088
9721742 9723197
9728774 9730226
9735992 9737473
9743227 9744672
9750592 9752007
9757933 9759346
9765234 9766663
9772691 9774107
9780351 9781758
9787802 9789241
9795276 9796729
9802633 9804098
9810165 9811647
9817708 9819207
9825398 9826898
9833271 9834796
9841158 9842644
9848799 9850299
9856614 9858120
9864255 9865770
9872005 9873492
9879624 9881134
9887186 9888680
9894797 9896278
9902452 9903930
9910062 9911511
9917628 9919084
9924958 9926437
9932063 9933533
9939237 9940729
9946418 9947898
9953383 9954876
9960125 9961636
9967008 9968524
9973817 9975316
9980738 9982278
9987916 9989411
9995222 9996721
10002406 10003916
10009720 10011243
10016801 10018326
10023884 10025398
10030915 10032456
10038132 10039657
10045534 10047036
10052999 10054504
10060460 10061951
10067803 10069291
10075271 10076776
10082596 10084110
10090055 10091588
10097437 10098953
10104889 10106425
10112192 10113741
10119561 10121134
10126949 10128520
10134303 10135885
10141767 10143359
10149232 10150801
10156772 10158324
10164436 10165990
10172011 10173580
10179842 10181405
10187477 10189035
10194959 10196558
10202596 10204212
10210473 10212102
10218298 10219929
10226350 10227959
10234263 10235847
10241920 10243506
10249605 10251186
10257248 10258828
10265094 10266695
10272824 10274401
10280504 10282074
10288406 10289974
10296097 10297699
10303971 10305596
10311722 10313338
10319666 10321276
10327499 10329111
10335130 10336735
10342788 10344392
10350495 10352049
10358268 10359805
10366112 10367651
10374183 10375755
10382179 10383773
10389975 10391582
10398032 10399637
10406286 10407878
10414285 10415863
10422269 10423825
10430385 10431933
10438292 10439873
10446008 10447587
10453769 10455351
10461387 10463000
10468985 10470614
10476665 10478278
10484294 10485881
10492001 10493585
10499746 10501346
10507435 10509059
10515175 10516780
10523107 10524718
10531253 10532869
10539554 10541168
10548018 10549624
10556316 10557896
10564456 10566006
10572574 10574123
10580508 10582077
10588216 10589788
10596006 10597601
10603615 10605226
10611268 10612876
10618769 10620368
10626047 10627647
10633526 10635120
10641013 10642600
10648732 10650278
10656503 10658034
10664388 10665923
10672217 10673735
10680037 10681559
10688069 10689619
10696099 10697676
10704201 10705796
10712095 10713684
10720220 10721761
10728192 10729756
10736387 10737948
10744594 10746144
10752562 10754114
10760559 10762135
10768363 10769938
10776092 10777669
10783982 10785546
10791839 10793385
10799888 10801403
10807722 10809211
10815351 10816833
10823202 10824670
10830973 10832436
10838633 10840121
10846461 10847947
10854168 10855678
10862041 10863548
10870153 10871647
10878279 10879746
10886328 10887811
10894628 10896098
10903046 10904527
10911325 10912812
10919640 10921081
10927744 10929184
10935766 10937226
10943901 10945361
10952267 10953740
10960467 10961905
10968512 10969950
10976694 10978111
10984941 10986348
10993390 10994794
11002017 11003415
11010417 11011769
11018907 11020252
11027524 11028856
11036312 11037661
11045363 11046677
11054266 11055561
11063110 11064420
11071950 11073273
11080574 11081897
11089399 11090712
11098034 11099342
11106657 11107974
11115176 11116456
11123540 11124806
11131758 11133004
11139980 11141219
11148399 11149617
11156980 11158228
11165707 11166947
11174605 11175839
11183475 11184706
11192141 11193336
11200610 11201792
11209268 11210432
11217782 11218932
11226371 11227548
11235189 11236362
11243993 11245185
11252921 11254067
11262033 11263184
11271163 11272304
11280512 11281633
11289643 11290751
11298768 11299868
11307888 11308992
11316966 11318045
11325932 11327026
11335022 11336141
11344005 11345122
11353234 11354324
11362254 11363323
11371093 11372165
11379828 11380897
11388375 11389431
11396672 11397768
11405069 11406148
11413310 11414385
11421603 11422693
11429875 11430974
11438097 11439176
11446534 11447580
11455100 11456161
11463750 11464806
11472177 11473264
11480614 11481702
11489188 11490271
11497654 11498724
11505872 11506974
11514141 11515273
11522624 11523767
11531274 11532421
11539687 11540812
11548062 11549154
11556511 11557612
11564990 11566130
11573740 11574864
11582404 11583523
11591180 11592296
11600000 11601116
11608970 11610077
11618053 11619220
11627349 11628496
11636409 11637572
11645270 11646438
11654360 11655545
11663516 11664740
11672719 11673902
11681659 11682819
11690513 11691695
11699399 11700593
11708405 11709563
11717474 11718648
11726805 11727964
11736168 11737373
11745438 11746620
11754909 11756062
11764329 11765506
11773894 11775091
11783514 11784699
11793096 11794275
11802737 11803908
11812298 11813453
11822000 11823169
11831629 11832762
11841061 11842197
11850490 11851610
11859847 11860976
11869141 11870253
11878294 11879408
11887522 11888631
11896696 11897821
11905695 11906800
11914639 11915753
11923711 11924833
11932998 11934099
11942282 11943399
11951487 11952604
11960866 11961996
11970167 11971299
11979347 11980482
11988745 11989878
11998281 11999446
12007850 12009036
12017472 12018630
12027074 12028257
12036862 12038040
12046878 12048037
12056931 12058103
12066993 12068145
12077014 12078167
12086880 12088026
12096519 12097650
12105895 12107030
12115402 12116559
12124914 12126036
12134565 12135688
12144055 12145196
12153539 12154655
12163158 12164262
12172557 12173674
12182205 12183302
12191827 12192946
12201367 12202488
12211136 12212269
12221146 12222304
12231297 12232466
12241580 12242755
12252014 12253172
12262482 12263625
12272765 12273921
12283035 12284188
12293294 12294422
12303531 12304683
12313889 12315028
12324251 12325381
12334670 12335807
12345017 12346146
12355209 12356311
12365177 12366304
12375101 12376224
12384790 12385880
12394449 12395513
12403959 12405018
12413547 12414619
12423185 12424259
12432928 12433984
12442437 12443503
12451787 12452837
12461241 12462319
12470638 12471745
12480214 12481312
12489599 12490696
12499225 12500312
12508857 12509944
12518670 12519728
12528656 12529685
12538647 12539719
12548494 12549528
12558116 12559156
12567560 12568565
12576857 12577859
12586308 12587344
12595881 12596904
12605652 12606671
12615263 12616290
12624671 12625696
12634285 12635319
12644048 12645085
12654042 12655050
12664071 12665080
12674323 12675364
12684763 12685866
12695454 12696556
12706009 12707121
12716540 12717636
12727184 12728292
12737616 12738697
12748218 12749316
12758898 12759988
12769656 12770756
12780248 12781344
12790853 12791938
12801596 12802674
12812462 12813562
12823302 12824395
12834032 12835126
12844803 12845913
12855697 12856835
12866449 12867592
12877300 12878470
12888061 12889205
12898569 12899710
12908896 12910032
12919439 12920604
12929802 12930949
12940277 12941415
12950927 12952070
12961641 12962774
12972325 12973445
12982961 12984045
12993695 12994782
13004389 13005449
13014877 13015974
13025648 13026725
13036408 13037522
13046974 13048065
13057329 13058395
13067653 13068716
13078073 13079116
13088689 13089718
13099054 13100088
13109651 13110691
13120149 13121193
13130553 13131551
13140814 13141870
13150980 13152046
13161307 13162358
13171724 13172750
13182019 13183011
13192458 13193449
13203120 13204113
13213814 13214832
13224586 13225604
13235448 13236445
13246214 13247190
13256726 13257710
13267180 13268187
13277573 13278564
13287762 13288731
13297879 13298861
13307818 13308793
13317563 13318504
13327304 13328206
13337098 13337994
13347048 13347964
13356849 13357791
13366637 13367567
13376423 13377380
13386087 13387037
13395732 13396676
13405213 13406169
13414610 13415535
13423757 13424688
13432970 13433915
13442264 13443211
13451713 13452697
13461187 13462172
13470807 13471812
13480370 13481370
13490124 13491099
13500061 13501036
13509774 13510739
13519251 13520224
13528798 13529774
13538291 13539311
13548022 13549057
13557545 13558591
13567275 13568318
13576932 13577976
13586545 13587572
13596332 13597346
13606042 13607050
13615786 13616788
13625601 13626599
13635488 13636524
13645311 13646304
13655008 13656004
13664505 13665515
13674010 13675027
13683450 13684435
13693053 13694047
13702768 13703765
13712584 13713593
13722270 13723288
13731921 13732947
13741711 13742713
13751620 13752602
13761618 13762606
13771814 13772804
13782110 13783106
13792256 13793268
13802658 13803680
13812959 13813988
13823507 13824519
13834133 13835173
13844880 13845899
13855674 13856681
13866582 13867578
13877358 13878357
13888186 13889196
13899034 13900030
13909653 13910643
13920141 13921124
13930777 13931786
13941583 13942550
13952402 13953332
13963432 13964378
13974600 13975549
13985889 13986854
13997217 13998175
14008655 14009652
14020091 14021078
14031448 14032409
14042645 14043623
14053641 14054638
14064625 14065622
14075381 14076398
14086027 14087033
14096810 14097804
14107612 14108612
14118465 14119454
14129395 14130393
14140390 14141416
14151568 14152580
14162541 14163528
14173672 14174655
14184854 14185849
14195864 14196851
14207029 14208014
14218438 14219429
14229916 14230907
14241291 14242270
14252744 14253695
14264103 14265051
14275503 14276460
14287013 14287962
14298422 14299348
14310028 14310966
14321803 14322726
14333603 14334510
14345386 14346314
14357257 14358164
14369203 14370117
14381208 14382096
14393080 14393968
14404761 14405654
14416508 14417443
14428449 14429356
14440224 14441121
14451861 14452728
14463318 14464186
14474793 14475681
14486364 14487202
14497914 14498783
14509659 14510521
14521460 14522327
14533178 14534031
14544919 14545762
14556598 14557445
14568153 14568987
14579522 14580360
14590759 14591585
14601922 14602729
14613145 14613978
14624642 14625492
14636127 14636968
14647579 14648455
14658970 14659815
14670456 14671311
14682006 14682896
14693743 14694631
14705238 14706128
14716863 14717760
14728262 14729165
14739901 14740781
14751453 14752314
14762907 14763805
14774495 14775448
14785888 14786858
14797273 14798247
14808832 14809781
14820487 14821424
14831939 14832873
14843472 14844379
14855187 14856100
14867069 14867947
14878725 14879621
14890603 14891484
14902230 14903103
14914071 14914973
14925822 14926706
14937720 14938639
14949894 14950819
14961922 14962836
14973752 14974664
14985535 14986450
14997176 14998105
15008993 15009896
15020873 15021795
15032629 15033577
15044432 15045355
15056220 15057182
15067968 15068910
15079577 15080499
15090968 15091918
15102567 15103507
15114233 15115174
15125971 15126942
15137875 15138861
15150001 15150937
15161919 15162877
15174059 15175013
15186316 15187299
15198525 15199514
15210661 15211653
15222986 15223964
15235355 15236349
15247527 15248501
15259874 15260838
15272188 15273163
15284322 15285298
15296270 15297296
15308405 15309443
15320595 15321657
15332974 15334023
15345393 15346494
15357939 15359045
15370645 15371741
15383274 15384345
15395971 15397025
15408792 15409848
15421446 15422494
15434314 15435334
15447319 15448345
15460140 15461137
15473023 15474029
15485730 15486738
15498496 15499488
15511307 15512305
15524156 15525153
15536865 15537856
15549734 15550755
15562499 15563522
15575043 15576075
15587652 15588709
15600135 15601194
15612527 15613616
15624758 15625827
15637135 15638186
15649584 15650605
15662226 15663265
15674987 15676035
15687943 15689022
15701055 15702106
15714198 15715212
15727222 15728217
15740123 15741111
15753177 15754166
15766290 15767296
15779181 15780193
15792164 15793159
15805259 15806267
15818491 15819475
15831800 15832763
15845076 15846048
15858602 15859551
15872154 15873094
15885782 15886725
15899478 15900430
15913154 15914140
15926871 15927865
15940792 15941757
15954640 15955640
15968607 15969587
15982358 15983334
15995875 15996827
16009507 16010424
16023331 16024226
16037337 16038241
16051439 16052386
16065419 16066343
16079615 16080539
16093727 16094630
16108011 16108912
16122404 16123327
16136756 16137651
16150910 16151830
16165107 16165995
16179112 16179994
16192861 16193707
16206774 16207604
16220435 16221256
16233870 16234674
16247047 16247852
16260010 16260800
16273051 16273844
16285878 16286627
16298725 16299476
16311672 16312431
16324382 16325163
16336968 16337756
16349358 16350115
16361660 16362410
16374037 16374782
16386394 16387117
16398902 16399644
16411569 16412313
16424000 16424725
16436512 16437260
16449262 16449980
16461826 16462515
16474304 16475006
16486853 16487564
16499446 16500167
16511996 16512738
16524337 16525070
16536831 16537562
16549365 16550080
16561842 16562599
16574578 16575336
16587398 16588126
16600362 16601105
16613223 16613978
16625905 16626680
16638452 16639228
16651196 16651972
16663947 16664736
16676583 16677364
16689066 16689886
16701588 16702410
16714305 16715086
16727192 16727955
16740256 16741020
16753252 16754019
16766203 16766991
16779375 16780126
16792409 16793160
16805568 16806294
16818839 16819541
16832073 16832777
16845177 16845861
16858350 16859031
16871482 16872175
16884801 16885493
16898329 16898999
16911622 16912287
16924989 16925658
16938163 16938852
16951444 16952114
16964883 16965573
16978364 16979072
16991634 16992368
17004921 17005657
17018385 17019122
17031735 17032465
17045208 17045937
17058585 17059308
17071932 17072637
17085415 17086128
17098941 17099621
17112570 17113237
17126408 17127094
17140148 17140797
17154066 17154716
17167745 17168393
17181645 17182304
17195551 17196235
17209378 17210045
17223407 17224051
17237171 17237820
17251075 17251743
17264989 17265672
17278833 17279498
17292832 17293485
17306831 17307487
17320895 17321534
17335015 17335647
17348897 17349499
17362524 17363120
17376360 17376940
17390120 17390749
17404009 17404640
17417942 17418589
17431941 17432626
17445777 17446472
17459502 17460219
17473329 17474019
17487136 17487851
17500769 17501486
17514582 17515311
17528530 17529230
17542387 17543073
17556139 17556837
17569683 17570349
17583165 17583839
17596846 17597534
17610633 17611328
17624525 17625230
17638253 17638954
17651956 17652670
17665733 17666431
17679527 17680231
17693297 17694026
17707308 17708065
17721170 17721891
17735026 17735766
17748797 17749547
17762587 17763337
17776547 17777315
17790510 17791282
17804433 17805179
17818392 17819149
17832494 17833231
17846417 17847162
17860361 17861075
17874278 17874971
17888095 17888804
17901853 17902556
17915851 17916567
17930097 17930815
17944554 17945275
17958965 17959671
17973493 17974161
17987733 17988422
18002151 18002844
18016586 18017251
18031125 18031789
18045817 18046490
18060685 18061338
18075608 18076243
18090657 18091304
18105592 18106212
18120426 18120998
18135308 18135859
18150101 18150639
18164781 18165308
18179410 18179961
18193818 18194372
18208300 18208865
18222743 18223310
18237130 18237723
18251715 18252267
18266180 18266740
18280868 18281405
18295426 18295971
18309998 18310567
18324650 18325254
18339477 18340084
18354547 18355174
18369709 18370312
18384966 18385612
18400489 18401148
18416271 18416902
18432091 18432719
18447822 18448440
18463679 18464298
18479705 18480321
18495929 18496555
18512179 18512792
18528419 18529047
18544827 18545488
18561223 18561868
18577442 18578105
18593486 18594166
18609532 18610222
18625572 18626274
18641588 18642297
18657736 18658469
18674144 18674879
18690681 18691388
18707406 18708110
18724203 18724933
18741047 18741789
18757885 18758644
18774935 18775697
18792160 18792888
18809240 18809966
18826079 18826807
18842921 18843668
18859606 18860380
18876226 18876984
18892717 18893463
18909360 18910119
18926092 18926867
18943088 18943867
18960048 18960823
18976809 18977571
18993506 18994246
19010022 19010806
19026493 19027271
19043028 19043798
19059612 19060360
19076319 19077056
19093029 19093761
19109887 19110604
19126760 19127465
19143822 19144522
19160638 19161339
19177560 19178253
19194642 19195325
19211491 19212161
19228401 19229082
19245380 19246080
19262260 19262957
19278985 19279663
19295695 19296357
19312566 19313265
19329295 19329980
19346134 19346799
19362832 19363545
19379807 19380509
19396557 19397303
19413385 19414156
19430432 19431229
19447321 19448136
19464049 19464865
19480528 19481343
19496784 19497572
19513030 19513824
19529452 19530237
19545913 19546680
19562227 19563009
19578540 19579331
19594669 19595474
19610698 19611511
19626571 19627381
19642318 19643165
19658031 19658855
19673707 19674534
19689319 19690142
19705009 19705798
19720609 19721403
19736285 19737112
19751774 19752584
19767120 19767921
19782331 19783116
19797695 19798497
19812966 19813737
19828429 19829204
19843955 19844749
19859594 19860398
19875380 19876212
19891164 19891971
19906786 19907617
19922254 19923063
19937796 19938605
19953326 19954143
19968716 19969510
19984054 19984825
19999370 20000131
20014649 20015393
20029890 20030672
20045381 20046188
20060777 20061622
20076163 20076985
20091576 20092375
20107177 20107983
20122634 20123423
20138016 20138810
20153622 20154437
20169137 20169950
20184714 20185544
20200511 20201319
20216049 20216882
20231610 20232423
20247397 20248171
20263024 20263792
20278560 20279297
20293837 20294569
20309053 20309790
20324377 20325100
20339654 20340353
20355133 20355849
20370502 20371249
20386009 20386731
20401405 20402118
20416861 20417548
20432073 20432722
20447156 20447794
20462378 20463014
20477670 20478260
20492992 20493592
20508298 20508906
20523843 20524456
20539149 20539783
20554671 20555290
20569984 20570635
20585393 20586049
20600563 20601232
20615855 20616550
20630999 20631640
20646085 20646719
20660963 20661611
20675663 20676329
20690557 20691235
20705428 20706120
20720318 20720993
20735195 20735897
20750271 20750984
20765379 20766075
20780530 20781227
20795458 20796148
20810244 20810941
20825188 20825869
20840020 20840708
20855022 20855718
20869968 20870673
20885111 20885807
20900085 20900791
20915214 20915884
20930151 20930837
20944906 20945614
20959686 20960428
20974353 20975095
20988953 20989692
21003612 21004320
21018307 21019028
21033124 21033835
21047729 21048455
21062504 21063219
21077465 21078148
21092505 21093211
21107557 21108262
21122425 21123145
21137314 21138032
21152237 21152927
21167091 21167743
21181692 21182339
21196371 21197030
21210960 21211621
21225720 21226357
21240420 21241066
21255378 21256016
21270340 21270991
21285393 21286072
21300364 21301044
21315396 21316052
21330412 21331019
21345193 21345815
21360051 21360669
21375095 21375697
21389974 21390586
21405090 21405705
21420434 21421061
21435895 21436504
21451556 21452179
21467370 21467974
21483173 21483781
21499183 21499773
21515359 21515919
21531396 21531974
21547331 21547917
21563498 21564086
21579621 21580222
21595925 21596579
21612046 21612700
21628402 21629074
21644962 21645648
21661587 21662295
21678438 21679122
21695378 21696084
21712444 21713109
21729594 21730255
21746779 21747437
21763876 21764549
21781200 21781874
21798607 21799269
21815975 21816636
21833442 21834068
21851115 21851750
21868590 21869192
21885952 21886531
21903477 21904040
21921072 21921663
21938930 21939535
21957018 21957605
21975268 21975855
21993650 21994231
22011903 22012451
22030145 22030695
22048229 22048789
22066226 22066785
22084422 22084966
22102543 22103097
22120840 22121384
22138891 22139464
22156885 22157460
22174876 22175462
22193066 22193639
22211196 22211790
22229171 22229760
22247107 22247680
22265110 22265701
22283084 22283688
22301228 22301832
22319499 22320131
22337807 22338454
22356166 22356789
22374548 22375174
22392968 22393592
22411273 22411885
22429637 22430214
22448211 22448790
22466769 22467335
22485347 22485957
22504216 22504806
22523088 22523648
22541908 22542465
22560542 22561045
22579336 22579837
22598022 22598511
22616644 22617104
22635459 22635926
22654289 22654727
22673314 22673743
22692094 22692544
22711050 22711462
22729898 22730330
22748768 22749197
22767835 22768290
22786813 22787294
22805656 22806117
22824391 22824863
22843362 22843840
22862577 22863063
22881593 22882054
22900357 22900814
22919037 22919493
22937918 22938397
22956792 22957274
22975784 22976272
22994924 22995433
23014078 23014579
23033277 23033747
23052678 23053124
23071919 23072368
23091286 23091748
23110496 23110942
23129849 23130291
23149153 23149560
23168196 23168588
23186994 23187363
23206007 23206391
23224785 23225167
23243485 23243855
23262224 23262573
23280892 23281231
23299741 23300076
23318801 23319128
23338005 23338308
23357330 23357608
23376735 23377002
23396160 23396439
23415358 23415612
23434379 23434653
23453228 23453508
23472029 23472313
23491028 23491285
23510030 23510279
23529155 23529453
23548362 23548671
23567431 23567736
23586422 23586708
23605429 23605729
23624526 23624780
23643792 23644026
23662999 23663235
23682235 23682463
23701230 23701441
23720321 23720511
23739392 23739551
23758645 23758760
23777637 23777782
23796642 23796806
23815482 23815631
23834327 23834481
23853125 23853285
23872150 23872318
23891031 23891173
23909819 23909960
23928495 23928610
23947379 23947497
23966141 23966272
23985060 23985167
24003812 24003948
24022625 24022780
24041409 24041574
24060134 24060291
24078855 24079028
24097434 24097621
24116259 24116408
24134811 24134961
24153361 24153530
24171930 24172071
24190398 24190560
24208641 24208825
24226749 24226914
24244986 24245135
24263084 24263241
24281053 24281196
24298795 24298932
24316408 24316536
24334081 24334207
24351847 24351996
24369572 24369747
24387385 24387595
24405163 24405355
24423093 24423267
24441222 24441356
24459144 24459256
24476800 24476919
24494345 24494462
24511982 24512111
24529463 24529590
24546892 24546988
24564100 24564208
24581151 24581245
24597967 24598045
24614791 24614874
24631388 24631472
24648185 24648265
24665062 24665155
24682031 24682137
24699130 24699259
24716159 24716298
24733344 24733468
24750624 24750775
24767782 24767963
24785095 24785322
24802561 24802792
24820237 24820453
24837720 24837916
24855104 24855272
24872425 24872611
24889802 24889992
24907252 24907427
24924859 24925059
24942462 24942656
24960261 24960467
24977999 24978198
24995509 24995734
25013230 25013446
25031004 25031206
25049007 25049200
25066758 25066956
25084637 25084856
25102660 25102864
25120747 25120984
25138789 25139028
25156942 25157171
25175289 25175508
25193871 25194097
25212410 25212659
25231093 25231341
25249719 25249971
25268315 25268597
25286990 25287259
25305700 25305974
25324502 25324774
25343060 25343356
25361687 25361987
25380098 25380363
25398335 25398602
25416562 25416831
25434646 25434860
25452584 25452777
25470663 25470881
25488904 25489123
25507193 25507382
25525222 25525383
25543467 25543651
25561856 25562012
25580056 25580227
25598501 25598658
25616860 25617003
25635132 25635319
25653353 25653531
25671674 25671860
25690163 25690342
25708497 25708713
25726894 25727105
25745457 25745665
25763911 25764107
25782385 25782571
25800695 25800906
25819226 25819449
25837607 25837817
25856116 25856290
25874750 25874930
25893336 25893519
25912008 25912212
25930654 25930890
25949085 25949339
25967322 25967555
25985521 25985788
26003813 26004049
26022262 26022529
26040932 26041190
26059771 26059977
26078600 26078791
26097296 26097460
26116000 26116175
26134470 26134675
26152944 26153152
26171603 26171807
26190495 26190693
26209491 26209715
26228384 26228587
26247142 26247343
26266103 26266327
26285157 26285353
26304082 26304286
26323150 26323321
26342407 26342574
26361585 26361762
26380802 26380992
26399951 26400133
26419027 26419167
26438040 26438149
26457227 26457360
26476245 26476352
26495033 26495136
26513569 26513680
26532051 26532171
26550420 26550520
26568840 26568947
26587383 26587501
26605702 26605820
26624199 26624314
26642708 26642826
26661410 26661561
26680144 26680268
26698873 26699001
26717384 26717521
26736036 26736175
26754909 26755037
26773747 26773841
26792425 26792499
26811137 26811213
26829642 26829701
26848062 26848125
26866463 26866540
26885054 26885100
26903679 26903731
26922217 26922281
26940818 26940887
26959582 26959655
26978538 26978605
26997426 26997501
27016147 27016203
27034601 27034648
27052898 27052907
27071286 27071294
27089857 27089876
27108424 27108447
27126831 27126869
27145056 27145086
27163067 27163076
27181276 27181295
27199677 27199693
27218045 27218050
27236463 27236502
27254844 27254884
27273249 27273270
27291708 27291749
27310256 27310289
27328715 27328745
27347306 27347347
27365749 27365828
27384319 27384403
27403060 27403131
27421860 27421936
27440618 27440694
27459609 27459695
27478444 27478556
27497314 27497429
27516114 27516250
27534826 27534931
27553489 27553610
27572350 27572484
27591306 27591450
27610140 27610283
27628984 27629124
27647725 27647865
27666561 27666713
27685403 27685571
27704294 27704506
27723064 27723273
27741874 27742061
27760523 27760696
27779169 27779349
27797635 27797828
27815866 27816052
27834030 27834226
27852348 27852569
27870466 27870675
27888361 27888542
27906255 27906425
27923951 27924145
27941443 27941627
27959031 27959213
27976602 27976825
27994282 27994475
28011799 28011975
28029443 28029644
28047050 28047271
28064804 28065027
28082718 28082894
28100795 28100977
28118903 28119086
28137042 28137251
28155373 28155563
28173858 28174048
28192457 28192656
28211271 28211445
28230162 28230329
28249140 28249282
28267918 28268049
28286518 28286675
28305277 28305428
28324017 28324136
28342627 28342730
28361308 28361431
28379969 28380069
28398517 28398644
28417336 28417470
28436105 28436274
28455062 28455229
28473870 28474034
28492750 28492915
28511691 28511876
28530883 28531079
28550107 28550268
28569247 28569391
28588161 28588292
28607194 28607337
28626109 28626264
28645070 28645228
28664023 28664164
28683199 28683328
28702288 28702427
28721200 28721342
28739902 28740020
28758811 28758926
28777805 28777944
28796853 28796988
28815952 28816090
28835111 28835262
28854264 28854429
28873583 28873745
28892844 28893007
28912130 28912295
28931223 28931409
28950496 28950703
28969775 28969987
28988839 28989060
29007670 29007865
29026709 29026891
29045557 29045715
29064544 29064722
29083463 29083619
29102485 29102617
29121252 29121363
29139927 29140032
29158384 29158516
29176738 29176856
29195151 29195281
29213762 29213895
29232290 29232419
29250839 29250963
29269267 29269419
29287547 29287684
29305610 29305740
29323654 29323770
29341761 29341877
29359641 29359784
29377792 29377919
29395710 29395825
29413762 29413898
29432077 29432215
29450555 29450703
29468823 29468975
29487273 29487414
29505634 29505760
29523860 29523986
29541865 29541998
29559772 29559891
29577863 29578007
29596088 29596235
29614381 29614536
29632540 29632724
29650637 29650764
29668693 29668811
29686732 29686859
29704942 29705072
29723139 29723269
29741289 29741440
29759457 29759578
29777400 29777532
29795301 29795378
29813069 29813105
29830792 29830817
29848660 29848677
29866496 29866502
29884357 29884383
29902428 29902493
29920360 29920446
29938245 29938343
29956113 29956206
29973783 29973894
29991467 29991553
30009118 30009217
30026835 30026929
30044414 30044510
30061779 30061895
30079258 30079398
30096660 30096770
30113874 30114002
30131081 30131242
30148165 30148331
30165124 30165316
30182341 30182502
30199418 30199551
30216273 30216411
30233039 30233182
30249867 30250023
30266549 30266712
30283013 30283177
30299332 30299524
30315787 30316020
30332135 30332335
30348549 30348741
30364886 30365072
30381463 30381659
30398292 30398456
30415328 30415471
30432541 30432676
30449500 30449596
30466605 30466701
30483784 30483912
30500894 30501023
30518044 30518179
30535101 30535208
30552082 30552186
30568842 30568953
30585414 30585519
30602078 30602144
30618496 30618552
30635000 30635060
30651458 30651544
30668024 30668120
30684673 30684742
30701492 30701566
30718391 30718468
30735381 30735454
30752239 30752334
30768889 30768963
30785353 30785435
30801805 30801878
30818151 30818217
30834645 30834690
30850948 30850989
30867364 30867391
30883937 30883943
30900275 30900279
30916480 30916537
30932879 30932952
30949475 30949546
30965842 30965898
30981964 30982059
30997904 30998026
31014011 31014133
31030197 31030315
31046346 31046479
31062333 31062442
31078271 31078349
31094107 31094199
31110144 31110257
31126306 31126434
31142320 31142430
31158519 31158644
31174917 31174985
31191403 31191452
31208036 31208058
31224657 31224696
31241387 31241432
31258259 31258287
31275129 31275193
31291969 31292050
31308815 31308898
31325434 31325491
31342072 31342151
31358485 31358566
31374770 31374850
31390931 31391047
31407013 31407120
31423263 31423377
31439285 31439410
31455264 31455396
31471069 31471196
31487085 31487226
31503260 31503417
31519620 31519738
31535972 31536089
31552485 31552560
31569078 31569155
31585426 31585500
31601618 31601667
31617876 31617944
31634204 31634267
31650625 31650658
31666907 31666949
31683148 31683164
31699571 31699604
31715965 31715983
31732313 31732335
31748608 31748614
31765118 31765152
31781851 31781891
31798838 31798864
31816014 31816047
31832952 31832997
31849668 31849728
31866409 31866458
31883239 31883271
31899984 31900042
31916698 31916772
31933538 31933612
31950564 31950656
31967595 31967673
31984655 31984723
32001655 32001731
32018698 32018781
32035633 32035696
32052480 32052536
32069325 32069380
32086209 32086287
32103240 32103327
32120228 32120346
32137091 32137173
32154141 32154235
32171425 32171503
32188641 32188704
32205995 32206053
32223338 32223395
32240518 32240595
32257696 32257747
32274858 32274937
32291965 32292050
32309173 32309258
32326535 32326593
32343979 32344039
32361325 32361388
32378915 32378993
32396752 32396844
32414444 32414539
32432154 32432262
32450052 32450182
32468093 32468222
32485962 32486110
32503624 32503772
32521145 32521285
32538507 32538630
32555840 32555970
32573269 32573431
32590584 32590719
32608013 32608139
32625605 32625729
32642987 32643088
32660126 32660261
32677497 32677657
32694976 32695131
32712446 32712621
32729788 32729997
32747160 32747389
32764409 32764661
32781914 32782191
32799270 32799536
32816628 32816870
32833918 32834181
32851459 32851714
32868971 32869204
32886412 32886622
32903840 32904081
32921179 32921434
32938738 32938989
32956312 32956535
32974042 32974229
32991803 32991973
33009759 33009914
33027522 33027674
33045083 33045256
33062886 33063055
33080803 33081040
33098555 33098772
33116371 33116587
33133991 33134191
33151841 33152029
33169625 33169794
33187179 33187347
33204694 33204871
33222399 33222587
33240025 33240217
33257890 33258047
33275697 33275831
33293397 33293525
33311119 33311261
33328839 33328981
33346356 33346447
33363810 33363903
33381063 33381188
33398293 33398433
33415303 33415450
33432389 33432531
33449530 33449653
33466411 33466510
33483292 33483396
33500318 33500409
33517501 33517584
33534534 33534615
33551715 33551801
33568703 33568791
33585679 33585764
33602717 33602784
33619655 33619698
33636542 33636614
33653426 33653498
33670504 33670578
33687554 33687615
33704716 33704766
33721746 33721805
33738934 33739010
33756167 33756265
33773413 33773521
33790561 33790704
33807710 33807863
33824797 33824940
33841883 33842011
33859140 33859261
33876451 33876562
33893658 33893769
33911026 33911142
33928256 33928398
33945589 33945741
33963008 33963169
33980446 33980619
33997776 33997961
34014997 34015191
34032108 34032321
34049206 34049392
34066186 34066370
34082939 34083120
34099691 34099904
34116313 34116537
34132743 34132972
34149104 34149336
34165250 34165496
34181243 34181486
34196988 34197240
34212879 34213087
34228638 34228813
34244338 34244457
34259753 34259905
34275445 34275612
34291293 34291489
34307339 34307539
34323206 34323421
34339058 34339295
34354812 34355054
34370340 34370588
34385861 34386090
34401574 34401797
34417212 34417433
34432955 34433167
34448531 34448732
34464211 34464401
34479670 34479847
34494992 34495210
34510452 34510677
34526001 34526238
34541525 34541796
34556996 34557308
34572645 34572965
34588285 34588600
34603882 34604199
34619265 34619588
34634639 34634933
34649753 34650070
34664738 34665097
34679527 34679873
34694134 34694490
34708553 34708905
34723158 34723503
34737585 34737973
34751986 34752390
34766487 34766864
34780809 34781174
34794935 34795284
34808848 34809234
34822885 34823252
34837027 34837383
34851067 34851429
34865219 34865596
34879635 34880031
34893949 34894334
34908328 34908721
34922866 34923288
34937572 34938024
34952193 34952616
34966709 34967143
34981362 34981795
34996011 34996442
35010856 35011310
35025600 35026031
35040119 35040513
35054504 35054871
35068889 35069231
35083213 35083559
35097768 35098081
35112467 35112778
35127300 35127605
35142322 35142609
35157505 35157798
35172861 35173122
35188045 35188303
35203346 35203606
35218408 35218681
35233330 35233586
35248093 35248351
35262928 35263172
35277573 35277808
35292277 35292510
35306792 35307023
35321420 35321653
35336070 35336297
35350600 35350797
35364892 35365076
35379026 35379153
35393336 35393451
35407763 35407852
35422124 35422223
35436671 35436774
35451132 35451261
35465783 35465887
35480626 35480719
35495350 35495431
35510259 35510324
35525090 35525160
35540077 35540127
35554872 35554952
35569480 35569538
35584172 35584213
35599083 35599149
35614145 35614209
35629199 35629279
35644067 35644101
35658777 35658838
35673381 35673450
35687995 35688074
35702787 35702926
35717674 35717782
35732668 35732771
35747419 35747539
35762260 35762361
35776944 35777100
35791518 35791663
35805974 35806106
35820421 35820553
35834845 35834967
35849215 35849328
35863414 35863534
35877719 35877834
35892218 35892323
35906607 35906667
35920736 35920775
35934965 35935014
35949191 35949244
35963172 35963226
35977331 35977416
35991318 35991416
36005078 36005167
36019057 36019192
36033156 36033278
36047373 36047516
36061640 36061771
36075791 36075923
36090164 36090339
36104378 36104599
36118468 36118676
36132770 36132990
36147139 36147356
36161738 36161935
36176334 36176535
36190715 36190937
36205257 36205447
36219779 36219940
36234330 36234489
36248697 36248823
36263173 36263305
36277464 36277600
36291557 36291671
36305775 36305841
36320019 36320078
36334114 36334151
36348420 36348439
36362808 36362839
36377195 36377275
36391440 36391502
36405473 36405535
36419750 36419841
36434271 36434371
36448721 36448847
36463170 36463283
36477507 36477624
36491858 36491991
36506374 36506499
36521051 36521164
36535742 36535851
36550263 36550391
36564590 36564697
36578745 36578798
36592856 36592890
36607040 36607102
36621476 36621524
36635653 36635702
36649581 36649622
36663299 36663366
36676977 36677064
36690908 36690977
36704653 36704751
36718618 36718750
36732399 36732498
36746286 36746415
36760219 36760342
36774190 36774329
36787944 36788083
36801551 36801682
36815393 36815525
36829127 36829250
36842905 36843047
36856862 36856992
36870835 36870978
36884980 36885153
36899153 36899311
36913144 36913305
36926963 36927126
36940940 36941121
36954814 36954990
36968920 36969084
36982883 36983042
36996908 36997044
37011153 37011298
37025550 37025691
37040127 37040280
37054606 37054781
37069233 37069422
37083818 37083990
37098428 37098599
37112817 37112975
37127373 37127525
37141706 37141873
37155884 37156039
37169847 37170003
37183580 37183751
37197478 37197672
37211591 37211768
37225623 37225811
37239651 37239825
37253498 37253696
37267462 37267660
37281514 37281705
37295699 37295893
37309927 37310143
37324042 37324216
37337907 37338086
37351857 37352055
37365795 37365995
37379688 37379894
37393407 37393637
37407298 37407526
37420941 37421161
37434805 37435035
37448816 37449077
37462926 37463153
37477139 37477358
37491102 37491330
37504863 37505141
37518703 37518976
37532315 37532539
37545929 37546170
37559519 37559786
37573147 37573390
37586784 37587034
37600590 37600868
37614532 37614839
37628668 37628964
37642798 37643078
37656899 37657203
37671022 37671335
37684916 37685215
37698833 37699139
37712831 37713143
37727066 37727362
37741181 37741458
37755502 37755808
37769811 37770107
37784258 37784547
37798658 37798944
37812959 37813281
37827243 37827507
37841400 37841682
37855518 37855827
37869449 37869712
37883136 37883414
37896999 37897263
37910905 37911176
37925037 37925291
37939077 37939338
37953263 37953556
37967616 37967947
37981834 37982178
37996258 37996592
38010619 38010906
38024956 38025238
38039506 38039782
38054009 38054270
38068249 38068537
38082359 38082640
38096388 38096685
38110255 38110539
38123962 38124236
38137630 38137919
38151526 38151773
38165443 38165668
38179391 38179600
38193297 38193474
38207244 38207416
38221007 38221192
38234773 38234960
38248564 38248757
38262239 38262441
38276123 38276338
38289950 38290132
38303527 38303686
38317145 38317337
38330785 38330981
38344402 38344568
38357911 38358073
38371336 38371486
38384514 38384653
38397902 38398024
38411408 38411544
38425177 38425290
38438996 38439062
38452610 38452674
38466437 38466478
38480300 38480381
38494062 38494159
38507617 38507692
38521189 38521268
38534951 38535034
38548660 38548743
38562415 38562478
38576189 38576251
38589866 38589927
38603635 38603744
38617678 38617802
38631801 38631908
38646044 38646171
38660255 38660397
38674286 38674456
38688583 38688762
38703027 38703229
38717323 38717530
38731533 38731735
38745871 38746060
38760320 38760502
38774630 38774831
38788891 38789097
38803278 38803455
38817568 38817711
38832028 38832144
38846628 38846721
38861086 38861165
38875512 38875611
38889710 38889798
38903868 38903980
38917846 38917947
38931601 38931722
38945308 38945470
38959256 38959398
38973274 38973412
38987081 38987219
39000644 39000772
39014027 39014139
39027527 39027632
39041016 39041122
39054518 39054623
39068007 39068100
39081603 39081692
39095417 39095499
39109075 39109178
39122831 39122910
39136377 39136461
39149947 39149991
39163329 39163384
39176956 39177013
39190482 39190553
39204165 39204230
39217951 39218041
39231522 39231615
39245149 39245238
39258904 39259018
39272590 39272695
39286090 39286161
39299774 39299842
39313576 39313599
39327518 39327527
39341614 39341629
39355492 39355535
39369411 39369437
39383112 39383125
39396572 39396587
39409790 39409802
39422887 39422910
39436067 39436086
39449031 39449058
39462233 39462254
39475229 39475268
39488314 39488377
39501333 39501358
39514217 39514228
39527044 39527061
39539679 39539692
39552450 39552473
39565412 39565432
39578204 39578212
39590747 39590749
39603226 39603249
39615912 39615961
39628755 39628818
39641717 39641785
39654630 39654694
39667666 39667684
39680442 39680454
39693360 39693388
39706502 39706565
39719547 39719582
39732654 39732675
39745505 39745537
39758188 39758242
39770879 39770956
39783695 39783751
39796262 39796313
39808742 39808763
39820961 39821002
39833374 39833408
39845850 39845858
39858242 39858286
39870537 39870605
39882952 39883030
39895589 39895669
39908153 39908241
39920677 39920742
39933252 39933313
39946037 39946119
39958805 39958882
39971672 39971757
39984379 39984432
39997034 39997067
40009760 40009789
40022712 40022762
40035831 40035873
40049169 40049223
40062461 40062523
40075694 40075747
40088901 40088947
40102163 40102226
40115515 40115590
40128847 40128908
40142305 40142393
40155660 40155751
40168832 40168880
40181874 40181911
40195025 40195056
40208037 40208040
40220844 40220858
40233827 40233849
40246918 40246951
40259954 40259983
40272844 40272875
40285846 40285871
40298869 40298877
40312032 40312042
40325063 40325073
40337886 40337898
40350634 40350661
40363513 40363535
40376463 40376476
40389569 40389588
40402480 40402508
40415423 40415460
40428316 40428342
40441249 40441266
40454135 40454145
40467158 40467170
40480154 40480161
40493388 40493406
40506878 40506903
40520462 40520503
40534002 40534011
40547645 40547656
40561043 40561047
40574403 40574408
40587963 40587976
40601722 40601742
40615668 40615707
40629866 40629909
40644235 40644328
40658819 40658959
40673446 40673596
40688213 40688325
40702840 40702957
40717394 40717513
40731898 40732026
40746442 40746583
40761236 40761345
40775773 40775931
40790113 40790256
40804282 40804399
40818474 40818570
40832752 40832855
40846998 40847113
40861154 40861291
40875429 40875570
40889771 40889928
40904204 40904370
40918632 40918798
40933002 40933147
40947389 40947543
40961879 40962058
40976572 40976758
40991060 40991235
41005399 41005594
41019768 41019947
41033883 41034044
41047818 41047993
41061775 41061950
41075796 41075953
41089922 41090070
41104282 41104413
41118840 41118976
41133161 41133290
41147413 41147550
41161734 41161875
41175899 41176019
41190199 41190330
41204598 41204756
41219039 41219189
41233573 41233726
41248282 41248443
41263211 41263388
41278076 41278264
41292822 41292996
41307557 41307727
41322083 41322260
41336374 41336549
41350624 41350817
41364973 41365192
41379459 41379674
41393745 41393993
41408256 41408515
41422994 41423225
41437911 41438111
41452771 41452970
41467624 41467798
41482465 41482677
41497159 41497371
41511782 41511966
41526451 41526648
41541236 41541457
41556101 41556318
41570791 41571025
41585596 41585864
41600674 41600938
41615888 41616148
41631013 41631307
41646174 41646474
41661375 41661690
41676766 41677098
41691927 41692291
41707128 41707516
41722244 41722669
41737170 41737610
41751940 41752384
41766690 41767126
41781289 41781718
41795775 41796178
41810403 41810804
41825188 41825614
41840136 41840581
41855029 41855484
41870160 41870633
41885254 41885731
41900177 41900655
41915112 41915573
41929834 41930282
41944304 41944755
41958675 41959149
41973084 41973579
41987524 41988016
42001735 42002230
42015885 42016408
42029842 42030368
42043852 42044383
42057810 42058329
42071928 42072420
42086145 42086630
42100342 42100815
42114757 42115225
42129301 42129750
42143917 42144366
42158681 42159119
42173640 42174088
42188360 42188767
42203276 42203696
42218276 42218698
42233509 42233915
42248682 42249071
42263716 42264119
42278765 42279150
42293779 42294146
42308552 42308891
42323281 42323601
42337897 42338224
42352621 42352944
42367141 42367439
42381672 42381983
42395976 42396290
42410293 42410597
42424797 42425135
42439394 42439721
42453995 42454324
42468473 42468744
42482962 42483261
42497559 42497852
42512267 42512524
42526766 42527033
42541453 42541711
42555965 42556210
42570564 42570826
42585122 42585405
42599516 42599794
42614103 42614398
42628881 42629185
42643493 42643796
42657925 42658201
42672189 42672493
42686552 42686839
42701057 42701329
42715426 42715712
42729793 42730049
42744103 42744356
42758394 42758636
42772884 42773131
42787510 42787772
42801914 42802117
42816335 42816536
42830925 42831144
42845587 42845805
42860178 42860386
42874686 42874892
42889430 42889641
42903978 42904201
42918705 42918933
42933545 42933751
42948333 42948498
42962984 42963153
42977399 42977586
42991680 42991842
43005912 43006081
43020205 43020379
43034254 43034452
43048266 43048467
43062474 43062690
43076809 43077059
43091418 43091666
43105931 43106139
43120377 43120571
43134793 43134958
43149267 43149429
43163930 43164088
43178475 43178635
43192971 43193139
43207459 43207648
43222179 43222365
43236662 43236874
43251339 43251543
43266197 43266414
43280927 43281157
43295540 43295770
43310060 43310293
43324824 43325065
43339584 43339803
43354183 43354408
43368892 43369133
43383451 43383717
43397859 43398132
43412507 43412761
43427335 43427616
43442082 43442371
43456936 43457185
43471706 43471984
43486276 43486593
43500928 43501245
43515437 43515743
43529982 43530283
43544602 43544894
43559103 43559398
43573771 43574024
43588536 43588770
43603461 43603703
43618530 43618804
43633844 43634096
43649271 43649562
43664808 43665075
43680491 43680762
43696058 43696318
43711439 43711696
43726790 43727059
43742337 43742592
43757933 43758185
43773568 43773811
43789163 43789388
43804754 43804957
43820401 43820617
43835828 43836068
43851029 43851271
43866075 43866309
43881294 43881529
43896571 43896797
43911673 43911924
43926834 43927082
43942063 43942279
43957352 43957553
43972443 43972619
43987306 43987514
44002230 44002468
44017236 44017495
44032115 44032370
44047160 44047406
44062430 44062670
44077773 44078034
44093293 44093534
44108670 44108903
44124178 44124394
44139823 44140041
44155320 44155487
44170737 44170920
44186402 44186577
44202207 44202403
44218254 44218430
44234426 44234598
44250620 44250756
44266995 44267172
44283204 44283350
44299195 44299333
44315030 44315158
44331004 44331116
44346939 44347040
44362638 44362765
44378464 44378610
44394319 44394441
44410015 44410138
44425601 44425722
44441051 44441181
44456728 44456852
44472315 44472423
44487665 44487799
44502824 44502961
44517957 44518094
44533079 44533196
44547940 44548075
44562742 44562886
44577660 44577794
44592428 44592578
44607078 44607204
44621808 44621908
44636616 44636709
44651537 44651596
44666576 44666628
44681526 44681551
44696632 44696658
44711616 44711626
44726607 44726611
44741560 44741569
44756392 44756394
44771045 44771048
44785603 44785676
44800246 44800282
44815049 44815098
44829909 44829936
44844829 44844874
44859734 44859768
44874612 44874660
44889647 44889709
44904720 44904784
44919658 44919706
