486
472
281
477
636
647
867
704
700
457
432
355
235
293
380
327
81
157
208
81
39
240
307
75
271
154
29
9
149
274
488
386
254
449
331
282
401
636
720
808
625
412
219
156
402
582
766
827
1032
1239
1068
1036
853
705
905
1117
977
935
1123
1278
1402
1200
1220
1125
955
947
1090
1145
1112
1013
1242
1107
951
1136
1029
1236
1293
1267
1440
1384
1264
1174
1267
1250
1127
1061
1120
886
1013
763
606
840
693
920
1004
1207
1173
1282
1136
1206
1228
1007
835
800
680
769
764
762
712
825
1050
1144
1070
1315
1491
1388
1560
1378
1501
1555
1359
1364
1263
1224
1470
1263
1404
1602
1564
1568
1331
1414
1572
1552
1797
1589
1415
1524
1363
1360
1390
1202
979
856
893
920
816
922
787
624
581
368
354
458
570
707
533
422
222
66
147
284
347
240
345
384
561
560
310
171
215
174
30
201
281
350
596
700
883
885
1009
922
1065
1084
1116
914
783
1011
931
1000
1005
1136
1169
1163
1261
1273
1216
999
912
1094
1087
953
708
483
328
508
585
586
579
460
349
240
22
57
131
126
248
413
339
108
207
116
77
54
288
127
302
82
104
115
89
206
16
7
234
453
228
171
108
96
183
204
417
370
450
254
4
208
114
292
388
292
80
39
72
66
93
173
344
528
385
562
465
292
235
359
278
60
188
89
12
64
255
266
502
285
199
348
301
167
351
366
358
213
306
231
89
323
434
610
817
577
778
832
1055
1059
1149
1243
1391
1183
1272
1481
1470
1394
1568
1452
1615
1851
2024
2019
2025
2105
2090
2042
1812
1963
2173
2228
2442
2368
2177
2343
2314
2170
2145
1993
2051
2286
2039
2219
2126
1915
1857
2050
1951
2088
2199
2133
2069
1950
1710
1882
1777
1686
1752
1695
1822
2068
2042
2057
2280
2487
2713
2755
2998
3028
2830
2709
2796
2826
2937
3016
2983
2882
2679
2603
2417
2340
2541
2769
2584
2617
2800
2809
3041
3193
3124
2976
3014
3008
2783
2944
3077
3173
3357
3117
3066
3221
3259
3360
3140
3208
3446
3504
3554
3621
3833
3996
3901
3726
3896
3699
3630
3790
3559
3686
3854
4013
3875
3874
4009
4208
4312
4071
4068
4293
4048
3982
4050
4202
3959
4156
4083
3938
4157
4087
4256
4370
4617
4478
4634
4529
4474
4637
4559
4345
4371
4229
4346
4267
4370
4493
4425
4595
4655
4601
4735
4841
4606
4837
4786
4847
4735
4946
5094
4983
5031
5119
4934
4959
4851
4904
4966
4769
4541
4629
4441
4442
4403
4447
4323
4409
4615
4581
4593
4705
4748
4821
4961
4728
4686
4794
4687
4763
4550
4497
4569
4676
4854
4800
4904
4803
4945
4785
4564
4615
4739
4560
4413
4297
4344
4509
4374
4197
4399
4214
4061
3966
3732
3599
3604
3481
3254
3016
3145
2936
3117
3019
3263
3134
3129
3086
3111
3358
3498
3672
3653
3764
3536
3581
3375
3556
3428
3581
3783
3834
3694
3652
3784
3847
3648
3642
3484
3295
3493
3495
3642
3636
3654
3756
3818
3610
3423
3349
3338
3245
3479
3604
3810
3738
3956
4174
4173
4084
4088
4000
4120
4203
4012
3985
4125
4374
4439
4340
4146
4385
4219
4284
4513
4322
4331
4555
4478
4622
4596
4639
4859
4745
4628
4520
4494
4470
4545
4776
4678
4486
4653
4819
4934
5094
4894
4736
4752
4588
4621
4479
4532
4541
4525
4700
4598
4427
4259
4021
4027
3904
3865
3750
3561
3642
3693
3639
3545
3749
3653
3726
3703
3463
3702
3844
3980
4083
4117
4030
4273
4115
4109
3927
4039
4039
3900
4107
3985
3737
3916
4165
4062
4018
4102
4215
4230
4298
4113
4076
3981
3932
3732
3506
3503
3284
3175
3076
3077
3019
2978
2765
2807
2868
2756
2629
2702
2935
2921
2760
2930
2749
2838
2609
2400
2462
2624
2777
2772
2860
3013
3252
3205
3271
3494
3277
3090
2927
3099
3252
3396
3170
3232
3377
3368
3498
3442
3608
3493
3376
3270
3150
3285
3404
3260
3013
3125
3075
3042
2952
2847
3085
2893
2851
2823
3022
2821
2701
2584
2413
2310
2434
2390
2220
2289
2122
2238
2439
2197
2160
2007
2227
2376
2268
2353
2559
2807
3043
2960
2809
2869
2781
2657
2522
2458
2319
2265
2036
2044
2073
1982
2005
2100
1860
1641
1794
1803
1794
1577
1584
1371
1466
1573
1384
1408
1326
1228
1122
1362
1171
1269
1374
1504
1506
1573
1432
1577
1786
1826
1932
2161
2355
2382
2224
2169
2405
2201
2377
2383
2573
2525
2461
2640
2465
2350
2424
2301
2137
1973
1771
1549
1627
1736
1549
1476
1403
1462
1482
1474
1259
1103
1238
1275
1117
1317
1256
1362
1479
1713
1568
1413
1283
1147
966
828
1007
1145
1037
1051
1166
1402
1217
1387
1173
1375
1509
1754
1719
1738
1576
1326
1320
1310
1110
979
876
838
813
673
486
368
509
393
189
137
33
206
131
286
433
398
217
106
134
279
403
529
378
366
190
321
121
54
259
136
219
299
544
517
660
701
855
780
715
629
470
649
796
978
783
920
1107
877
731
632
577
667
734
649
399
220
406
619
455
345
268
318
334
396
256
98
9
165
232
167
200
305
331
572
399
151
277
367
179
411
616
481
648
628
496
499
590
435
471
456
521
574
526
290
373
263
63
98
247
159
115
171
413
343
433
398
390
272
414
578
440
359
503
334
521
656
457
212
269
93
210
17
243
306
374
507
286
320
353
240
33
222
175
329
227
454
600
732
906
1014
1255
1493
1250
1285
1298
1278
1179
1102
1168
1152
1094
1235
1283
1435
1362
1289
1162
1203
1309
1489
1336
1299
1087
1160
1310
1510
1362
1507
1653
1775
1814
2028
2010
2042
1926
1787
1919
1844
1749
1992
2172
1986
2168
2083
1885
1870
1861
2033
1844
1643
1496
1445
1337
1516
1293
1085
1158
1358
1346
1169
921
786
559
403
610
537
368
551
374
533
423
592
533
760
835
630
382
391
171
248
299
453
474
414
612
575
690
582
380
265
477
515
626
377
476
433
583
701
495
476
607
522
439
428
534
636
445
214
130
334
436
222
351
397
554
587
721
890
780
876
967
1128
1330
1490
1460
1297
1445
1623
1470
1513
1458
1418
1368
1158
1405
1505
1528
1328
1105
1057
1181
1331
1118
1195
1146
910
1120
1079
947
1189
1196
1356
1546
1597
1389
1304
1281
1352
1335
1177
1422
1414
1281
1108
1215
1184
951
1044
1129
1180
941
959
746
583
770
583
444
509
481
314
481
339
259
379
486
368
408
553
727
748
658
562
536
405
648
793
839
625
522
279
198
16
151
46
129
169
286
189
23
139
265
264
19
203
101
233
358
573
597
468
269
423
200
129
273
309
197
62
142
284
320
522
479
545
633
700
766
548
655
549
352
352
387
248
7
225
381
435
640
445
279
341
255
46
25
6
199
319
148
92
172
201
221
193
73
88
141
225
205
31
278
266
306
380
203
37
47
172
337
152
245
427
379
499
384
421
354
582
376
497
486
416
191
355
378
387
609
852
671
757
694
719
586
628
449
419
618
417
469
328
120
334
142
23
16
15
212
149
385
456
601
417
201
52
189
85
52
222
18
218
91
129
150
246
114
20
148
75
69
13
155
77
320
554
625
404
541
613
724
950
824
680
573
386
284
271
442
563
338
302
214
302
311
436
188
185
207
88
122
226
232
73
101
348
185
230
274
131
102
70
183
66
58
146
247
175
356
412
288
91
148
34
212
393
206
170
385
229
118
304
553
447
567
465
683
901
698
925
1053
816
806
564
716
684
448
394
421
500
617
854
745
977
980
1059
1035
793
885
1017
1050
1288
1158
1194
1025
1012
874
875
811
624
516
656
527
451
383
613
672
776
902
969
1101
1102
1076
944
775
559
545
386
528
718
478
702
921
929
1020
772
546
572
734
596
382
451
286
48
108
166
170
239
118
168
125
243
216
188
170
96
72
1
51
87
36
216
458
523
388
189
272
446
286
162
150
98
101
315
490
426
417
217
17
188
69
87
240
446
203
301
442
513
488
508
576
434
466
667
913
921
794
881
1061
924
1136
967
843
715
668
421
380
155
203
325
222
371
594
775
740
715
670
817
1021
1095
1069
1095
946
754
632
771
765
872
753
802
1009
1071
937
1062
1255
1346
1411
1552
1514
1580
1652
1836
1706
1575
1341
1413
1183
1081
919
798
749
516
647
729
497
660
421
288
155
58
167
17
35
121
121
258
471
499
658
471
654
470
465
225
347
334
304
288
89
122
331
394
223
13
121
98
303
530
685
842
1036
896
821
945
867
765
779
944
760
825
908
843
661
633
788
857
980
1149
1015
1089
1175
1416
1364
1148
910
782
865
904
741
732
705
660
712
895
859
853
805
893
827
819
616
680
902
854
866
621
599
788
804
977
1087
875
735
665
800
556
628
649
614
785
889
843
836
930
814
834
1070
880
998
808
907
957
943
933
777
570
680
652
575
672
809
675
429
463
683
906
851
985
919
838
733
888
871
964
1163
1061
1078
1271
1206
1025
1035
871
746
608
829
901
1035
1139
949
1193
1311
1464
1503
1346
1317
1272
1331
1310
1091
1068
1134
1114
1017
1033
997
979
1057
851
861
1090
921
927
914
1105
953
795
743
530
626
492
312
207
329
288
516
676
772
950
982
815
877
779
984
1064
1211
1130
1127
1223
1358
1140
1169
1340
1374
1354
1249
1145
927
1080
1040
1191
979
1092
1247
1291
1210
1245
1364
1567
1699
1565
1592
1362
1416
1615
1394
1286
1224
1314
1429
1378
1199
1041
1048
799
775
883
681
444
304
489
705
860
894
799
1046
967
976
1162
1001
1132
901
1123
1192
1058
1167
1299
1184
992
1184
1379
1296
1248
1445
1482
1339
1300
1335
1455
1217
1032
1126
1152
1299
1498
1739
1788
1618
1583
1714
1896
1751
1830
1662
1659
1839
1823
2024
1913
1724
1879
1672
1796
1660
1815
1814
1639
1499
1727
1821
2039
2183
2044
1880
2049
1874
1812
1777
1588
1709
1660
1602
1506
1744
1854
1991
1995
1789
1894
1724
1830
1986
2012
2232
2457
2662
2807
2885
2805
2630
2820
2720
2767
2570
2773
2990
3171
3213
3434
3554
3454
3231
3043
3055
3003
3097
2917
2925
3016
3213
3248
3408
3635
3766
3848
3693
3602
3578
3466
3254
3084
3304
3075
2862
3079
3127
3098
3277
3256
3008
3093
3284
3461
3537
3428
3675
3733
3703
3924
3676
3888
3744
3595
3515
3751
3751
3968
4037
3949
3814
3787
3931
3966
4013
4259
4478
4601
4757
4663
4519
4386
4167
4220
4055
3964
3756
3737
3830
3930
3907
4011
4006
3957
4071
4058
4215
4057
4206
4412
4327
4234
4000
3768
3900
3776
3588
3805
3786
3729
3538
3505
3523
3559
3442
3658
3612
3844
4093
4022
4223
4222
4093
4001
4054
4104
3980
4126
4113
3879
3884
4078
4185
4182
4212
4448
4499
4522
4510
4367
4236
4424
4513
4322
4405
4593
4404
4646
4661
4441
4374
4445
4268
4174
4189
4137
3919
4007
3901
4055
4159
4104
4325
4278
4379
4320
4294
4294
4513
4689
4536
4715
4682
4448
4583
4550
4315
4305
4522
4582
4518
4709
4593
4677
4925
4997
5171
4941
4841
4781
4810
4566
4411
4238
4442
4498
4735
4922
4735
4822
4977
5048
5223
5003
5183
5006
4892
5126
5201
4979
4986
5127
5328
5244
5301
5092
5272
5360
5199
5241
5195
5092
4905
4879
4914
5063
5010
5187
5325
5289
5510
5408
5575
5484
5451
5668
5439
5468
5235
5022
5095
5307
5090
5087
4977
5118
5029
4905
4765
5014
5194
5340
5304
5147
4936
5131
5288
5180
5063
4891
5066
4930
5152
5292
5450
5546
5581
5722
5683
5471
5666
5759
5994
6095
6344
6325
6173
6333
6323
6195
6078
6203
6360
6371
6599
6368
6590
6697
6798
6888
6704
6684
6624
6863
7047
6982
6976
7174
6981
6902
6839
6592
6635
6800
6868
6877
7098
7181
7349
7358
7267
7248
7306
7165
7236
7207
7439
7350
7211
6990
6878
6767
6850
7061
6884
6850
6782
6664
6814
6859
6650
6773
7009
6949
7011
7170
7128
7093
6856
6649
6690
6661
6626
6444
6676
6529
6499
6645
6836
6942
7110
7088
7100
6980
6901
7028
6835
6708
6705
6723
6844
6682
6775
6793
6600
6780
6976
7160
6922
7022
6993
7237
7108
7183
7285
7096
7084
6938
6849
6645
6519
6506
6259
6251
6058
5911
5676
5874
5997
5973
5835
5655
5407
5465
5402
5211
5350
5278
5074
5264
5053
5207
4974
4783
4935
4901
4937
5138
5283
5100
4904
4857
5037
4881
4713
4832
4801
4755
4820
4753
4867
4953
5104
5301
5258
5134
4898
4963
5128
5141
4927
4687
4776
4707
4892
4644
4539
4558
4609
4711
4716
4868
4678
4914
4824
4946
4936
5145
5142
5196
5304
5314
5230
5282
5240
5359
5128
5072
5305
5058
5214
5133
5164
5288
5081
5291
5168
5257
5146
5338
5440
5290
5064
4943
5043
5133
5247
5384
5348
5410
5604
5506
5632
5674
5774
5745
5654
5529
5563
5636
5734
5703
5608
5746
5651
5878
5824
5682
5929
5721
5686
5443
5641
5446
5668
5564
5719
5855
5701
5485
5634
5561
5684
5852
6086
6069
5926
5725
5901
6056
5835
6069
5949
6011
5997
6186
6263
6302
6373
6570
6386
6567
6447
6628
6551
6510
6711
6545
6675
6869
6620
6520
6353
6366
6388
6364
6224
6165
6132
6097
6319
6470
6694
6859
6876
6722
6556
6317
6359
6528
6377
6199
6010
6161
5988
5808
5640
5873
5977
5735
5533
5492
5322
5215
5404
5164
5234
5017
5230
4993
4895
4891
5097
5115
4874
4982
4871
4906
4702
4527
4600
4803
4948
5132
4986
4762
4653
4424
4531
4378
4147
4006
4238
4238
4296
4455
4376
4273
4277
4264
4172
4033
4216
3988
4184
4341
4213
3999
4153
4053
4004
4086
4143
4307
4243
4411
4572
4646
4495
4282
4116
4105
3903
3674
3487
3464
3462
3667
3727
3578
3741
3559
3741
3838
3742
3863
3988
3898
3732
3589
3753
3558
3600
3670
3792
3651
3472
3240
3193
3066
3083
3323
3406
3391
3596
3788
3567
3473
3618
3650
3474
3325
3428
3399
3363
3426
3232
3030
2833
3071
3119
3043
2893
2684
2473
2548
2630
2427
2245
2301
2309
2555
2308
2283
2255
2488
2437
2299
2386
2482
2479
2689
2481
2667
2567
2387
2398
2271
2250
2088
1845
1890
1816
1795
1595
1515
1323
1407
1339
1165
1068
1221
1063
1059
874
683
651
473
487
638
705
576
614
763
987
1225
1269
1410
1581
1781
1865
1710
1610
1490
1538
1694
1595
1755
1841
1695
1465
1358
1218
1427
1635
1487
1472
1296
1437
1422
1401
1192
1166
1034
1162
1178
935
900
846
752
542
549
362
164
41
187
236
2
214
167
378
624
386
585
403
572
818
1048
1234
1320
1424
1428
1519
1746
1742
1513
1367
1444
1680
1546
1612
1526
1329
1087
1271
1482
1697
1834
2004
2186
2077
2019
1810
1867
1779
1660
1549
1487
1727
1907
1744
1884
1780
1763
1897
1855
1683
1455
1282
1053
1103
986
878
735
968
858
614
643
547
740
870
765
768
871
868
1009
1232
1298
1248
998
1204
1123
1191
1357
1177
1091
1119
1089
1243
1114
999
953
829
688
492
305
210
18
166
97
117
90
86
33
172
385
463
257
21
185
1
144
8
159
36
142
284
48
250
103
99
272
427
191
173
180
177
64
285
211
328
171
298
375
169
116
75
69
31
43
159
251
244
441
617
836
1084
856
900
658
848
1036
840
902
833
804
555
781
577
489
567
537
417
382
152
124
312
88
18
142
139
40
288
486
333
321
520
559
714
570
491
426
307
135
149
12
129
73
168
293
108
144
343
175
263
257
153
317
408
507
514
463
224
120
115
34
115
65
114
43
115
328
517
579
734
776
884
775
821
879
749
861
805
721
557
791
858
746
522
658
617
740
686
671
907
1051
1047
884
1002
1206
1179
1413
1412
1358
1266
1241
1323
1385
1167
918
691
512
421
633
584
764
754
786
857
728
519
294
95
33
42
46
41
82
232
180
400
398
585
705
943
772
715
680
869
877
909
766
763
895
1113
1345
1530
1590
1692
1631
1594
1788
1598
1736
1679
1927
2081
1921
2121
2040
1826
1599
1645
1826
1829
2025
2124
1993
1764
1701
1552
1753
1597
1357
1539
1664
1504
1557
1509
1505
1499
1380
1136
1072
1180
1079
1143
1039
945
703
497
456
635
862
652
792
548
676
807
561
347
152
334
506
371
416
528
484
480
245
360
403
365
606
596
391
485
372
278
135
70
74
95
322
462
285
469
285
284
427
413
660
557
550
675
630
824
599
619
787
706
492
645
620
863
754
668
459
437
284
112
115
172
372
534
317
210
11
112
72
71
15
214
458
460
321
349
120
84
248
458
286
304
248
248
224
197
357
410
641
826
646
852
861
770
948
1180
1045
934
1027
1124
1309
1284
1330
1379
1184
985
1109
987
756
561
451
424
645
469
375
248
402
522
695
778
725
526
608
851
1010
1106
1220
999
752
824
729
605
826
863
818
741
803
640
691
902
1011
810
814
815
1062
1030
883
916
822
923
735
839
709
720
961
948
1047
937
1138
1155
980
744
610
505
650
555
612
548
612
439
686
607
568
583
428
596
569
370
180
247
178
177
51
50
142
293
170
23
53
132
90
109
42
291
199
64
110
353
196
37
23
51
223
118
15
251
307
445
382
281
61
139
297
93
275
158
132
168
309
486
553
309
243
332
509
447
564
338
170
214
79
116
130
30
205
202
366
187
95
41
55
234
265
45
192
273
246
468
545
341
218
321
541
734
660
427
268
453
333
498
632
585
671
691
669
709
674
512
604
622
433
535
644
421
171
403
533
590
626
787
933
843
594
687
643
627
452
645
590
397
315
214
47
224
267
290
271
411
436
603
682
512
538
514
478
578
782
813
864
890
1048
1261
1226
1426
1499
1278
1452
1374
1408
1644
1531
1655
1829
1888
1983
1864
1889
2013
1979
2080
1933
1694
1857
2081
2047
1860
1824
1900
2072
2321
2439
2239
2148
1902
1864
1738
1703
1508
1586
1773
1811
1857
1703
1750
1784
1898
1938
1818
2064
2228
2475
2497
2672
2699
2655
2649
2511
2386
2175
2066
2178
2341
2415
2652
2891
3081
2889
2891
2864
2631
2591
2384
2227
2451
2619
2434
2639
2643
2543
2578
2410
2512
2567
2544
2782
2755
2667
2657
2627
2610
2812
2765
2605
2639
2694
2692
2838
2988
2861
2957
2919
2714
2508
2596
2396
2203
2387
2142
2027
1882
1802
1992
1908
1952
2065
2279
2504
2534
2383
2523
2744
2585
2336
2489
2440
2526
2520
2488
2601
2390
2579
2770
2753
2570
2401
2165
2229
2320
2555
2349
2210
2051
2031
2191
2161
2041
1857
2077
1850
1996
2080
2328
2143
2193
2284
2284
2058
1939
2094
1933
1712
1731
1489
1588
1587
1465
1562
1611
1700
1904
1695
1797
1987
1799
1858
1820
2040
2135
2085
2087
2224
2370
2321
2371
2596
2448
2397
2347
2508
2660
2629
2832
2749
2838
2788
2576
2348
2244
2436
2271
2061
1852
1673
1789
1541
1467
1231
1351
1497
1299
1509
1429
1556
1472
1581
1626
1736
1589
1773
1906
1854
1734
1635
1423
1379
1592
1779
1739
1681
1838
1659
1466
1700
1728
1647
1851
2081
2301
2220
2451
2292
2475
2383
2140
1990
1929
1973
2022
2028
1888
1854
1910
1786
1598
1635
1643
1534
1380
1439
1618
1765
1624
1655
1513
1410
1362
1595
1770
1631
1579
1673
1689
1545
1364
1494
1415
1251
1414
1646
1573
1790
1554
1551
1707
1580
1454
1364
1386
1442
1212
1206
1383
1333
1443
1398
1365
1116
870
620
662
820
1037
1078
1172
1018
1084
935
834
1061
1292
1448
1504
1672
1505
1353
1408
1635
1811
1991
2016
2026
1926
1721
1518
1559
1372
1508
1542
1741
1834
1979
2196
2414
2315
2520
2604
2700
2542
2726
2504
2508
2725
2553
2450
2566
2609
2673
2452
2605
2759
2707
2572
2795
2625
2829
2686
2868
2928
2917
2677
2471
2432
2372
2617
2509
2663
2562
2563
2443
2644
2714
2954
2873
2842
2930
3161
3034
3273
3296
3410
3209
3047
2929
2738
2776
2858
2689
2864
2813
2914
2873
2630
2386
2618
2708
2862
2788
3009
3200
3104
2891
3125
2882
3040
2823
3059
3040
2984
3067
3035
2986
2868
2891
2699
2755
2875
3079
3102
3335
3524
3465
3400
3361
3176
3079
2967
2808
2579
2671
2743
2537
2686
2932
2849
2674
2793
2836
2956
2886
2955
2799
2900
3033
3106
3303
3456
3413
3420
3570
3337
3579
3574
3358
3138
3025
2806
2713
2664
2430
2244
2008
2245
2469
2490
2287
2465
2587
2425
2416
2481
2339
2145
2362
2466
2628
2775
2810
2673
2673
2849
2875
2813
2652
2836
2952
2933
2848
2711
2547
2681
2596
2401
2229
2162
2213
1972
1879
1881
1893
1796
1756
1867
1723
1920
2078
1978
2189
2097
1952
2136
1898
1755
1703
1619
1783
1935
1739
1503
1490
1381
1511
1568
1758
1774
1710
1801
1991
1741
1577
1494
1271
1517
1688
1589
1373
1215
1288
1466
1429
1225
1026
1264
1344
1564
1527
1542
1456
1562
1734
1511
1576
1330
1140
921
973
1085
900
834
628
762
932
849
762
735
705
911
949
1113
1084
1186
1236
1166
1195
1392
1438
1222
1429
1600
1598
1353
1267
1103
1041
1058
1079
832
805
584
423
327
194
60
227
428
248
376
522
468
330
532
413
610
652
861
994
1007
879
802
759
912
1099
1015
1140
1349
1566
1410
1353
1235
1054
1001
1038
873
627
873
635
388
185
188
57
16
263
113
351
237
252
444
322
95
44
139
237
74
206
411
265
256
245
269
155
11
165
372
396
445
297
337
258
172
34
190
375
147
377
191
107
343
485
449
645
818
903
1111
871
940
830
727
681
900
1000
935
1059
1042
1241
1399
1203
1303
1269
1464
1347
1518
1348
1195
990
869
1057
1012
1045
819
1025
935
1083
1291
1510
1473
1537
1355
1173
1401
1467
1461
1294
1411
1646
1703
1604
1533
1289
1114
1265
1419
1458
1449
1456
1517
1488
1494
1479
1582
1415
1576
1598
1713
1708
1824
1619
1473
1266
1445
1586
1479
1704
1547
1547
1323
1317
1287
1096
1303
1200
1446
1679
1686
1457
1504
1690
1501
1669
1679
1806
1918
2109
2122
2102
2315
2431
2648
2862
3079
3164
2990
3042
3263
3225
3360
3147
2929
2899
3056
3102
3325
3557
3392
3460
3560
3546
3593
3508
3756
3747
3990
3789
3787
4003
3925
4012
3821
3690
3756
4000
3883
3850
3894
4015
4009
3940
3963
4128
3968
3796
4045
3796
3867
3631
3657
3770
3788
3842
4028
3950
3970
3726
3560
3765
3987
3761
3712
3531
3681
3729
3787
3886
3842
4049
3965
3874
3836
3924
3829
3936
4122
4036
4219
4320
4071
4242
4440
4393
4355
4210
4261
4349
4482
4626
4771
4666
4714
4535
4292
4108
4002
3821
3993
4063
4301
4448
4516
4472
4297
4110
4292
4370
4435
4538
4452
4556
4348
4208
4174
4105
3943
4104
3880
3651
3688
3792
3592
3556
3571
3685
3758
3762
3631
3613
3376
3266
3038
3142
3198
2986
2780
2711
2945
2870
2732
2687
2658
2527
2613
2612
2680
2805
2607
2767
3013
2977
2875
2638
2541
2600
2451
2258
2222
2398
2429
2274
2505
2633
2717
2491
2290
2102
2171
2255
2120
2255
2486
2717
2507
2374
2386
2208
2289
2320
2208
2333
2470
2321
2261
2328
2315
2301
2057
2086
2243
2289
2277
2187
2015
1983
2109
2325
2566
2530
2771
3018
2975
2750
2583
2540
2680
2739
2769
2582
2827
3021
3176
2948
3119
3133
2982
2931
2995
3128
2889
2883
3129
3157
3211
3410
3531
3428
3659
3886
3646
3720
3670
3670
3799
4018
4212
4029
4245
4298
4304
4546
4393
4416
4524
4573
4522
4720
4684
4521
4711
4529
4645
4505
4528
4467
4266
4024
3799
3568
3460
3306
3220
3386
3622
3681
3451
3266
3082
3171
3252
3451
3325
3203
3062
2830
2983
2874
2672
2522
2642
2753
2844
2816
2637
2558
2664
2862
3006
3114
3108
3224
3426
3195
3327
3451
3435
3407
3222
3212
3421
3341
3496
3439
3594
3412
3296
3157
3205
3177
2973
2920
2847
2910
2791
2897
3087
2931
2891
2965
2940
2937
3061
2998
2918
3037
2849
3060
3218
3195
3021
3209
3229
3083
2976
2871
2713
2720
2512
2737
2732
2741
2795
2661
2447
2426
2608
2641
2519
2690
2629
2736
2527
2443
2404
2632
2655
2754
2505
2661
2481
2366
2362
2200
2396
2466
2526
2332
2339
2210
2428
2524
2355
2269
2029
2049
2164
2055
1983
2104
2280
2037
2217
1997
2002
2240
2435
2549
2440
2614
2700
2749
2859
2637
2683
2795
2675
2736
2707
2776
2726
2891
2778
2823
2710
2493
2607
2593
2558
2419
2546
2781
2613
2712
2483
2241
2470
2346
2557
2530
2725
2855
3079
2865
3051
3168
3373
3367
3134
3072
3263
3327
3407
3180
3245
3050
3126
3140
3107
3258
3130
3108
3100
3003
2964
2916
3161
3077
2882
3120
3109
3268
3437
3252
3491
3498
3676
3556
3468
3507
3413
3434
3483
3649
3636
3519
3380
3370
3212
3177
2948
3178
3312
3278
3259
3022
3075
3031
2942
2876
2755
2881
3102
2977
3110
3331
3241
3459
3300
3409
3415
3340
3318
3494
3663
3492
3456
3501
3257
3094
3090
2941
2741
2555
2395
2389
2566
2573
2541
2679
2913
3149
3247
3117
3270
3474
3557
3681
3478
3479
3563
3594
3426
3176
2977
2747
2582
2769
2928
3055
2868
2711
2526
2288
2219
1988
2220
2003
2163
2264
2198
2086
2153
1990
2039
2119
2002
2109
1956
1774
1702
1718
1805
1798
1745
1959
2161
2264
2393
2199
2081
2158
1923
1749
1623
1750
1692
1941
1930
1818
1666
1595
1733
1896
2093
2243
2357
2350
2130
2278
2400
2649
2829
3009
3249
3008
3196
3176
3357
3573
3653
3467
3335
3328
3208
3028
3254
3456
3260
3216
3087
3232
3202
3266
3088
2867
2852
3026
3094
2995
2924
2698
2943
2802
2987
2764
2896
3070
3030
2960
3014
3166
3283
3324
3549
3575
3565
3502
3437
3359
3347
3512
3346
3171
3376
3320
3237
3301
3505
3530
3584
3810
3707
3580
3545
3610
3478
3432
3369
3359
3370
3200
3193
2966
3107
3145
3344
3229
3218
3360
3596
3655
3792
3879
3707
3610
3812
3663
3469
3451
3688
3927
3914
3759
3995
4018
4229
4174
4062
4293
4077
3876
3761
3639
3686
3640
3619
3711
3774
3696
3599
3437
3406
3555
3395
3317
3404
3397
3243
3206
3372
3330
3399
3319
3470
3460
3455
3639
3694
3569
3787
3693
3651
3803
4008
3993
3874
3937
3961
4166
4300
4113
4193
4284
4150
3941
4136
4101
3926
4108
4268
4478
4381
4487
4695
4575
4416
4243
4122
4350
4508
4697
4548
4469
4380
4202
4059
3884
3811
3723
3528
3678
3506
3399
3161
3256
3241
3410
3632
3564
3634
3649
3830
3774
3675
3730
3903
3688
3904
3986
4147
4244
4073
3987
3923
3771
3563
3372
3269
3153
3280
3434
3658
3889
3883
3635
3637
3823
3956
4075
3939
3759
3610
3783
3988
3908
3733
3719
3891
3874
4115
4291
4224
4388
4489
4616
4856
4654
4707
4655
4616
4429
4527
4749
4982
5077
5011
4855
4904
4728
4666
4698
4471
4611
4770
4531
4653
4633
4588
4837
4930
4828
4979
4950
4702
4752
4514
4644
4582
4437
4273
4308
4233
4266
4415
4507
4743
4923
4677
4460
4329
4508
4421
4447
4670
4571
4747
4888
4717
4902
4804
4714
4594
4537
4706
4805
4733
4568
4374
4158
4328
4200
4373
4413
4301
4190
4387
4422
4649
4497
4602
4822
4656
4564
4789
5009
5245
5189
5136
5340
5162
5123
5052
4918
4948
4949
4733
4906
5063
5031
4948
4748
4908
4904
4778
4784
4804
4882
4870
4996
5137
5359
5551
5331
5425
5649
5881
6007
5944
5768
5804
5569
5515
5414
5585
5414
5641
5652
5652
5613
5587
5410
5233
5308
5482
5386
5567
5362
5587
5761
5637
