154
199
204
243
188
137
128
92
86
53
55
39
88
143
165
101
145
111
69
117
178
218
228
183
168
114
179
111
73
85
143
183
237
251
252
313
362
425
430
375
332
333
270
237
241
183
175
164
193
261
273
269
218
157
94
85
73
112
87
33
19
66
79
138
102
45
41
91
47
89
77
31
88
44
5
6
3
18
9
10
66
112
50
102
48
1
35
45
42
27
8
3
17
10
68
127
172
231
232
276
267
212
170
166
218
212
156
141
188
241
286
344
375
334
322
365
320
380
324
269
323
332
342
325
377
427
418
416
446
495
491
445
505
532
492
444
490
433
482
429
372
373
371
367
363
404
449
442
369
326
279
314
268
308
336
333
275
315
355
416
341
286
334
303
257
211
199
263
199
203
206
162
207
246
194
185
133
69
52
92
139
75
18
66
69
72
15
21
79
88
81
18
15
14
25
16
54
69
17
81
125
64
55
52
100
154
217
237
171
117
65
63
99
157
165
113
176
177
238
201
141
196
168
109
68
118
83
87
88
94
117
73
127
120
166
192
255
203
143
93
90
144
189
183
181
225
280
311
313
274
311
353
360
361
323
350
311
341
293
356
315
265
206
161
206
211
256
265
272
208
191
238
279
233
220
274
232
198
155
107
95
55
98
96
127
188
249
222
169
121
178
172
110
152
115
140
140
85
135
78
124
73
63
76
35
42
86
40
36
22
49
63
5
70
71
110
70
125
81
91
152
97
48
45
94
130
89
130
126
83
124
176
166
118
104
147
185
139
190
229
181
194
140
142
140
179
230
285
215
267
220
276
273
225
169
126
133
135
179
154
186
222
188
143
153
198
130
119
75
30
7
23
12
63
125
141
180
134
139
140
149
109
171
136
186
186
231
241
298
257
207
165
153
161
203
258
206
248
307
377
379
398
436
437
487
448
429
434
368
365
369
356
430
485
532
532
579
582
536
476
430
430
390
325
280
303
318
375
323
318
270
209
191
196
197
216
222
260
220
266
214
251
302
235
223
251
261
303
343
341
331
372
380
410
414
361
309
366
368
307
366
372
360
307
341
396
343
387
335
333
325
362
417
414
460
405
449
453
466
511
460
424
477
424
434
443
429
387
382
337
384
377
318
263
315
269
225
223
161
175
244
258
218
255
315
353
351
407
401
406
344
300
301
346
338
269
281
281
288
279
324
267
209
254
309
266
279
265
207
262
288
342
404
345
290
326
272
272
257
237
192
155
96
150
163
113
167
236
195
231
176
128
77
53
86
45
93
95
46
90
45
28
72
94
96
86
40
21
39
23
25
35
29
69
112
68
4
58
102
53
102
59
102
101
40
41
40
74
75
118
71
11
23
53
105
50
91
135
76
133
125
139
199
159
206
150
150
201
202
266
246
245
292
283
236
182
191
193
171
131
169
166
120
67
56
116
79
127
165
204
209
264
310
303
294
270
309
362
322
346
414
412
356
398
401
462
511
463
411
418
457
463
516
582
577
636
686
742
728
775
846
845
806
802
852
832
771
817
812
867
849
904
971
1014
1056
1089
1090
1143
1206
1211
1217
1260
1215
1172
1173
1127
1177
1217
1269
1272
1305
1360
1332
1266
1282
1348
1342
1353
1346
1392
1442
1513
1460
1423
1409
1409
1407
1357
1404
1347
1352
1393
1388
1432
1426
1376
1383
1386
1391
1422
1466
1463
1516
1447
1444
1442
1432
1376
1418
1456
1490
1534
1490
1453
1401
1340
1338
1339
1402
1404
1412
1401
1411
1399
1333
1291
1335
1392
1408
1473
1523
1526
1493
1486
1438
1379
1344
1342
1332
1388
1399
1347
1308
1243
1227
1239
1296
1246
1198
1236
1184
1149
1209
1209
1156
1149
1211
1150
1151
1098
1057
1020
1078
1133
1194
1139
1191
1127
1113
1113
1099
1149
1097
1146
1143
1098
1152
1096
1035
965
971
1029
986
938
874
871
907
904
952
1004
941
896
942
975
1028
1020
1014
954
904
863
876
938
942
886
928
884
873
827
859
902
852
911
909
849
797
844
892
891
889
924
912
894
943
988
1038
1084
1124
1159
1186
1188
1185
1141
1084
1091
1151
1093
1100
1057
996
985
1034
1005
970
1022
972
1003
1017
967
955
906
958
962
942
995
948
993
944
899
895
829
775
743
691
690
737
676
710
670
711
772
769
703
647
701
747
793
725
672
686
675
652
694
656
606
608
592
654
608
646
691
639
579
593
657
668
709
750
788
835
902
849
798
822
776
726
665
668
671
666
659
657
710
710
763
758
815
766
816
808
863
813
851
885
918
873
837
850
893
956
914
871
915
860
930
929
862
897
910
921
870
885
956
1006
1028
986
988
1048
1042
1094
1083
1038
985
1050
1001
955
971
914
865
871
935
918
876
924
869
869
895
941
991
1024
1068
1071
1128
1182
1231
1272
1216
1165
1115
1158
1217
1166
1108
1150
1084
1030
979
917
912
941
904
958
1010
961
947
1004
966
930
939
891
853
892
839
824
868
873
875
881
851
918
860
909
944
970
974
961
1006
1061
1065
1063
1000
992
941
947
1005
997
945
900
858
823
831
837
840
767
806
789
724
729
674
644
679
673
679
669
673
636
648
689
727
716
732
735
679
727
723
773
731
740
679
717
769
714
731
728
664
611
544
587
639
636
667
666
720
671
719
711
746
743
790
788
734
781
719
776
836
775
709
763
762
817
743
746
715
659
613
643
578
531
575
611
599
640
682
743
699
697
684
692
707
656
709
718
664
731
723
730
788
838
897
909
911
872
865
929
884
822
756
800
840
889
952
999
996
993
1001
1058
1019
1012
1055
1051
1063
1028
986
937
943
950
911
961
1016
954
953
889
922
963
1004
962
925
962
911
941
886
931
934
966
938
937
870
924
945
936
945
934
878
891
942
896
862
811
864
868
918
853
866
909
963
990
954
993
960
1000
1003
994
1008
1053
1033
1090
1052
1064
1049
1103
1167
1157
1187
1234
1236
1187
1193
1211
1156
1174
1166
1162
1214
1171
1122
1074
1023
970
1018
972
1017
961
997
953
897
843
796
790
838
828
826
874
904
961
953
995
945
990
1037
990
950
1001
936
984
1002
1002
1042
1042
997
988
986
934
937
973
914
958
957
951
958
1004
1048
1105
1111
1158
1095
1151
1162
1128
1080
1128
1155
1151
1153
1155
1150
1209
1164
1210
1200
1250
1246
1298
1359
1301
1246
1297
1314
1373
1411
1398
1353
1410
1429
1481
1425
1373
1388
1392
1340
1285
1226
1235
1285
1328
1368
1318
1271
1262
1271
1258
1303
1300
1243
1291
1292
1300
1263
1216
1257
1293
1345
1389
1400
1345
1300
1343
1399
1435
1439
1398
1342
1382
1422
1471
1470
1524
1534
1546
1487
1549
1495
1457
1389
1328
1282
1238
1246
1207
1144
1211
1224
1212
1150
1160
1171
1194
1244
1285
1339
1337
1289
1341
1394
1406
1455
1516
1474
1472
1483
1534
1541
1489
1486
1520
1454
1453
1502
1505
1544
1496
1432
1428
1433
1449
1403
1346
1342
1345
1280
1279
1275
1218
1207
1162
1125
1073
1047
997
951
957
952
950
906
847
793
797
750
742
680
628
575
536
520
518
570
529
540
531
531
575
554
600
606
534
571
517
456
514
574
564
517
463
528
591
586
632
584
549
546
499
463
513
510
556
598
662
658
676
630
579
520
499
552
625
683
624
571
639
683
682
638
638
604
556
593
636
672
634
683
644
625
684
630
619
555
589
532
535
585
638
706
655
698
745
700
701
752
761
748
817
858
816
769
736
803
735
749
769
767
714
761
751
787
791
741
693
638
655
597
542
535
585
539
550
606
563
509
504
556
565
517
561
569
576
523
482
501
553
503
540
532
556
566
573
529
579
572
532
586
538
607
680
688
690
629
624
576
538
475
424
480
428
376
324
381
332
336
393
391
335
345
295
243
198
159
215
222
159
174
184
230
274
191
132
79
18
90
37
34
40
35
30
58
50
114
165
212
216
278
265
273
226
231
248
210
250
302
251
304
302
337
339
381
433
439
388
397
461
421
366
413
402
395
358
326
380
435
401
354
414
432
395
342
376
302
255
304
357
320
319
329
337
377
401
364
419
421
429
365
311
292
303
245
274
322
317
311
370
307
251
299
258
311
366
323
395
319
289
339
378
362
315
263
237
194
263
306
348
297
287
238
181
133
84
129
147
87
25
48
53
53
7
46
51
130
190
186
227
173
227
165
101
108
146
92
39
39
54
88
48
3
36
40
52
5
53
98
105
47
10
29
49
51
89
83
34
43
76
17
29
49
16
24
25
31
35
35
44
103
168
102
48
109
54
46
48
65
93
139
83
77
69
130
132
192
181
231
197
241
293
304
362
409
460
517
570
523
536
589
648
647
591
547
552
492
554
599
541
487
493
485
482
483
531
536
584
636
683
742
755
814
823
816
826
796
837
774
735
690
689
691
637
637
708
770
803
750
705
649
616
611
562
565
520
563
556
510
477
519
531
549
492
495
547
549
505
491
454
492
527
464
509
458
490
541
621
678
724
771
719
790
744
752
801
736
692
677
729
788
818
819
830
865
844
824
833
883
863
861
818
812
771
708
653
705
748
791
826
792
738
682
656
706
646
684
640
641
692
629
582
540
529
471
422
472
515
570
577
519
474
503
549
545
545
507
566
569
607
551
606
611
555
615
542
597
607
553
491
483
434
380
325
335
284
231
272
310
364
427
471
473
523
531
589
642
637
579
647
683
746
733
742
699
708
758
762
698
761
694
689
729
775
780
836
842
857
818
808
854
846
913
962
964
960
905
901
958
896
863
854
859
868
836
882
878
825
823
774
824
811
756
812
759
742
744
793
841
786
838
767
772
719
717
679
687
648
679
726
770
726
732
681
615
539
478
526
517
573
517
457
408
404
407
443
447
450
384
306
264
202
150
169
175
226
286
331
387
441
509
563
534
474
412
333
337
383
320
275
288
245
200
191
231
172
224
260
244
236
235
182
180
167
209
140
135
175
187
227
180
234
236
271
264
266
217
161
203
264
321
314
263
199
193
247
231
185
117
69
18
9
21
71
23
7
14
87
79
28
81
121
189
138
194
145
154
201
142
188
128
52
42
45
3
45
31
76
68
114
77
34
43
41
99
44
90
98
56
100
153
102
138
85
16
24
39
96
39
89
131
82
76
36
44
54
50
3
42
41
93
150
147
184
197
163
207
268
294
246
293
299
354
360
401
413
367
306
360
413
469
483
425
370
325
332
387
373
363
365
413
410
368
362
302
254
211
222
216
213
243
246
287
242
184
192
147
158
198
185
240
245
296
238
244
247
184
238
175
132
160
115
60
66
71
122
58
19
23
41
19
30
12
62
6
14
8
26
13
70
74
29
32
42
6
46
92
98
140
81
31
31
29
11
32
98
123
69
117
59
69
132
81
129
185
236
307
301
352
294
348
310
309
250
302
359
313
258
212
221
161
150
103
40
28
61
59
62
118
125
60
59
108
105
165
208
262
305
299
265
214
178
184
253
200
275
312
253
209
210
207
243
204
204
159
166
101
100
58
5
53
11
55
104
47
1
33
41
7
2
8
33
78
37
59
5
74
25
19
22
57
17
11
31
35
45
44
25
16
32
34
47
58
59
54
103
101
164
107
117
148
157
203
220
202
187
190
214
272
218
156
151
114
119
72
129
192
236
183
144
132
86
133
107
163
111
158
152
210
264
297
291
245
259
205
201
158
218
272
259
319
269
275
312
367
424
469
525
593
577
576
632
583
629
583
621
679
744
799
873
859
806
845
824
832
785
739
732
781
815
875
859
866
815
811
763
823
820
863
904
891
885
924
910
850
808
808
762
719
711
751
810
866
827
881
845
916
874
869
864
918
868
925
862
822
772
720
783
739
734
732
784
839
855
860
897
952
998
1005
1016
1009
1054
1058
1055
1036
1090
1138
1150
1147
1155
1115
1155
1167
1161
1148
1086
1043
1037
986
967
922
972
982
1041
1037
1093
1078
1023
982
918
878
827
837
791
790
843
791
816
747
733
676
636
693
731
740
693
739
732
693
697
685
679
666
658
672
636
592
528
570
500
438
388
434
489
491
454
422
385
333
317
325
330
377
328
327
335
299
250
202
146
162
99
67
9
50
87
21
7
3
70
119
126
84
13
38
56
101
96
100
90
150
87
142
128
135
177
172
210
255
310
315
364
371
424
435
474
481
493
498
551
596
630
669
681
666
625
678
726
724
762
759
767
813
757
702
695
638
577
598
530
586
554
504
435
496
543
558
565
516
446
441
448
446
398
460
383
341
376
442
494
471
462
411
365
319
328
326
336
297
245
255
325
269
324
253
189
127
116
177
180
235
284
340
306
347
386
390
439
376
377
415
372
376
332
343
343
342
388
426
382
423
373
422
461
500
477
428
472
405
345
390
397
356
300
303
247
195
190
243
192
142
180
120
124
173
219
264
315
262
218
159
163
153
166
206
208
157
160
164
173
210
158
159
206
161
176
112
146
83
50
44
95
150
152
92
170
209
276
213
221
167
207
264
209
215
175
124
181
131
188
136
214
161
223
227
267
260
193
236
278
215
246
200
204
253
193
137
196
243
306
363
313
377
366
381
435
492
478
520
470
478
442
491
466
520
490
549
482
496
552
540
478
474
417
473
487
522
556
567
616
576
620
610
609
548
543
491
452
510
513
442
496
433
457
402
457
494
490
434
494
542
557
560
544
499
457
458
469
502
499
464
462
497
492
477
424
407
413
357
346
344
354
339
337
336
397
398
349
400
446
442
478
426
382
329
334
338
286
237
303
289
240
295
281
230
282
334
331
324
259
214
225
160
206
256
297
233
283
258
285
223
274
261
252
265
219
180
123
133
64
14
5
16
45
45
48
4
10
9
29
34
75
122
129
183
187
180
165
179
230
222
253
202
257
252
315
325
325
314
315
358
357
298
286
292
234
235
280
330
329
336
336
320
363
323
313
250
305
310
311
304
354
348
411
412
415
473
411
407
448
398
336
332
272
257
266
277
278
219
167
110
120
119
193
245
236
277
240
186
235
203
146
184
171
128
58
108
51
42
70
120
169
121
177
117
118
79
82
97
30
19
14
5
3
21
40
18
9
7
39
69
81
34
38
34
34
27
23
12
26
89
32
25
64
103
65
3
19
81
129
172
129
79
30
35
39
64
112
58
69
26
4
43
27
40
47
45
2
57
59
111
66
60
61
57
6
4
8
60
2
52
110
91
135
123
118
132
96
83
60
60
107
55
109
109
51
59
52
25
89
143
197
250
255
312
324
365
418
403
439
385
336
351
399
339
342
382
333
291
256
269
316
354
398
451
489
535
595
547
555
604
541
594
591
644
603
649
603
547
495
549
608
657
602
619
617
621
610
543
485
433
474
429
364
391
374
323
267
224
263
326
275
228
291
281
306
299
313
354
330
337
278
327
327
378
429
380
413
371
418
411
457
458
463
470
419
472
465
523
472
461
531
461
402
346
339
335
291
232
195
153
151
192
198
201
152
204
150
197
239
271
324
280
335
340
338
392
346
355
348
302
360
375
415
362
324
275
326
286
296
318
341
289
283
225
266
274
328
325
272
206
159
153
109
98
59
22
6
55
52
15
75
20
12
54
53
19
35
36
88
28
36
43
56
107
112
101
164
135
183
126
124
167
230
229
237
183
124
183
146
156
197
152
102
96
45
35
16
42
102
51
105
61
52
103
137
153
150
94
36
65
124
133
113
59
6
1
8
13
59
3
8
10
66
69
122
54
111
157
165
170
173
169
212
204
208
250
239
239
224
233
186
155
204
140
196
251
243
249
197
238
171
219
230
234
179
231
189
168
164
215
189
171
208
170
102
64
22
15
61
1
10
66
20
3
23
56
40
2
48
11
17
58
37
72
15
49
2
24
26
25
35
35
86
30
37
58
66
61
100
162
149
202
249
199
215
146
159
176
170
108
112
160
160
212
260
195
210
203
210
142
94
44
42
87
77
124
116
117
179
241
235
181
223
223
163
157
216
169
205
264
326
377
331
337
334
272
249
287
283
233
218
175
177
229
172
164
104
139
174
170
121
72
23
30
27
25
19
4
42
33
23
17
59
61
115
65
95
98
147
189
173
167
213
259
278
225
228
221
270
267
213
144
142
151
162
104
116
54
46
82
23
14
23
46
52
95
49
6
65
39
26
31
61
93
139
209
220
292
345
355
407
405
359
364
306
257
220
266
300
225
279
269
275
310
267
231
209
156
199
193
247
202
136
187
140
178
194
158
143
102
176
177
114
111
102
158
210
160
203
158
168
123
77
34
94
47
1
66
114
106
64
78
34
85
46
3
65
42
22
89
98
147
140
138
158
170
170
211
254
202
144
101
42
108
114
63
105
50
116
69
88
34
82
30
33
37
63
109
50
57
72
84
50
46
109
154
203
153
110
157
211
191
133
143
99
162
188
188
221
212
205
271
221
277
218
179
123
167
171
111
154
218
211
211
201
211
157
143
135
110
154
102
133
140
79
15
24
23
28
79
82
11
52
93
46
58
115
125
186
228
159
156
208
265
326
328
282
271
227
294
294
337
280
241
306
352
298
247
244
282
338
347
366
316
301
340
332
380
330
388
360
422
373
382
447
456
404
416
418
381
338
346
307
364
375
417
367
362
414
397
447
500
434
435
399
461
418
459
423
375
298
304
344
281
279
274
218
255
253
301
255
260
295
349
390
431
418
408
469
467
405
391
336
289
247
198
239
224
213
223
266
205
201
243
231
197
190
242
297
258
308
301
242
199
153
155
151
146
199
148
193
220
219
212
233
223
282
235
180
186
181
231
269
318
265
208
209
247
196
157
94
142
145
153
197
259
201
230
224
232
280
210
153
155
107
47
51
102
104
110
153
164
156
202
154
209
201
195
143
137
78
120
159
150
152
154
139
187
144
79
80
79
121
164
157
83
38
81
82
32
81
35
38
74
28
110
62
54
109
169
217
230
191
185
231
182
223
223
219
215
222
265
233
181
132
122
116
166
178
181
140
159
218
207
183
137
197
249
260
328
265
327
361
312
310
263
310
278
275
321
274
273
224
238
234
291
345
283
300
313
360
419
421
417
466
478
484
474
469
522
523
476
438
498
449
405
402
439
486
438
400
351
292
286
320
291
327
321
373
374
382
309
364
367
313
255
292
327
379
451
489
487
537
575
536
479
526
469
425
434
490
439
450
388
355
408
401
446
491
544
549
497
558
504
442
384
385
384
430
381
415
422
383
390
439
436
436
482
486
441
493
488
532
488
552
614
616
623
570
557
541
596
552
569
555
497
464
451
407
449
387
378
332
398
402
433
371
317
359
311
317
321
375
359
404
361
403
438
407
476
470
426
412
343
284
330
282
248
244
291
234
239
272
219
221
263
326
331
370
420
411
365
380
370
384
339
398
445
502
495
508
503
489
530
569
611
667
654
613
612
566
550
602
610
585
640
708
653
604
606
657
661
605
539
558
600
593
537
541
600
555
619
615
659
652
714
715
674
636
578
581
540
537
593
634
688
754
753
770
763
698
652
700
758
768
789
748
746
694
705
660
604
547
551
559
501
547
547
545
479
462
466
520
469
425
424
428
495
444
453
461
504
504
499
556
580
625
572
568
578
630
631
687
625
637
583
527
496
544
523
473
415
369
441
494
501
500
460
459
510
511
573
530
473
424
425
378
391
337
400
405
337
289
238
293
282
230
189
133
68
9
13
41
3
8
12
25
68
61
72
128
68
120
71
84
34
12
4
10
13
9
17
10
4
11
47
19
84
47
36
83
157
102
115
120
71
69
10
2
66
4
57
51
42
26
39
20
68
20
25
46
94
143
91
98
168
110
58
66
70
121
69
82
154
207
187
254
212
164
216
183
233
281
278
344
332
283
276
289
250
232
226
269
273
221
280
292
347
296
304
298
253
197
141
183
136
86
133
176
169
148
161
214
167
167
233
279
259
253
252
240
240
294
284
230
191
237
284
338
410
404
462
456
470
500
557
605
671
630
579
625
592
640
685
740
796
740
679
620
572
516
443
486
487
528
477
532
582
621
659
692
639
680
740
677
674
665
723
770
721
758
794
746
791
847
808
867
793
745
743
703
757
769
768
723
775
831
875
913
916
910
920
863
823
875
917
980
978
1040
1082
1086
1130
1136
1078
1022
998
934
988
1024
1020
966
961
920
970
1012
1074
1118
1164
1245
1244
1291
1249
1206
1181
1144
1088
1042
1028
1025
965
956
957
959
916
890
933
940
881
825
854
857
791
746
735
789
835
840
829
783
779
723
673
680
668
673
652
651
597
555
546
475
418
432
358
417
415
345
395
348
392
438
396
441
444
487
452
458
462
391
452
501
449
422
479
433
423
461
464
485
479
427
430
381
356
308
346
295
300
290
227
214
236
288
276
263
301
290
340
344
399
386
331
304
302
361
323
317
333
392
438
391
342
336
296
306
302
345
395
443
483
489
477
523
524
576
517
464
526
520
569
583
637
639
636
594
649
698
718
763
778
833
794
737
756
803
757
712
741
681
618
684
640
595
584
578
638
602
607
604
558
630
588
652
603
638
688
734
677
683
625
670
620
581
522
488
445
389
425
391
387
336
352
366
368
373
423
415
363
404
402
350
317
341
391
403
347
408
453
466
529
521
477
515
526
472
473
527
511
521
461
400
441
439
492
441
495
437
487
451
460
396
392
447
394
409
440
448
446
479
543
551
607
624
690
644
693
740
723
787
750
707
773
734
695
714
728
771
827
895
942
986
983
937
901
848
890
900
898
953
891
930
987
996
945
988
924
923
926
869
924
991
924
856
913
855
851
895
841
773
748
736
725
767
808
846
866
923
866
854
903
960
956
916
872
931
886
894
851
920
924
928
871
926
916
872
824
820
862
850
898
848
793
784
765
772
725
651
693
695
653
608
606
549
552
600
553
554
497
533
473
529
474
529
464
452
500
493
542
588
639
693
688
684
754
816
776
780
770
774
718
669
623
627
593
647
652
706
743
683
735
669
618
565
620
662
579
624
667
736
687
736
784
826
866
906
943
948
939
972
1012
971
960
959
921
916
928
922
887
843
903
952
999
954
1006
999
956
949
907
942
991
1041
973
930
977
1033
974
1020
974
947
941
944
896
959
1021
1020
1073
1137
1106
1068
1074
1006
1002
1050
1050
1055
1025
1036
1086
1142
1090
1021
1051
1025
975
976
977
923
931
879
815
765
719
667
705
756
817
871
813
827
889
832
884
951
940
889
935
999
937
923
973
928
926
968
956
993
1053
1004
956
952
957
965
1018
969
965
963
915
875
872
868
815
876
859
903
860
860
868
822
758
810
753
708
744
784
740
668
635
698
699
741
794
846
802
867
817
776
721
671
611
595
643
680
720
722
655
615
617
666
658
653
649
589
579
619
575
519
475
409
358
305
362
304
303
359
357
364
323
323
285
272
228
229
239
283
243
216
274
271
224
184
190
237
198
245
187
157
211
255
198
144
88
97
104
107
163
204
201
157
164
222
228
203
153
158
83
123
119
183
231
231
226
217
176
187
200
238
233
183
178
174
164
199
196
207
210
200
242
196
247
206
141
203
195
248
286
242
241
280
338
369
327
325
280
265
209
269
329
343
286
249
246
215
160
205
129
185
133
85
81
83
76
64
61
6
36
86
140
176
240
244
243
197
182
119
168
113
109
148
144
205
151
194
197
182
127
127
173
184
224
161
158
208
164
220
270
332
336
380
442
493
438
460
472
