230
154
163
199
28
204
139
243
273
188
224
137
354
128
458
92
399
86
274
53
47
55
75
39
420
88
197
143
314
165
452
101
433
145
325
111
337
69
343
117
286
178
11
218
410
228
413
183
319
168
458
114
335
179
291
111
202
73
442
85
179
143
68
183
306
237
416
251
456
252
340
313
391
362
19
425
110
430
152
375
298
332
404
333
396
270
178
237
454
241
36
183
300
175
54
164
71
193
417
261
359
273
1
269
255
218
301
157
360
94
445
85
330
73
198
112
7
87
255
33
448
19
323
66
77
79
434
138
484
102
197
45
284
41
225
91
196
47
104
89
242
77
35
31
448
88
429
44
312
5
98
6
458
3
21
18
395
9
307
10
208
66
231
112
457
50
19
102
13
48
410
1
252
35
340
45
178
42
204
27
220
8
108
3
284
17
495
10
155
68
11
127
418
172
425
231
368
232
20
276
28
267
284
212
267
170
174
166
172
218
381
212
350
156
348
141
176
188
191
241
485
286
321
344
488
375
325
334
312
322
435
365
407
320
326
380
98
324
58
269
375
323
110
332
279
342
409
325
297
377
34
427
202
418
468
416
73
446
265
495
158
491
442
445
7
505
301
532
397
492
221
444
265
490
239
433
133
482
383
429
459
372
287
373
136
371
135
367
362
363
433
404
49
449
81
442
286
369
365
326
229
279
329
314
396
268
361
308
71
336
455
333
299
275
188
315
462
355
91
416
23
341
17
286
78
334
207
303
254
257
141
211
337
199
283
263
145
199
89
203
46
206
145
162
210
207
278
246
480
194
276
185
34
133
488
69
349
52
408
92
8
139
167
75
26
18
42
66
180
69
426
72
1
15
285
21
469
79
423
88
93
81
224
18
495
15
149
14
458
25
392
16
467
54
482
69
451
17
181
81
223
125
363
64
341
55
479
52
445
100
311
154
351
217
221
237
263
171
225
117
37
65
366
63
365
99
83
157
448
165
421
113
296
176
455
177
141
238
481
201
445
141
269
196
6
168
203
109
68
68
459
118
174
83
70
87
217
88
310
94
268
117
84
73
330
127
168
120
197
166
30
192
44
255
36
203
350
143
243
93
79
90
319
144
183
189
21
183
377
181
269
225
294
280
208
311
100
313
174
274
320
311
413
353
272
360
67
361
135
323
121
350
31
311
253
341
301
293
495
356
229
315
432
265
326
206
219
161
78
206
125
211
441
256
192
265
278
272
427
208
261
191
264
238
320
279
381
233
468
220
455
274
64
232
417
198
158
155
173
107
25
95
250
55
455
98
213
96
489
127
50
188
23
249
345
222
224
169
460
121
358
178
443
172
187
110
137
152
325
115
372
140
193
140
175
85
224
135
357
78
142
124
493
73
47
63
433
76
236
35
298
42
159
86
73
40
66
36
353
22
25
49
411
63
89
5
25
70
177
71
451
110
226
70
295
125
246
81
379
91
242
152
490
97
145
48
456
45
380
94
365
130
295
89
337
130
175
126
453
83
387
124
216
176
417
166
244
118
230
104
130
147
55
185
124
139
496
190
41
229
35
181
147
194
19
140
396
142
99
140
451
179
324
230
261
285
45
215
95
267
153
220
103
276
159
273
364
225
40
169
27
126
108
133
361
135
266
179
48
154
199
186
74
222
115
188
476
143
101
153
9
198
152
130
187
119
346
75
370
30
185
7
276
23
325
12
239
63
226
125
183
141
1
180
245
134
234
139
489
140
20
149
205
109
144
171
150
136
172
186
257
186
283
231
201
241
384
298
422
257
366
207
472
165
459
153
219
161
238
203
81
258
428
206
425
248
290
307
138
377
169
379
486
398
242
436
263
437
80
487
73
448
476
429
142
434
402
368
50
365
56
369
331
356
372
430
66
485
250
532
496
532
203
579
259
582
253
536
438
476
396
430
350
430
2
390
173
325
410
280
7
303
191
318
321
375
290
323
411
318
375
270
363
209
486
191
428
196
238
197
197
216
89
222
476
260
184
220
69
266
285
214
287
251
387
302
92
235
276
223
403
251
6
261
389
303
207
343
260
341
470
331
53
372
474
380
302
410
241
414
80
361
144
309
323
366
28
368
104
307
348
366
269
372
470
360
201
307
328
341
443
396
224
343
60
387
468
335
307
333
382
325
54
362
14
417
315
414
224
460
282
405
293
449
343
453
48
466
175
511
40
460
407
424
209
477
375
424
188
434
124
443
486
429
441
387
43
382
459
337
484
384
462
377
11
318
441
263
87
315
95
269
114
225
387
223
76
161
224
175
479
244
336
258
312
218
55
255
202
315
333
353
103
351
55
407
233
401
134
406
129
344
456
300
336
301
27
346
82
338
361
269
55
281
310
281
25
288
196
279
153
324
296
267
112
209
82
254
45
309
46
266
209
279
484
265
494
207
116
262
426
288
22
342
254
404
257
345
465
290
105
326
5
272
102
272
329
257
32
237
283
192
43
155
484
96
297
150
485
163
296
113
143
167
91
236
134
195
118
231
58
176
392
128
352
77
81
53
13
86
12
45
150
93
147
95
227
46
320
90
197
45
283
28
394
72
147
94
139
96
452
86
355
40
129
21
9
39
353
23
313
25
195
35
12
29
391
69
142
112
235
68
102
4
210
58
67
102
206
53
128
102
498
59
38
102
234
101
482
40
123
41
64
40
19
74
45
75
217
118
278
71
427
11
20
23
40
53
183
105
400
50
300
91
82
135
299
76
271
133
438
125
351
139
10
199
243
159
290
206
271
150
141
150
203
201
401
202
48
266
269
246
387
245
318
292
13
283
424
236
388
182
353
191
120
193
99
171
494
131
127
169
285
166
298
120
479
67
402
56
296
116
165
79
275
127
146
165
374
204
119
209
161
264
212
310
179
303
390
294
91
270
121
309
30
362
105
322
274
346
143
414
3
412
476
356
164
398
102
401
406
462
292
511
232
463
173
411
113
418
317
457
491
463
112
516
168
582
304
577
359
636
344
686
316
742
13
728
74
775
462
846
164
845
408
806
29
802
265
852
25
832
470
771
184
817
368
812
68
867
101
849
217
904
206
971
397
1014
347
1056
332
1089
63
1090
459
1143
242
1206
339
1211
169
1217
116
1260
435
1215
202
1172
98
1173
125
1127
266
1177
260
1217
403
1269
478
1272
128
1305
301
1360
493
1332
188
1266
306
1282
456
1348
197
1342
227
1353
32
1346
248
1392
264
1442
142
1513
250
1460
252
1423
332
1409
390
1409
297
1407
275
1357
21
1404
135
1347
393
1352
121
1393
397
1388
148
1432
66
1426
417
1376
111
1383
495
1386
123
1391
116
1422
459
1466
111
1463
383
1516
19
1447
330
1444
356
1442
433
1432
327
1376
403
1418
498
1456
474
1490
41
1534
439
1490
115
1453
142
1401
110
1340
292
1338
404
1339
74
1402
242
1404
382
1412
256
1401
317
1411
165
1399
383
1333
348
1291
44
1335
142
1392
263
1408
329
1473
65
1523
400
1526
71
1493
324
1486
150
1438
37
1379
371
1344
74
1342
15
1332
327
1388
411
1399
186
1347
371
1308
10
1243
239
1227
29
1239
70
1296
58
1246
48
1198
447
1236
125
1184
457
1149
391
1209
472
1209
429
1156
61
1149
286
1211
69
1150
268
1151
402
1098
32
1057
42
1020
424
1078
187
1133
219
1194
372
1139
297
1191
59
1127
172
1113
251
1113
231
1099
359
1149
40
1097
445
1146
54
1143
331
1098
177
1152
473
1096
253
1035
239
965
179
971
330
1029
408
986
53
938
182
874
340
871
164
907
398
904
79
952
164
1004
389
941
489
896
425
942
450
975
36
1028
412
1020
455
1014
6
954
316
904
264
863
209
876
191
938
412
942
489
886
412
928
190
884
171
873
499
827
227
859
361
902
219
852
333
911
50
909
176
849
313
797
76
844
138
892
129
891
2
889
281
924
276
912
161
894
128
943
391
988
293
1038
423
1084
398
1124
261
1159
420
1186
50
1188
255
1185
157
1141
434
1084
100
1091
187
1151
251
1093
402
1100
179
1057
306
996
391
985
93
1034
300
1005
145
970
358
1022
394
972
427
1003
137
1017
357
967
353
955
180
906
43
958
467
962
292
942
415
995
29
948
285
993
429
944
436
899
214
895
368
829
371
775
337
743
392
691
386
690
4
737
368
676
395
710
286
670
158
711
258
772
165
769
34
703
267
647
51
701
18
747
485
793
126
725
364
672
242
686
416
675
411
652
317
694
205
656
18
606
213
608
348
592
432
654
382
608
71
646
339
691
242
639
11
579
185
593
451
657
231
668
12
709
496
750
261
788
23
835
149
902
403
849
432
798
495
822
270
776
329
726
495
665
7
668
106
671
346
666
308
659
285
657
347
710
34
710
284
763
113
758
94
815
95
766
95
816
447
808
183
863
370
813
83
851
179
885
222
918
497
873
324
837
320
850
404
893
246
956
374
914
458
871
166
915
343
860
213
930
204
929
497
862
289
897
248
910
25
921
129
870
476
885
356
956
145
1006
408
1028
27
986
341
988
257
1048
30
1042
263
1094
363
1083
97
1038
86
985
36
1050
432
1001
27
955
27
971
53
914
204
865
309
871
30
935
183
918
44
876
470
924
486
869
257
869
300
895
376
941
93
991
78
1024
408
1068
433
1071
335
1128
487
1182
165
1231
109
1272
214
1216
126
1165
465
1115
452
1158
401
1217
479
1166
371
1108
23
1150
195
1084
274
1030
362
979
274
917
322
912
1
941
182
904
178
958
395
1010
286
961
106
947
380
1004
43
966
263
930
410
939
207
891
104
853
433
892
154
839
429
824
53
868
336
873
445
875
448
881
41
851
167
918
359
860
204
909
211
944
238
970
45
974
241
961
44
1006
376
1061
164
1065
337
1063
78
1000
314
992
295
941
113
947
27
1005
231
997
203
945
115
900
194
858
341
823
428
831
486
837
484
840
80
767
235
806
315
789
363
724
178
729
146
674
262
644
169
679
433
673
201
679
76
669
436
673
102
636
170
648
425
689
209
727
76
716
250
732
366
735
88
679
474
727
1
723
165
773
410
731
46
740
253
679
70
717
89
769
54
714
269
731
285
728
230
664
399
611
115
544
193
587
47
639
48
636
287
667
65
666
465
720
309
671
214
719
97
711
86
746
195
743
499
790
64
788
43
734
411
781
101
719
391
776
67
836
422
775
330
709
322
763
273
762
126
817
424
743
462
746
149
715
206
659
481
613
211
643
346
578
472
531
422
575
123
611
127
599
347
640
376
682
220
743
333
699
181
697
315
684
127
692
280
707
273
656
42
709
353
718
157
664
26
731
316
723
477
730
176
788
47
838
388
897
86
909
384
911
183
872
64
865
491
929
103
884
132
822
316
756
248
800
195
840
499
889
68
952
497
999
223
996
296
993
23
1001
214
1058
253
1019
441
1012
286
1055
238
1051
185
1063
497
1028
172
986
280
937
81
943
475
950
377
911
317
961
129
1016
113
954
332
953
285
889
336
922
485
963
67
1004
314
962
77
925
471
962
469
911
350
941
201
886
484
931
138
934
389
966
248
938
459
937
68
870
162
924
455
945
481
936
253
945
93
934
458
878
269
891
397
942
372
896
108
862
248
811
183
864
27
868
483
918
261
853
55
866
78
909
151
963
184
990
70
954
426
993
383
960
118
1000
34
1003
251
994
401
1008
381
1053
417
1033
401
1090
192
1052
345
1064
13
1049
46
1103
256
1167
316
1157
119
1187
322
1234
86
1236
126
1187
354
1193
149
1211
62
1156
211
1174
327
1166
58
1162
421
1214
121
1171
227
1122
263
1074
208
1023
339
970
330
1018
484
972
396
1017
302
961
483
997
353
953
69
897
102
843
314
796
336
790
129
838
41
828
378
826
151
874
207
904
425
961
114
953
112
995
13
945
47
990
101
1037
174
990
56
950
141
1001
162
936
224
984
41
1002
396
1002
203
1042
482
1042
487
997
145
988
169
986
137
934
399
937
85
973
225
914
323
958
412
957
196
951
242
958
237
1004
205
1048
448
1105
380
1111
259
1158
274
1095
44
1151
234
1162
232
1128
314
1080
429
1128
276
1155
362
1151
485
1153
237
1155
477
1150
387
1209
191
1164
87
1210
477
1200
431
1250
364
1246
13
1298
92
1359
467
1301
233
1246
455
1297
493
1314
327
1373
255
1411
12
1398
320
1353
441
1410
309
1429
385
1481
319
1425
57
1373
120
1388
422
1392
438
1340
3
1285
499
1226
464
1235
219
1285
450
1328
271
1368
398
1318
27
1271
22
1262
329
1271
166
1258
163
1303
269
1300
343
1243
362
1291
111
1292
62
1300
152
1263
430
1216
459
1257
108
1293
216
1345
431
1389
62
1400
467
1345
423
1300
44
1343
25
1399
400
1435
20
1439
326
1398
297
1342
358
1382
150
1422
369
1471
271
1470
34
1524
46
1534
34
1546
444
1487
338
1549
254
1495
443
1457
59
1389
44
1328
180
1282
85
1238
327
1246
412
1207
131
1144
123
1211
158
1224
61
1212
236
1150
391
1160
452
1171
361
1194
389
1244
408
1285
297
1339
124
1337
153
1289
259
1341
316
1394
463
1406
228
1455
117
1516
426
1474
54
1472
145
1483
36
1534
314
1541
291
1489
133
1486
138
1520
428
1454
483
1453
223
1502
467
1505
127
1544
479
1496
46
1432
276
1428
282
1433
198
1449
151
1403
164
1346
307
1342
496
1345
115
1280
59
1279
32
1275
187
1218
6
1207
481
1162
244
1125
332
1073
348
1047
235
997
280
951
370
957
477
952
314
950
455
906
300
847
8
793
127
797
462
750
216
742
410
680
298
628
447
575
482
536
401
520
87
518
311
570
338
529
69
540
478
531
104
531
52
575
222
554
495
600
51
606
371
534
484
571
192
517
396
456
324
514
457
574
484
564
351
517
113
463
204
528
320
591
14
586
393
632
444
584
458
549
472
546
329
499
90
463
267
513
157
510
293
556
59
598
227
662
119
658
261
676
101
630
230
579
471
520
191
499
415
552
344
625
233
683
441
624
397
571
334
639
257
683
179
682
320
638
88
638
59
604
482
556
183
593
461
636
262
672
353
634
103
683
84
644
181
625
67
684
498
630
499
619
103
555
143
589
296
532
282
535
407
585
36
638
421
706
121
655
375
698
59
745
150
700
323
701
154
752
347
761
356
748
189
817
187
858
79
816
232
769
132
736
498
803
331
735
463
749
398
769
484
767
299
714
433
761
277
751
473
787
21
791
77
741
93
693
171
638
444
655
145
597
235
542
381
535
176
585
368
539
331
550
378
606
425
563
74
509
476
504
413
556
65
565
333
517
430
561
125
569
134
576
22
523
187
482
173
501
418
553
398
503
276
540
58
532
79
556
375
566
277
573
325
529
494
579
457
572
372
532
191
586
56
538
360
607
8
680
411
688
244
690
464
629
144
624
454
576
52
538
1
475
499
424
88
480
339
428
235
376
103
324
64
381
153
332
259
336
176
393
388
391
191
335
150
345
478
295
127
243
374
198
372
159
411
215
177
222
35
159
206
174
362
184
52
230
39
274
146
191
386
132
357
79
73
18
258
90
22
37
2
34
449
40
131
35
495
30
328
58
85
50
179
114
320
165
187
212
87
216
381
278
185
265
84
273
348
226
170
231
296
248
153
210
58
250
489
302
287
251
461
304
62
302
380
337
462
339
203
381
443
433
365
439
220
388
429
397
300
461
86
421
417
366
397
413
257
402
74
395
299
358
83
326
140
380
102
435
164
401
299
354
234
414
283
432
67
395
173
342
321
376
109
302
148
255
16
304
475
357
374
320
84
319
10
329
158
337
237
377
422
401
432
364
395
419
268
421
75
429
318
365
93
311
320
292
281
303
9
245
113
274
439
322
202
317
179
311
373
370
125
307
56
251
175
299
187
258
450
311
256
366
347
323
464
395
157
319
91
289
59
339
111
378
355
362
449
315
319
263
446
237
387
194
388
263
53
306
310
348
369
297
220
287
391
238
285
181
204
133
268
84
150
129
123
147
116
87
31
25
110
48
67
53
364
53
68
7
422
46
446
51
208
130
470
190
285
186
348
227
148
173
361
227
159
165
22
101
185
108
150
146
484
92
381
39
60
39
434
54
53
88
280
48
94
3
105
36
39
40
394
52
445
5
444
53
322
98
67
105
164
47
237
10
477
29
453
49
292
51
361
89
85
83
202
34
476
43
180
76
140
17
370
29
416
49
298
16
315
24
345
25
153
31
285
35
146
35
479
44
58
103
64
168
456
102
342
48
202
109
273
54
345
46
491
48
393
65
180
93
204
139
168
83
364
77
121
69
187
130
110
132
499
192
394
181
419
231
375
197
367
241
474
293
269
304
349
362
243
409
458
460
40
517
306
570
118
523
322
536
421
589
252
648
398
647
449
591
270
547
280
552
222
492
227
554
139
599
389
541
447
487
318
493
258
485
188
482
100
483
229
531
246
536
323
584
102
636
232
683
192
742
10
755
428
814
14
823
228
816
274
826
201
796
460
837
315
774
163
735
263
690
289
689
226
691
119
637
340
637
84
708
124
770
102
803
413
750
30
705
186
649
39
616
314
611
381
562
293
565
482
520
496
563
461
556
341
510
326
477
67
519
127
531
222
549
492
492
129
495
345
547
99
549
296
505
2
491
220
454
384
492
233
527
55
464
127
509
138
458
427
490
466
541
400
621
165
678
69
724
441
771
446
719
414
790
396
744
245
752
68
801
478
736
223
692
439
677
106
729
319
788
150
818
92
819
389
830
435
865
37
844
304
824
343
833
9
883
280
863
372
861
11
818
213
812
270
771
235
708
372
653
41
705
448
748
77
791
177
826
133
792
356
738
348
682
489
656
352
706
83
646
285
684
146
640
8
641
389
692
286
629
350
582
434
540
311
529
113
471
266
422
219
472
86
515
272
570
45
577
263
519
162
474
38
503
140
549
355
545
232
545
35
507
270
566
41
569
290
607
197
551
241
606
391
611
138
555
92
615
231
542
126
597
229
607
12
553
62
491
393
483
271
434
452
380
443
325
69
335
399
284
138
231
12
272
330
310
463
364
220
427
64
471
90
473
244
523
476
531
341
589
290
642
299
637
6
579
6
647
80
683
77
746
115
733
433
742
104
699
200
708
43
758
5
762
341
698
498
761
294
694
132
689
299
729
299
775
223
780
173
836
221
842
286
857
493
818
6
808
36
854
288
846
453
913
384
962
289
964
469
960
469
905
173
901
381
958
188
896
286
863
366
854
257
859
271
868
320
836
55
882
353
878
277
825
337
823
321
774
423
824
52
811
80
756
383
812
54
759
214
742
229
744
224
793
399
841
63
786
60
838
255
767
282
772
94
719
134
717
290
679
1
687
110
648
282
679
82
726
103
770
150
726
90
732
91
681
2
615
22
539
264
478
194
526
273
517
94
573
298
517
235
457
319
408
415
404
445
407
260
443
426
447
229
450
120
384
382
306
120
264
498
202
244
150
164
169
309
175
481
226
103
286
155
331
338
387
463
441
217
509
163
563
302
534
327
474
78
412
419
333
61
337
121
383
9
320
319
275
104
288
33
245
77
200
90
191
230
231
359
172
30
224
156
260
94
244
223
236
153
235
330
182
359
180
487
167
1
209
451
140
134
135
20
175
153
187
413
227
159
180
58
234
489
236
298
271
232
264
38
266
372
217
488
161
466
203
288
264
427
321
361
314
401
263
489
199
12
193
204
247
3
231
173
185
139
117
345
69
398
18
232
9
437
21
292
71
181
23
246
7
107
14
380
87
28
79
272
28
36
81
349
121
389
189
44
138
36
194
146
145
139
154
4
201
153
142
44
188
13
128
470
52
100
42
74
45
66
3
4
45
227
31
197
76
286
68
421
114
430
77
108
34
332
43
53
41
98
99
277
44
209
90
87
98
365
56
454
100
172
153
140
102
229
138
394
85
443
16
165
24
366
39
38
96
132
39
439
89
326
131
267
82
92
76
288
36
108
44
239
54
365
50
292
3
190
42
215
41
439
93
284
150
374
147
171
184
431
197
25
163
127
207
156
268
331
294
59
246
400
293
123
299
344
354
193
360
34
401
277
413
6
367
261
306
111
360
282
413
243
469
248
483
110
425
16
370
152
325
137
332
22
387
121
373
162
363
114
365
427
413
269
410
320
368
290
362
328
302
487
254
482
211
356
222
412
216
43
213
174
243
226
246
60
287
250
242
276
184
431
192
400
147
264
158
447
198
258
185
291
240
433
245
101
296
400
238
178
244
108
247
117
184
323
238
214
175
483
132
387
160
205
115
230
60
496
66
429
71
207
122
326
58
304
19
53
23
40
41
219
19
471
30
92
12
248
62
19
6
184
14
212
8
444
26
242
13
246
70
355
74
197
29
146
32
77
42
323
6
292
46
351
92
57
98
301
140
491
81
64
31
85
31
134
29
441
11
410
32
182
98
419
123
200
69
6
117
98
59
496
69
105
132
96
81
17
129
326
185
230
236
90
307
256
301
110
352
227
294
188
348
228
310
287
309
445
250
227
302
242
359
233
313
498
258
322
212
272
221
334
161
313
150
386
103
482
40
325
28
355
61
303
59
453
62
341
118
463
125
227
60
464
59
462
108
392
105
42
165
71
208
329
262
116
305
483
299
333
265
333
214
113
178
406
184
163
253
349
200
445
275
436
312
121
253
259
209
32
210
172
207
18
243
414
204
30
204
350
159
416
166
145
101
306
100
162
58
35
5
65
53
429
11
104
55
140
104
285
47
374
1
255
33
473
41
447
7
470
2
480
8
270
33
22
78
270
37
404
59
91
5
138
74
242
25
496
19
367
22
14
57
13
17
323
11
297
31
252
35
67
45
123
44
428
25
308
16
377
32
420
34
309
47
325
58
208
59
474
54
463
103
480
101
472
164
392
107
14
117
379
148
167
157
425
203
277
220
140
202
275
187
488
190
112
214
211
272
457
218
304
156
149
151
423
114
14
119
28
72
154
129
107
192
157
236
187
183
65
144
65
132
453
86
462
133
415
107
382
163
184
111
44
158
294
152
225
210
85
264
46
297
477
291
281
245
442
259
23
205
370
201
266
158
179
218
350
272
62
259
428
319
217
269
402
275
34
312
27
367
117
424
68
469
384
525
125
593
463
577
221
576
300
632
332
583
392
629
383
583
220
621
96
679
432
744
111
799
139
873
312
859
97
806
450
845
163
824
404
832
64
785
311
739
454
732
223
781
349
815
203
875
89
859
451
866
185
815
122
811
416
763
81
823
453
820
496
863
15
904
25
891
247
885
394
924
275
910
176
850
414
808
450
808
210
762
249
719
390
711
114
751
184
810
56
866
278
827
229
881
167
845
177
916
433
874
488
869
418
864
450
918
21
868
357
925
8
862
286
822
265
772
421
720
39
783
440
739
141
734
450
732
247
784
322
839
53
855
236
860
337
897
447
952
163
998
345
1005
262
1016
371
1009
31
1054
215
1058
495
1055
191
1036
117
1090
143
1138
491
1150
295
1147
147
1155
18
1115
187
1155
167
1167
399
1161
172
1148
221
1086
61
1043
240
1037
286
986
479
967
318
922
126
972
176
982
336
1041
71
1037
388
1093
6
1078
472
1023
452
982
70
918
26
878
423
827
11
837
217
791
277
790
90
843
222
791
303
816
312
747
350
733
39
676
492
636
212
693
435
731
259
740
101
693
323
739
391
732
300
693
56
697
174
685
94
679
331
666
279
658
361
672
76
636
13
592
383
528
311
570
460
500
276
438
26
388
144
434
239
489
303
491
154
454
105
422
129
385
222
333
31
317
207
325
193
330
63
377
102
328
491
327
108
335
133
299
113
250
402
202
39
146
201
162
271
99
133
67
224
9
471
50
412
87
304
21
238
7
176
3
252
70
14
119
81
126
169
84
375
13
303
38
87
56
435
101
351
96
374
100
424
90
144
150
355
87
194
142
359
128
284
135
483
177
105
172
45
210
382
255
441
310
346
315
12
364
161
371
428
424
86
435
184
474
447
481
153
493
432
498
105
551
201
596
53
630
320
669
452
681
267
666
201
625
129
678
151
726
284
724
162
762
157
759
43
767
191
813
365
757
348
702
32
695
113
638
273
577
102
598
96
530
170
586
179
554
133
504
248
435
39
496
218
543
482
558
150
565
193
516
457
446
374
441
416
448
59
446
442
398
266
460
172
383
492
341
480
376
117
442
307
494
174
471
169
462
297
411
121
365
145
319
435
328
202
326
273
336
412
297
361
245
75
255
483
325
93
269
474
324
14
253
325
189
8
127
66
116
153
177
327
180
387
235
369
284
127
340
453
306
67
347
191
386
238
390
437
439
235
376
258
377
323
415
461
372
253
376
470
332
202
343
159
343
69
342
393
388
343
426
345
382
441
423
475
373
4
422
410
461
93
500
483
477
280
428
458
472
277
405
498
345
313
390
217
397
43
356
39
300
371
303
475
247
395
195
469
190
423
243
105
192
321
142
9
180
152
120
19
124
159
173
33
219
20
264
30
315
8
262
240
218
228
159
435
163
218
153
60
166
99
206
399
208
216
157
446
160
195
164
339
173
295
210
147
158
385
159
359
206
303
161
207
176
321
112
28
146
394
83
87
50
225
44
390
95
311
150
100
152
232
92
483
170
347
209
173
276
413
213
85
221
75
167
436
207
266
264
248
209
15
215
443
175
86
124
214
181
490
131
136
188
75
136
261
214
123
161
451
223
279
227
107
267
317
260
32
193
195
236
21
278
158
215
259
246
70
200
45
204
288
253
44
193
285
137
2
196
468
243
263
306
128
363
433
313
79
377
283
366
237
381
118
435
363
492
374
478
413
520
183
470
434
478
306
442
381
491
327
466
156
520
300
490
454
549
449
482
218
496
413
552
424
540
1
478
474
474
432
417
207
473
330
487
346
522
380
556
362
567
322
616
353
576
203
620
425
610
161
609
24
548
40
543
279
491
493
452
248
510
98
513
7
442
339
496
216
433
375
457
35
402
134
457
428
494
8
490
295
434
81
494
460
542
405
557
118
560
168
544
261
499
218
457
154
458
478
469
188
502
345
499
405
464
397
462
397
497
377
492
433
477
486
424
252
407
207
413
216
357
357
346
55
344
339
354
430
339
98
337
381
336
232
397
135
398
130
349
497
400
326
446
383
442
344
478
178
426
250
382
42
329
235
334
443
338
371
286
120
237
207
303
15
289
68
240
53
295
469
281
191
230
52
282
213
334
478
331
411
324
174
259
161
214
127
225
260
160
208
206
473
256
392
297
252
233
395
283
296
258
469
285
352
223
372
274
116
261
428
252
70
265
21
219
322
180
49
123
286
133
132
64
315
14
382
5
88
16
400
45
459
45
367
48
124
4
340
10
498
9
373
29
204
34
251
75
469
122
122
129
343
183
259
187
152
180
412
165
55
179
181
230
238
222
486
253
469
202
277
257
189
252
112
315
85
325
474
325
151
314
331
315
158
358
329
357
299
298
349
286
139
292
439
234
354
235
312
280
261
330
81
329
159
336
301
336
12
320
402
363
301
323
269
313
1
250
136
305
115
310
496
311
27
304
27
354
286
348
147
411
292
412
252
415
90
473
139
411
259
407
451
448
161
398
271
336
329
332
207
272
299
257
431
266
26
277
83
278
351
219
147
167
308
110
316
120
413
119
435
193
73
245
243
236
456
277
99
240
40
186
218
235
475
203
294
146
326
184
209
171
12
128
432
58
94
108
129
51
279
42
427
70
371
120
397
169
438
121
283
177
466
117
315
118
197
79
443
82
220
97
301
30
410
19
55
14
374
5
71
3
232
21
214
40
394
18
293
9
25
7
99
39
231
69
304
81
333
34
401
38
345
34
372
34
152
27
260
23
450
12
497
26
143
89
237
32
278
25
162
64
112
103
66
65
275
3
379
19
44
81
394
129
182
172
133
129
377
79
49
30
286
35
80
39
72
64
114
112
214
58
420
69
352
26
318
4
440
43
216
27
36
40
46
47
342
45
287
2
344
57
248
59
267
111
43
66
309
60
204
61
344
57
188
6
372
4
262
8
498
60
370
2
187
52
54
110
294
91
388
135
316
123
50
118
283
132
25
96
50
83
315
60
94
60
87
107
422
55
77
109
198
109
53
51
351
59
421
52
427
25
323
89
31
143
327
197
24
250
223
255
82
312
231
324
293
365
276
418
258
403
446
439
424
385
235
336
374
351
143
399
113
339
241
342
277
382
405
333
314
291
418
256
296
269
382
316
160
354
268
398
489
451
384
489
489
535
437
595
249
547
452
555
269
604
227
541
491
594
81
591
47
644
496
603
173
649
278
603
399
547
38
495
119
549
414
608
261
657
492
602
174
619
78
617
168
621
395
610
294
543
358
485
197
433
7
474
92
429
288
364
315
391
446
374
499
323
207
267
372
224
215
263
312
326
141
275
63
228
232
291
250
281
184
306
132
299
373
313
151
354
204
330
5
337
358
278
342
327
407
327
418
378
395
429
320
380
423
413
196
371
394
418
230
411
470
457
442
458
71
463
478
470
80
419
487
472
201
465
448
523
178
472
485
461
32
531
485
461
220
402
316
346
88
339
247
335
158
291
260
232
378
195
92
153
313
151
382
192
341
198
413
201
233
152
223
204
218
150
63
197
177
239
269
271
236
324
237
280
230
335
46
340
52
338
264
392
95
346
432
355
51
348
358
302
361
360
489
375
296
415
99
362
25
324
363
275
161
326
156
286
148
296
230
318
256
341
150
289
275
283
180
225
416
266
428
274
451
328
267
325
81
272
20
206
389
159
327
153
265
109
370
98
168
59
454
22
372
6
229
55
234
52
94
15
341
75
296
20
211
12
494
54
211
53
150
19
84
35
448
36
321
88
93
28
144
36
240
43
188
56
110
107
271
112
229
101
101
164
329
135
200
183
393
126
456
124
108
167
474
230
396
229
33
237
470
183
450
124
191
183
300
146
88
156
396
197
286
152
195
102
304
96
218
45
335
35
289
16
234
42
70
102
121
51
45
105
451
61
158
52
121
103
63
137
62
153
67
150
141
94
418
36
123
65
319
124
17
133
413
113
8
59
217
6
171
1
331
8
386
13
298
59
448
3
188
8
154
10
432
66
183
69
34
122
264
54
294
111
174
157
124
165
245
170
26
173
474
169
161
212
226
204
474
208
385
250
386
239
37
239
265
224
18
233
490
186
499
155
360
204
40
140
423
196
377
251
438
243
42
249
79
197
224
238
407
171
309
219
294
230
446
234
433
179
76
231
478
189
478
168
37
164
402
215
291
189
22
171
216
208
365
170
420
102
399
64
424
22
81
15
262
61
183
1
60
10
105
66
123
20
426
3
141
23
173
56
276
40
323
2
60
48
163
11
17
17
491
58
393
37
218
72
265
15
324
49
15
2
458
24
309
26
179
25
309
35
277
35
498
86
345
30
481
37
110
58
216
66
321
61
27
100
26
162
455
149
476
202
337
249
308
199
98
215
149
146
161
159
374
176
448
170
442
108
169
112
96
160
346
160
177
212
3
260
93
195
312
210
421
203
418
210
286
142
92
94
240
44
483
42
177
87
327
77
216
124
379
116
178
117
102
179
485
241
38
235
11
181
145
223
426
223
33
163
332
157
407
216
210
169
352
205
354
264
102
326
386
377
67
331
202
337
67
334
295
272
408
249
11
287
147
283
66
233
371
218
415
175
311
177
477
229
149
172
253
164
392
104
284
139
30
174
45
170
53
121
237
72
366
23
270
30
126
27
107
25
52
19
227
4
345
42
368
33
444
23
115
17
278
59
405
61
361
115
35
65
412
95
350
98
283
147
433
189
444
173
313
167
214
213
129
259
376
278
7
225
350
228
426
221
233
270
191
267
464
213
152
144
467
142
410
151
413
162
361
104
330
116
323
54
270
46
461
82
41
23
244
14
178
23
383
46
464
52
253
95
181
49
92
6
136
65
248
39
196
26
157
31
170
61
98
93
16
139
198
209
212
220
102
292
119
345
99
355
87
407
183
405
216
359
172
364
347
306
252
257
328
220
471
266
275
300
140
225
293
279
446
269
298
275
436
310
215
267
122
231
261
209
154
156
479
199
349
193
177
247
5
202
57
136
141
187
425
140
314
178
276
194
52
158
262
143
190
102
72
176
303
177
419
114
116
111
445
102
128
158
417
210
409
160
191
203
256
158
231
168
139
123
230
77
146
34
221
94
217
47
12
1
344
66
492
114
276
106
265
64
398
78
85
34
447
85
82
46
278
3
227
65
299
42
171
22
254
89
356
98
262
147
476
140
128
138
397
158
264
170
332
170
272
211
40
254
431
202
459
144
497
101
404
42
315
108
229
114
175
63
420
105
91
50
396
116
139
69
372
88
300
34
216
82
487
30
276
33
60
37
272
63
78
109
76
50
338
57
305
72
440
84
370
50
20
46
202
109
199
154
494
203
292
153
178
110
278
157
79
211
43
191
312
133
285
143
302
99
319
162
248
188
178
188
20
221
431
212
268
205
472
271
419
221
119
277
259
218
301
179
121
123
28
167
67
171
370
111
343
154
324
218
251
211
49
211
326
201
406
211
230
157
131
143
416
135
319
110
429
154
137
102
418
133
209
140
141
79
203
15
497
24
29
23
232
28
5
79
497
82
153
11
150
52
247
93
19
46
106
58
348
115
116
125
432
186
171
228
302
159
321
156
82
208
307
265
399
326
288
328
246
282
16
271
43
227
163
294
453
294
409
337
382
280
488
241
429
306
340
352
255
298
174
247
265
244
245
282
118
338
64
347
448
366
132
316
173
301
367
340
103
332
29
380
90
330
319
388
438
360
195
422
478
373
264
382
329
447
213
456
461
404
76
416
210
418
382
381
246
338
498
346
43
307
139
364
336
375
10
417
277
367
63
362
388
414
398
397
239
447
254
500
55
434
198
435
206
399
223
461
258
418
179
459
485
423
189
375
126
298
51
304
140
344
296
281
473
279
299
274
222
218
334
255
183
253
286
301
198
255
282
260
335
295
363
349
60
390
405
431
247
418
276
408
373
469
1
467
151
405
190
391
475
336
241
289
71
247
297
198
326
239
112
224
413
213
454
223
375
266
352
205
385
201
97
243
398
231
162
197
341
190
66
242
325
297
316
258
114
308
204
301
458
242
370
199
291
153
236
155
50
151
283
146
278
199
232
148
462
193
124
220
215
219
315
212
118
233
165
223
234
282
249
235
298
180
458
186
9
181
40
231
334
269
132
318
387
265
300
208
283
209
381
247
254
196
33
157
57
94
4
142
182
145
18
153
312
197
123
259
137
201
211
230
472
224
42
232
482
280
247
210
190
153
70
155
53
107
317
47
260
51
37
102
466
104
406
110
486
153
450
164
459
156
466
202
101
154
466
209
67
201
194
195
364
143
377
137
197
78
452
120
264
159
386
150
95
152
228
154
171
139
472
187
348
144
230
79
475
80
89
79
21
121
418
164
459
157
329
83
390
38
155
81
304
82
128
32
230
81
368
35
86
38
114
74
65
28
324
110
467
62
112
54
316
109
33
169
42
217
400
230
155
191
270
185
198
231
146
182
272
223
17
223
245
219
2
215
343
222
277
265
173
233
300
181
269
132
155
122
228
116
317
166
134
178
213
181
436
140
29
159
173
218
450
207
408
183
87
137
385
197
393
249
463
260
63
328
250
265
431
327
385
361
407
312
79
310
55
263
175
310
31
278
233
275
405
321
367
274
399
273
264
224
297
238
468
234
115
291
134
345
349
283
201
300
299
313
151
360
354
419
79
421
118
417
193
466
36
478
495
484
416
474
489
469
421
522
443
523
341
476
443
438
86
498
339
449
86
405
393
402
253
439
63
486
199
438
465
400
408
351
114
292
242
286
47
320
338
291
360
327
228
321
267
373
340
374
491
382
326
309
426
364
34
367
284
313
67
255
491
292
163
327
194
379
437
451
456
489
457
487
316
537
243
575
120
536
342
479
47
526
200
469
156
425
406
434
56
490
188
439
490
450
438
388
465
355
309
408
7
401
310
446
204
491
428
544
251
549
127
497
435
558
255
504
14
442
373
384
25
385
154
384
196
430
337
381
88
415
307
422
215
383
119
390
265
439
47
436
496
436
371
482
155
486
248
441
221
493
312
488
20
532
364
488
46
552
180
614
247
616
41
623
83
570
451
557
194
541
58
596
58
552
298
569
261
555
165
497
74
464
374
451
180
407
11
449
419
387
339
378
217
332
267
398
136
402
49
433
289
371
379
317
107
359
480
311
391
317
462
321
385
375
101
359
147
404
201
361
138
403
178
438
15
407
202
476
89
470
423
426
239
412
109
343
326
284
239
330
107
282
339
248
15
244
355
291
274
234
83
239
9
272
257
219
135
221
289
263
276
326
314
331
471
370
485
420
28
411
290
365
341
380
158
370
140
384
410
339
281
398
149
445
247
502
20
495
112
508
87
503
2
489
224
530
132
569
369
611
343
667
188
654
6
613
162
612
474
566
492
550
242
602
354
610
3
585
324
640
406
708
110
653
190
604
107
606
182
657
216
661
474
605
210
539
197
558
362
600
17
593
94
537
246
541
386
600
474
555
462
619
258
615
423
659
482
652
452
714
361
715
44
674
7
636
5
578
331
581
458
540
253
537
259
593
410
634
244
688
129
754
163
753
181
770
190
763
69
698
474
652
22
700
476
758
189
768
453
789
21
748
497
746
304
694
499
705
380
660
113
604
160
547
418
551
209
559
356
501
331
547
269
547
72
545
466
479
69
462
76
466
476
520
480
469
103
425
51
424
459
428
70
495
475
444
223
453
377
461
475
504
39
504
455
499
482
556
390
580
313
625
430
572
230
568
367
578
379
630
155
631
189
687
182
625
61
637
114
583
202
527
81
496
4
544
454
523
499
473
492
415
41
369
150
441
209
494
366
501
349
500
301
460
278
459
267
510
294
511
372
573
56
530
366
473
440
424
95
425
487
378
370
391
298
337
203
400
94
405
473
337
218
289
111
238
373
293
29
282
304
230
444
189
256
133
316
68
373
9
279
13
42
41
492
3
349
8
218
12
96
25
134
68
473
61
216
72
240
128
418
68
45
120
213
71
462
84
176
34
322
12
494
4
257
10
302
13
36
9
90
17
84
10
64
4
310
11
228
47
394
19
147
84
49
47
136
36
475
83
322
157
283
102
48
115
9
120
65
71
59
69
44
10
354
2
274
66
203
4
77
57
333
51
228
42
426
26
488
39
376
20
288
68
246
20
188
25
492
46
195
94
499
143
320
91
498
98
118
168
461
110
405
58
416
66
203
70
194
121
385
69
214
82
304
154
365
207
303
187
442
254
131
212
95
164
134
216
379
183
398
233
147
281
136
278
188
344
304
332
460
283
406
276
17
289
178
250
467
232
17
226
185
269
257
273
403
221
303
280
428
292
386
347
92
296
246
304
84
298
198
253
440
197
182
141
477
183
479
136
139
86
197
133
143
176
484
169
223
148
128
161
117
214
358
167
309
167
313
233
67
279
35
259
369
253
201
252
331
240
64
240
116
294
109
284
365
230
465
191
462
237
458
284
32
338
119
410
236
404
147
462
35
456
72
470
446
500
34
557
226
605
375
671
195
630
424
579
240
625
274
592
182
640
487
685
171
740
287
796
35
740
28
679
127
620
131
572
484
516
319
443
323
486
30
487
438
528
373
477
16
532
160
582
120
621
28
659
85
692
449
639
189
680
248
740
173
677
372
674
490
665
366
723
361
770
164
721
403
758
303
794
178
746
34
791
191
847
166
808
462
867
352
793
228
745
380
743
265
703
90
757
12
769
63
768
236
723
95
775
402
831
124
875
399
913
165
916
149
910
399
920
67
863
31
823
438
875
89
917
200
980
340
978
27
1040
435
1082
391
1086
294
1130
211
1136
466
1078
171
1022
190
998
334
934
40
988
86
1024
433
1020
224
966
67
961
358
920
131
970
325
1012
145
1074
449
1118
24
1164
122
1245
165
1244
321
1291
475
1249
225
1206
459
1181
13
1144
107
1088
452
1042
258
1028
304
1025
167
965
303
956
392
957
306
959
239
916
110
890
46
933
490
940
337
881
494
825
113
854
189
857
116
791
166
746
78
735
227
789
106
835
105
840
324
829
465
783
457
779
390
723
205
673
197
680
195
668
191
673
341
652
317
651
90
597
14
555
24
546
61
475
168
418
177
432
299
358
402
417
317
415
405
345
57
395
83
348
416
392
11
438
12
396
137
441
99
444
331
487
441
452
91
458
197
462
276
391
440
452
298
501
66
449
224
422
348
479
213
433
69
423
435
461
90
464
58
485
395
479
244
427
138
430
291
381
393
356
37
308
186
346
477
295
449
300
420
290
129
227
139
214
371
236
120
288
78
276
297
263
358
301
248
290
229
340
225
344
452
399
173
386
181
331
285
304
473
302
23
361
281
323
185
317
57
333
48
392
277
438
282
391
300
342
191
336
91
296
465
306
131
302
319
345
335
395
89
443
488
483
205
489
150
477
360
523
388
524
208
576
460
517
94
464
395
526
445
520
437
569
32
583
459
637
68
639
93
636
200
594
94
649
438
698
360
718
440
763
82
778
107
833
495
794
322
737
214
756
369
803
444
757
384
712
353
741
161
681
230
618
56
684
387
640
65
595
332
584
84
578
253
638
483
602
22
607
308
604
462
558
465
630
270
588
43
652
274
603
373
638
100
688
143
734
90
677
57
683
241
625
313
670
139
620
284
581
314
522
499
488
9
445
88
389
111
425
198
391
317
387
468
336
88
352
387
366
94
368
449
373
257
423
401
415
493
363
187
404
256
402
151
350
245
317
481
341
14
391
414
403
321
347
59
408
456
453
455
466
217
529
287
521
35
477
432
515
57
526
459
472
211
473
212
527
274
511
12
521
365
461
214
400
404
441
402
439
369
492
85
441
346
495
443
437
128
487
96
451
45
460
387
396
229
392
281
447
76
394
172
409
252
440
150
448
341
446
351
479
449
543
247
551
420
607
132
624
281
690
491
644
273
693
336
740
367
723
316
787
68
750
304
707
343
773
308
734
455
695
113
714
353
728
225
771
284
827
53
895
496
942
14
986
423
983
128
937
295
901
68
848
290
890
311
900
445
898
12
953
406
891
79
930
172
987
265
996
403
945
20
988
18
924
298
923
331
926
453
869
321
924
346
991
244
924
300
856
266
913
195
855
492
851
86
895
10
841
46
773
361
748
28
736
324
725
60
767
156
808
119
846
299
866
79
923
32
866
183
854
225
903
256
960
11
956
357
916
453
872
89
931
115
886
42
894
426
851
425
920
1
924
124
928
223
871
429
926
342
916
78
872
162
824
396
820
68
862
276
850
441
898
276
848
306
793
10
784
251
765
483
772
270
725
71
651
272
693
405
695
36
653
339
608
327
606
297
549
126
552
116
600
456
553
215
554
241
497
294
533
318
473
434
529
185
474
243
529
30
464
364
452
34
500
145
493
497
542
385
588
456
639
1
693
291
688
70
684
164
754
368
816
197
776
32
780
204
770
449
774
150
718
73
669
489
623
229
627
269
593
199
647
468
652
415
706
372
743
459
683
466
735
148
669
2
618
455
565
293
620
325
662
339
579
314
624
326
667
41
736
424
687
55
736
29
784
261
826
478
866
274
906
353
943
336
948
41
939
61
972
123
1012
178
971
306
960
76
959
320
921
80
916
443
928
186
922
406
887
400
843
362
903
369
952
457
999
485
954
70
1006
462
999
53
956
308
949
180
907
157
942
32
991
132
1041
71
973
452
930
375
977
195
1033
65
974
120
1020
351
974
441
947
310
941
307
944
278
896
425
959
338
1021
34
1020
41
1073
234
1137
287
1106
94
1068
144
1074
345
1006
62
1002
253
1050
95
1050
2
1055
376
1025
281
1036
389
1086
418
1142
403
1090
370
1021
177
1051
344
1025
137
975
59
976
182
977
177
923
461
931
29
879
65
815
255
765
188
719
159
667
285
705
43
756
100
817
472
871
199
813
438
827
83
889
422
832
62
884
27
951
41
940
312
889
72
935
62
999
191
937
29
923
63
973
71
928
368
926
158
968
270
956
209
993
385
1053
268
1004
158
956
358
952
175
957
256
965
269
1018
39
969
230
965
496
963
464
915
426
875
402
872
242
868
411
815
344
876
375
859
454
903
235
860
491
860
480
868
419
822
140
758
6
810
128
753
127
708
38
744
132
784
116
740
482
668
346
635
400
698
440
699
493
741
441
794
192
846
163
802
385
867
13
817
301
776
234
721
272
671
96
611
198
595
351
643
318
680
236
720
127
722
231
655
246
615
230
617
338
666
15
658
288
653
43
649
79
589
401
579
315
619
420
575
1
519
183
475
298
409
164
358
258
305
345
362
332
304
153
303
191
359
485
357
390
364
419
323
205
323
443
285
463
272
214
228
139
229
425
239
226
283
161
243
35
216
88
274
425
271
258
224
358
184
361
190
292
237
107
198
109
245
284
187
24
157
110
211
243
255
382
198
220
144
204
88
264
97
296
104
269
107
416
163
452
204
169
201
100
157
54
164
361
222
217
228
292
203
446
153
3
158
374
83
346
123
384
119
70
183
339
231
362
231
90
226
104
217
291
176
184
187
216
200
398
238
110
233
254
183
276
178
171
174
386
164
352
199
207
196
283
207
428
210
34
200
29
242
492
196
358
247
460
206
416
141
211
203
46
195
137
248
142
286
478
242
41
241
273
280
185
338
312
369
298
327
253
325
125
280
219
265
67
209
395
269
326
329
250
343
24
286
13
249
113
246
276
215
100
160
302
205
489
129
11
185
5
133
35
85
179
81
483
83
452
76
103
64
23
61
219
6
280
36
325
86
423
140
145
176
411
240
461
244
304
243
122
197
358
182
320
119
371
168
185
113
469
109
246
148
63
144
185
205
484
151
74
194
22
197
125
182
114
127
255
127
187
173
182
184
199
224
328
161
452
158
374
208
200
164
81
220
128
270
159
332
141
336
384
380
192
442
188
493
448
438
14
460
474
472
