230 384
547 746
774 978
1117 1360
1633 1821
2045 2182
2536 2664
3122 3214
3613 3699
3973 4026
4073 4128
4203 4242
4662 4750
4947 5090
5404 5569
6021 6122
6555 6700
7025 7136
7473 7542
7885 8002
8288 8466
8477 8695
9105 9333
9746 9929
10248 10416
10874 10988
11323 11502
11793 11904
12106 12179
12621 12706
12885 13028
13096 13279
13585 13822
14238 14489
14945 15197
15537 15850
16241 16603
16622 17047
17157 17587
17739 18114
18412 18744
19148 19481
19877 20147
20325 20562
21016 21257
21293 21476
21776 21951
22005 22169
22240 22433
22850 23111
23470 23743
23744 24013
24268 24486
24787 24944
25304 25398
25843 25928
26258 26331
26529 26641
26648 26735
26990 27023
27471 27490
27813 27879
27956 28035
28469 28607
29091 29193
29390 29435
29719 29760
29985 30076
30272 30319
30423 30512
30754 30831
30866 30897
31345 31433
31862 31906
32218 32223
32321 32327
32785 32788
32809 32827
33222 33231
33538 33548
33756 33822
34053 34165
34622 34672
34691 34793
34806 34854
35264 35265
35517 35552
35892 35937
36115 36157
36361 36388
36608 36616
36724 36727
37011 37028
37523 37533
37688 37756
37767 37894
38312 38484
38909 39140
39508 39740
39760 40036
40064 40331
40615 40827
41094 41264
41438 41604
41776 41994
42375 42587
42937 43093
43441 43582
43758 43946
44137 44378
44863 45149
45470 45814
46302 46677
47002 47336
47648 47970
48405 48770
49177 49497
49823 50203
50301 50625
50683 50952
51327 51650
51760 52092
52371 52713
53122 53447
53744 54121
54155 54582
54784 55202
55670 56086
56159 56605
56870 57365
57523 58014
58456 58901
58908 59413
59714 60246
60643 61135
61356 61800
62065 62555
62794 63227
63360 63842
64225 64654
65113 65485
65772 66145
66281 66652
66787 67154
67516 67879
68312 68716
68765 69214
69295 69737
70023 70392
70757 71083
71312 71591
71920 72234
72630 72898
73259 73567
73638 73974
74429 74762
75061 75336
75524 75839
76301 76656
76747 77163
77186 77527
77544 77830
77908 78242
78449 78752
79006 79263
79404 79615
79952 80151
80434 80697
80842 81041
81130 81333
81379 81585
81730 81892
82102 82309
82587 82833
83313 83507
83783 83968
84002 84135
84623 84692
85041 85093
85501 85593
85601 85740
85907 85982
86008 86026
86068 86134
86314 86383
86809 86881
86882 86897
87182 87203
87672 87751
88174 88262
88355 88436
88660 88678
89173 89188
89337 89351
89809 89834
90226 90242
90709 90763
91245 91314
91765 91782
91963 92044
92267 92392
92755 92819
93160 93215
93694 93746
94191 94291
94602 94756
95107 95324
95545 95782
96045 96216
96441 96558
96595 96660
97026 97089
97454 97553
97636 97793
98241 98406
98827 98940
99236 99412
99867 100044
100185 100423
100904 101105
101550 101691
101960 102156
102162 102330
102533 102642
102710 102778
103237 103355
103529 103612
103682 103769
103986 104074
104384 104478
104746 104863
104947 105020
105350 105477
105645 105765
105962 106128
106158 106350
106394 106649
106685 106888
107238 107381
107624 107717
107796 107886
108205 108349
108532 108721
108742 108925
109302 109483
109752 109977
110271 110551
110759 111070
111170 111483
111657 111931
112251 112562
112975 113328
113600 113960
114027 114388
114523 114846
114967 115317
115348 115659
115912 116253
116554 116847
117342 117698
117927 118242
118674 118939
119265 119471
119690 119851
119929 120135
120260 120471
120912 121168
121360 121625
121903 122175
122602 122810
123071 123262
123526 123764
124084 124363
124744 124977
125445 125665
126120 126394
126458 126690
127107 127305
127463 127618
127791 127898
127923 128018
128268 128323
128778 128876
129089 129185
129674 129801
129851 130039
130062 130311
130656 130878
131102 131271
131731 131852
132210 132388
132831 133003
133190 133300
133437 133589
133914 134029
134401 134541
134734 134874
135049 135134
135358 135493
135850 135928
136070 136194
136687 136760
136807 136870
137303 137379
137615 137650
137948 137990
138149 138235
138308 138348
138414 138450
138803 138825
138850 138899
139310 139373
139462 139467
139492 139562
139739 139810
140261 140371
140597 140667
140962 141087
141333 141414
141793 141884
142126 142278
142768 142865
143010 143058
143514 143559
143939 144033
144398 144528
144823 144912
145249 145379
145554 145680
146133 146216
146603 146727
146943 147119
147536 147702
147946 148064
148294 148398
148528 148675
148730 148915
149039 149178
149674 149864
149905 150134
150169 150350
150497 150691
150710 150850
151246 151388
151487 151627
152078 152257
152581 152811
153072 153357
153402 153617
153712 153979
154132 154352
154455 154731
154890 155163
155527 155752
155792 155961
155988 156114
156222 156355
156716 156851
157117 157296
157344 157498
157697 157883
157957 158179
158294 158482
158958 159101
159202 159355
159364 159562
159714 159844
160031 160150
160496 160571
160941 160971
161156 161163
161439 161462
161787 161799
162038 162101
162327 162452
162635 162776
162777 162957
163202 163336
163570 163709
164198 164338
164358 164507
164712 164821
164965 165136
165286 165422
165594 165780
166037 166223
166506 166737
166938 167179
167563 167861
168283 168540
168906 169113
169585 169750
170209 170362
170581 170742
170980 171183
171264 171522
171950 172156
172581 172829
173119 173426
173564 173941
174110 174489
174975 175373
175615 176051
176314 176751
176831 177318
177391 177839
178315 178744
178886 179320
179722 180090
180140 180505
180561 180930
181261 181617
181989 182419
182485 182970
183220 183752
184248 184780
184983 185562
185821 186403
186656 187192
187630 188106
188502 188932
189282 189712
189714 190104
190277 190602
191012 191292
191299 191602
191793 192111
192432 192807
193097 193420
193831 194149
194524 194794
195157 195366
195852 196043
196471 196667
196905 197102
197299 197515
197604 197826
198302 198562
198746 198966
199035 199301
199586 199800
200087 200338
200725 201027
201119 201354
201630 201853
202256 202507
202513 202774
203163 203466
203673 204016
204276 204617
205087 205418
205471 205843
206317 206697
206999 207409
207650 208064
208144 208505
208649 208958
209281 209647
209675 210043
210147 210454
210802 211168
211437 211809
212279 212639
212840 213147
213475 213816
214259 214655
214879 215222
215282 215669
216137 216472
216779 217112
217494 217819
217873 218235
218249 218666
218981 219395
219619 220079
220361 220766
221059 221508
221851 222304
222352 222818
222993 223504
223544 224004
224411 224835
225044 225521
225896 226320
226508 226942
227066 227509
227995 228424
228865 229252
229295 229677
230136 230473
230957 231341
231803 232180
232191 232509
232950 233213
233300 233615
233710 233979
234093 234318
234705 234928
235004 235165
235389 235564
236043 236287
236623 236881
237193 237411
237466 237721
237923 238238
238571 238924
239027 239378
239433 239840
240073 240474
240608 241014
241143 241487
241943 242243
242579 242880
242907 243253
243335 243673
244034 244303
244358 244639
244949 245230
245255 245543
245739 246018
246171 246495
246791 247058
247170 247379
247461 247715
247760 248069
248115 248381
248590 248869
249353 249618
250112 250319
250435 250697
251123 251411
251433 251775
252029 252433
252690 253035
253500 253790
253895 254221
254226 254498
254600 254872
255201 255458
255490 255727
256010 256202
256245 256400
256884 256980
257277 257427
257912 258075
258371 258484
258627 258794
258885 259121
259255 259450
259568 259799
259857 260033
260425 260553
260905 260982
261063 261116
261129 261215
261227 261272
261422 261515
261662 261757
261984 262030
262350 262440
262637 262682
262965 262993
263387 263459
263606 263700
263839 263935
264387 264473
264828 264868
264997 265018
265027 265066
265419 265442
265755 265780
265975 266010
266022 266051
266442 266511
266653 266765
267000 267068
267170 267174
267384 267442
267509 267611
267817 267870
267998 268100
268598 268657
268695 268797
269031 269132
269614 269654
269777 269818
269882 269922
269941 270015
270060 270135
270352 270470
270748 270819
271246 271257
271277 271300
271340 271393
271576 271681
272081 272131
272431 272522
272604 272739
273038 273114
273385 273518
273956 274081
274432 274571
274581 274780
275023 275182
275472 275678
275949 276099
276240 276390
276593 276794
277195 277397
277445 277711
277980 278226
278613 278858
279176 279468
279481 279764
280188 280424
280812 280994
281347 281538
281658 281851
281950 282121
282615 282746
282873 283042
283327 283493
283791 283911
284390 284457
284859 284915
285211 285327
285492 285571
285846 285973
286119 286284
286658 286862
286981 287190
287351 287615
287827 288137
288316 288619
289009 289303
289394 289664
289785 290094
290124 290486
290591 290913
291187 291533
291676 292090
292093 292505
292981 293337
293501 293899
294001 294402
294808 295270
295562 296073
296305 296768
296941 297352
297465 297883
298200 298657
299148 299611
299723 300239
300407 300989
301293 301870
302229 302865
303209 303895
304211 304953
304966 305694
305768 306543
307005 307851
308015 308860
309268 310074
310103 310905
311170 312022
312047 312879
313349 314120
314304 315121
315489 316301
316369 317236
317337 318186
318403 319307
319513 320484
320881 321895
322242 323298
323630 324719
324782 325872
326331 327474
327716 328922
329261 330472
330641 331858
331974 333234
333669 334884
335086 336258
336356 337529
337654 338781
339047 340224
340484 341701
342104 343373
343851 345123
345251 346556
346857 348217
348710 350042
350230 351496
351802 353084
353540 354888
355085 356427
356654 358007
358039 359385
359633 361025
361289 362731
362873 364386
364636 366096
366348 367771
368103 369512
369902 371311
371608 373015
373290 374647
374668 376072
376207 377554
377947 379299
379420 380813
381210 382598
382746 384178
384244 385670
386087 387463
387574 388957
389452 390838
390961 392352
392468 393890
394349 395815
395926 397389
397772 399288
399307 400754
401084 402528
402884 404326
404759 406191
406518 407894
408297 409715
410213 411669
412143 413633
413674 415208
415647 417137
417252 418705
418847 420248
420358 421698
421990 423328
423732 425071
425145 426547
426789 428193
428575 429987
430243 431644
431961 433372
433537 434936
435319 436652
437000 438291
438335 439670
439812 441204
441467 442875
443204 444677
444742 446265
446665 448191
448262 449755
450079 451565
451715 453153
453190 454569
454940 456284
456358 457700
457715 459047
459374 460762
461173 462572
462758 464105
464476 465784
465794 467037
467276 468503
468532 469771
469841 471137
471195 472441
472489 473687
474134 475370
475495 476679
477136 478285
478676 479885
480357 481566
481995 483151
483212 484361
484647 485858
485927 487077
487345 488496
488898 489996
490028 491085
491127 492147
492571 493649
493836 494969
495188 496382
496754 497893
498190 499381
499440 500567
500739 501852
502103 503216
503447 504546
504905 506054
506094 507191
507636 508782
508836 509979
510310 511408
511585 512737
513210 514306
514559 515594
515833 516798
516977 517948
518278 519307
519715 520701
520754 521692
521874 522748
523088 523959
524123 525030
525428 526332
526411 527363
527527 528531
528920 529861
530350 531246
531671 532613
533063 534038
534074 535102
535514 536534
536989 538003
538009 538963
539279 540183
540447 541310
541519 542395
542586 543524
543936 544878
545367 546253
546665 547593
547783 548667
548838 549711
550210 551037
551264 552123
552484 553386
553605 554457
554790 555701
555751 556660
556836 557685
557998 558795
558871 559715
559853 560745
560874 561765
561767 562656
562937 563861
564137 565049
565210 566104
566232 567175
567566 568554
568847 569885
570308 571392
571790 572914
573175 574334
574754 575940
575990 577178
577433 578618
578775 579916
580350 581434
581534 582625
582812 583963
584214 585307
585709 586809
586988 588045
588351 589347
589738 590723
590816 591850
592150 593155
593300 594270
594628 595650
596044 597016
597443 598446
598583 599600
599957 600924
601277 602232
602412 603318
603361 604319
604786 605748
606040 606982
607397 608392
608421 609369
609654 610647
611076 612020
612456 613355
613569 614464
614832 615661
616032 616807
617144 617887
618279 618970
619356 620046
620050 620787
621155 621831
622226 622936
623222 623892
624050 624761
625019 625791
625956 626725
626759 627462
627729 628376
628427 629128
629146 629893
630378 631171
631297 632022
632386 633058
633300 633986
634402 635077
635488 636140
636457 637151
637356 638012
638030 638636
638849 639457
639805 640397
640829 641483
641865 642473
642544 643190
643529 644220
644462 645101
645112 645691
645876 646469
646920 647577
647808 648476
648488 649197
649693 650443
650704 651492
651515 652350
652499 653401
653804 654653
655085 655883
656378 657200
657470 658246
658575 659301
659796 660461
660468 661136
661242 661913
662259 662925
663233 663892
664177 664834
665181 665891
665925 666635
666919 667682
667795 668553
668647 669462
669557 670323
670418 671234
671681 672489
672672 673535
673905 674718
674801 675652
675831 676716
676938 677856
678353 679226
679550 680387
680707 681557
681961 682854
683100 684056
684430 685344
685802 686673
686839 687754
688097 688957
689170 690100
690304 691233
691730 692592
692881 693778
694026 694936
694961 695882
696011 696881
697357 698242
698598 699554
699699 700705
701113 702141
702168 703154
703495 704483
704740 705788
705818 706860
707123 708217
708580 709663
709760 710798
710884 711869
711905 712955
713387 714388
714415 715370
715397 716368
716421 717335
717539 718404
718713 719584
719614 720549
720732 721650
721694 722570
723040 723964
724450 725319
725576 726445
726745 727640
728016 728957
729050 730041
730119 731143
731551 732619
733052 734123
734458 735586
736073 737255
737420 738651
738760 740032
740246 741462
741588 742753
743218 744333
744785 745943
746344 747561
748040 749206
749577 750685
750708 751858
752053 753137
753411 754441
754803 755782
756056 756973
757295 758207
758208 759149
759331 760235
760413 761371
761766 762776
763062 764023
764129 765076
765456 766460
766503 767469
767732 768662
769072 770011
770218 771109
771213 772066
772499 773391
773545 774384
774813 775637
775690 776558
776894 777767
778212 779087
779535 780416
780457 781308
781475 782393
782752 783612
783816 784725
784936 785880
786118 787088
787133 788107
788348 789309
789353 790359
790735 791796
791960 793025
793362 794425
794503 795503
795817 796809
797104 798045
798158 799105
799132 800137
800368 801365
801568 802513
802628 803528
803722 804580
804921 805744
806172 807003
807489 808326
808810 809650
809730 810497
810732 811538
811853 812642
813005 813729
813907 814636
814782 815456
815718 816362
816531 817210
817643 818316
818517 819196
819272 819941
820377 821050
821152 821788
821958 822606
823031 823720
823929 824656
824732 825448
825698 826430
826796 827531
827619 828298
828772 829499
829500 830223
830388 831161
831571 832302
832348 833088
833341 834020
834090 834807
834896 835665
835719 836433
836702 837433
837718 838446
838676 839340
839739 840350
840465 841009
841202 841789
841836 842475
842523 843159
843446 844113
844178 844844
845309 846029
846338 847009
847223 847942
848039 848750
848836 849582
849777 850520
851019 851809
851873 852661
852704 853438
853849 854630
854731 855450
855841 856617
856684 857520
857942 858717
859047 859756
860078 860841
861114 861876
862002 862819
863243 863986
864448 865194
865343 866058
866264 866923
867404 868017
868228 868871
869217 869795
870267 870798
871220 871795
871918 872529
872656 873255
873602 874242
874618 875300
875520 876263
876596 877295
877476 878173
878488 879172
879299 879991
880271 880978
881251 881907
881949 882658
883011 883729
883886 884550
884576 885307
885623 886346
886823 887553
887729 888517
888564 889402
889790 890687
890773 891682
892066 892977
893160 894032
894096 894961
895452 896381
896484 897368
897500 898322
898638 899394
899642 900442
900637 901477
901976 902865
902933 903885
904382 905381
905604 906600
906896 907889
907912 908913
909127 910185
910438 911457
911898 912910
913196 914251
914489 915540
915725 916788
917285 918313
918485 919471
919751 920688
920769 921712
922187 923137
923514 924425
924742 925703
925832 926848
926961 927915
928247 929200
929485 930374
930710 931632
932117 933080
933147 934151
934465 935427
935504 936429
936900 937862
938331 939242
939592 940533
940734 941620
942104 943035
943173 944107
944496 945462
945710 946648
947107 948044
948112 948982
949144 950068
950523 951468
951949 952885
953138 954083
954176 955110
955568 956446
956715 957606
958003 958945
959317 960213
960321 961183
961431 962242
962425 963289
963316 964184
964667 965585
965846 966699
966754 967620
967698 968607
968758 969721
969905 970895
970965 971919
972345 973338
973721 974681
974799 975799
975833 976836
977087 978081
978482 979490
979871 980924
981341 982374
982775 983865
984057 985109
985454 986518
986531 987580
987626 988729
988985 990152
990468 991625
991744 992931
993253 994487
994573 995809
995935 997122
997476 998669
998818 1000029
1000091 1001247
1001458 1002632
1002959 1004125
1004183 1005345
1005766 1006980
1007101 1008272
1008499 1009621
1009884 1010958
1011166 1012189
1012528 1013498
1013828 1014846
1015330 1016302
1016698 1017715
1018017 1018978
1019461 1020458
1020811 1021764
1021833 1022730
1022832 1023675
1023989 1024785
1025121 1025911
1026040 1026878
1026919 1027747
1028125 1028951
1029102 1029976
1030183 1031087
1031512 1032473
1032587 1033540
1033652 1034647
1034660 1035605
1035652 1036642
1036743 1037780
1037954 1038944
1039000 1039950
1040091 1041092
1041254 1042190
1042414 1043398
1043439 1044441
1044837 1045839
1046042 1047084
1047566 1048608
1049095 1050092
1050237 1051225
1051394 1052380
1052517 1053451
1053850 1054787
1054872 1055845
1056070 1056984
1057307 1058265
1058677 1059634
1059830 1060781
1061023 1061981
1062218 1063222
1063427 1064475
1064923 1066028
1066408 1067519
1067778 1068936
1069210 1070305
1070349 1071500
1071734 1072896
1073128 1074256
1074570 1075650
1076079 1077207
1077483 1078638
1079000 1080151
1080636 1081789
1082026 1083181
1083658 1084808
1085195 1086404
1086595 1087759
1087846 1089056
1089533 1090733
1091164 1092414
1092778 1094024
1094037 1095335
1095427 1096786
1097253 1098554
1098787 1100033
1100488 1101785
1102278 1103592
1103919 1105292
1105547 1106958
1106970 1108368
1108688 1110041
1110482 1111892
1112201 1113630
1114015 1115496
1115815 1117240
1117297 1118670
1118790 1120178
1120600 1121992
1122430 1123770
1123773 1125058
1125557 1126783
1127247 1128482
1128701 1129986
1130436 1131764
1132035 1133403
1133801 1135119
1135146 1136417
1136439 1137701
1138030 1139301
1139467 1140725
1140888 1142191
1142460 1143760
1144103 1145346
1145708 1146999
1147110 1148402
1148464 1149764
1149916 1151179
1151609 1152825
1153284 1154541
1154649 1155942
1156158 1157503
1157934 1159323
1159385 1160785
1161252 1162597
1163020 1164320
1164364 1165707
1165732 1167131
1167531 1168966
1168986 1170425
1170751 1172149
1172446 1173788
1174146 1175528
1175678 1177100
1177469 1178940
1179211 1180681
1180715 1182239
1182285 1183819
1183853 1185399
1185843 1187330
1187668 1189217
1189471 1190966
1191409 1192866
1192925 1194314
1194358 1195686
1195866 1197148
1197233 1198471
1198798 1200044
1200456 1201663
1201794 1202938
1203061 1204272
1204430 1205654
1205715 1206927
1207163 1208313
1208704 1209864
1210316 1211487
1211848 1213042
1213431 1214675
1215083 1216368
1216665 1218004
1218128 1219465
1219618 1220907
1221166 1222507
1222823 1224217
1224680 1226086
1226314 1227769
1227886 1229402
1229828 1231302
1231356 1232828
1232973 1234456
1234492 1236026
1236340 1237881
1238172 1239661
1239794 1241280
1241418 1242938
1243366 1244820
1245303 1246756
1246979 1248481
1248948 1250453
1250580 1252124
1252603 1254099
1254145 1255577
1255853 1257281
1257563 1258996
1259194 1260643
1260794 1262197
1262361 1263707
1264014 1265356
1265852 1267197
1267312 1268592
1268651 1269930
1269962 1271237
1271424 1272642
1272648 1273855
1274336 1275498
1275742 1276867
1277199 1278272
1278620 1279667
1279902 1280899
1281179 1282130
1282500 1283457
1283934 1284886
1285200 1286150
1286605 1287511
1287811 1288658
1288666 1289459
1289586 1290383
1290845 1291595
1291811 1292553
1292963 1293643
1293941 1294569
1295016 1295591
1296073 1296609
1297010 1297530
1297617 1298135
1298446 1299016
1299354 1299883
1299952 1300492
1300970 1301501
1301605 1302136
1302188 1302763
1302985 1303539
1304034 1304634
1304685 1305291
1305662 1306196
1306680 1307251
1307443 1307960
1308356 1308812
1309136 1309650
1310107 1310681
1311165 1311729
1312080 1312597
1312710 1313173
1313377 1313905
1314225 1314816
1314830 1315416
1315809 1316441
1316885 1317469
1317927 1318476
1318948 1319494
1319823 1320322
1320412 1320875
1321142 1321655
1321812 1322322
1322615 1323171
1323230 1323828
1324055 1324717
1324836 1325494
1325755 1326431
1326532 1327162
1327392 1327971
1328442 1328962
1329153 1329652
1330067 1330619
1330963 1331588
1331821 1332504
1332945 1333569
1333966 1334537
1334871 1335510
1335767 1336450
1336629 1337311
1337631 1338269
1338357 1338995
1339054 1339658
1340140 1340696
1340879 1341472
1341933 1342569
1342831 1343503
1343856 1344490
1344593 1345276
1345360 1346004
1346185 1346810
1346877 1347561
1348059 1348689
1349188 1349807
1349910 1350465
1350608 1351197
1351493 1352025
1352307 1352842
1353249 1353834
1353870 1354508
1354929 1355635
1355756 1356411
1356786 1357484
1357543 1358288
1358438 1359138
1359461 1360162
1360316 1361068
1361415 1362176
1362532 1363280
1363469 1364286
1364473 1365331
1365410 1366226
1366458 1367227
1367359 1368095
1368593 1369396
1369727 1370462
1370925 1371674
1372072 1372841
1373325 1374092
1374391 1375105
1375538 1376299
1376576 1377327
1377800 1378587
1378608 1379399
1379476 1380217
1380310 1381003
1381174 1381812
1382256 1382911
1383056 1383653
1383888 1384430
1384811 1385346
1385522 1386107
1386475 1387014
1387345 1387895
1388273 1388879
1389304 1389867
1389941 1390450
1390926 1391430
1391843 1392399
1392464 1393029
1393362 1393879
1394309 1394870
1394995 1395564
1395698 1396274
1396296 1396819
1397006 1397488
1397661 1398162
1398580 1399133
1399531 1400034
1400310 1400850
1400908 1401440
1401519 1402075
1402450 1403016
1403293 1403866
1404191 1404720
1405214 1405793
1406250 1406822
1407194 1407726
1407917 1408503
1408559 1409097
1409457 1410064
1410072 1410752
1411163 1411851
1412095 1412785
1413249 1413878
1414022 1414646
1415100 1415676
1415728 1416266
1416267 1416742
1417241 1417665
1417753 1418233
1418572 1419000
1419235 1419611
1419714 1420038
1420102 1420483
1420636 1420968
1421227 1421563
1421739 1422132
1422520 1422911
1423102 1423437
1423587 1423932
1424410 1424705
1424832 1425075
1425449 1425647
1426019 1426178
1426589 1426804
1426981 1427203
1427238 1427397
1427603 1427777
1428139 1428323
1428375 1428605
1428644 1428918
1429064 1429255
1429641 1429773
1430130 1430209
1430282 1430300
1430558 1430648
1430670 1430707
1430709 1430743
1431192 1431232
1431363 1431398
1431893 1431923
1432251 1432309
1432394 1432444
1432623 1432737
1433057 1433222
1433409 1433621
1433708 1433924
1434305 1434583
1434768 1435033
1435117 1435390
1435738 1435964
1436134 1436365
1436661 1436909
1437062 1437272
1437330 1437580
1438069 1438371
1438658 1438909
1439370 1439674
1439736 1440038
1440418 1440755
1441217 1441556
1441759 1442140
1442583 1443016
1443381 1443820
1444040 1444428
1444857 1445254
1445554 1446015
1446101 1446522
1446939 1447305
1447702 1448115
1448372 1448774
1448848 1449243
1449542 1449900
1449983 1450309
1450449 1450829
1450931 1451366
1451530 1451931
1452230 1452584
1452818 1453232
1453515 1453947
1454014 1454409
1454582 1454924
1455245 1455621
1455730 1456032
1456180 1456435
1456451 1456755
1457230 1457587
1457961 1458281
1458365 1458684
1458694 1459023
1459181 1459518
1459755 1460132
1460554 1460955
1461387 1461751
1462146 1462565
1462833 1463254
1463329 1463758
1464076 1464441
1464534 1464845
1465165 1465457
1465738 1466041
1466050 1466295
1466408 1466682
1467121 1467443
1467645 1467962
1468141 1468452
1468825 1469195
1469320 1469627
1469683 1469934
1470109 1470408
1470595 1470853
1471303 1471614
1471870 1472236
1472583 1472906
1473370 1473765
1473922 1474241
1474332 1474621
1474680 1475019
1475130 1475508
1475863 1476225
1476674 1476989
1477308 1477571
1478017 1478254
1478641 1478835
1479223 1479486
1479539 1479845
1480155 1480503
1480872 1481169
1481389 1481676
1482067 1482305
1482590 1482771
1482975 1483108
1483376 1483460
1483610 1483739
1483862 1484009
1484125 1484212
1484243 1484268
1484378 1484426
1484493 1484546
1484910 1484963
1485031 1485038
1485460 1485506
1485952 1486003
1486211 1486341
1486811 1487001
1487286 1487472
1487820 1488047
1488195 1488368
1488729 1488956
1489115 1489280
1489302 1489403
1489588 1489696
1489846 1489992
1490476 1490568
1490949 1490988
1491048 1491087
1491521 1491575
1491628 1491716
1491996 1492044
1492138 1492141
1492246 1492282
1492321 1492361
1492755 1492807
1493252 1493257
1493701 1493754
1494076 1494174
1494241 1494346
1494510 1494557
1494794 1494804
1495281 1495310
1495763 1495812
1496104 1496155
1496516 1496605
1496690 1496773
1496975 1497009
1497485 1497528
1497708 1497784
1497924 1497941
1498311 1498340
1498756 1498805
1499103 1499119
1499434 1499458
1499803 1499828
1499981 1500012
1500297 1500332
1500478 1500513
1500992 1501036
1501094 1501197
1501261 1501429
1501885 1501987
1502329 1502377
1502579 1502688
1502961 1503015
1503360 1503406
1503897 1503945
1504338 1504403
1504583 1504676
1504880 1505019
1505187 1505270
1505634 1505711
1505832 1505901
1506088 1506218
1506328 1506460
1506959 1507151
1507545 1507726
1508145 1508376
1508751 1508948
1509315 1509556
1510030 1510323
1510592 1510896
1511245 1511607
1511850 1512259
1512717 1513177
1513217 1513734
1514040 1514610
1514728 1515251
1515573 1516109
1516530 1517119
1517371 1518019
1518417 1519064
1519513 1520104
1520374 1520921
1521201 1521753
1521975 1522467
1522694 1523248
1523387 1523986
1524375 1524916
1525363 1525850
1526168 1526661
1526919 1527404
1527592 1528074
1528174 1528657
1528886 1529417
1529663 1530199
1530522 1531106
1531208 1531844
1532076 1532759
1532951 1533693
1533703 1534458
1534886 1535700
1535714 1536537
1536765 1537581
1537855 1538681
1538882 1539678
1540138 1540975
1541290 1542064
1542227 1542962
1543225 1543915
1544204 1544893
1545119 1545810
1545929 1546566
1546906 1547543
1547627 1548335
1548459 1549229
1549331 1550134
1550547 1551297
1551327 1552032
1552218 1552867
1552906 1553522
1553836 1554447
1554828 1555390
1555683 1556248
1556730 1557250
1557746 1558309
1558770 1559326
1559667 1560177
1560503 1560980
1561047 1561566
1561693 1562224
1562446 1562995
1563487 1563979
1564108 1564603
1564948 1565495
1565594 1566143
1566439 1566944
1566946 1567437
1567657 1568111
1568495 1568987
1569220 1569747
1569802 1570266
1570393 1570902
1571040 1571498
1571925 1572415
1572881 1573422
1573822 1574443
1574608 1575286
1575355 1576079
1576520 1577291
1577737 1578456
1578870 1579660
1580056 1580800
1581045 1581797
1581865 1582666
1583144 1583880
1584103 1584795
1585234 1585911
1586017 1586746
1587065 1587853
1588003 1588821
1588913 1589732
1590121 1590951
1591386 1592251
1592288 1593132
1593436 1594260
1594603 1595436
1595445 1596328
1596608 1597471
1597843 1598704
1598715 1599533
1599746 1600558
1600828 1601599
1601834 1602542
1602914 1603567
1603608 1604313
1604761 1605509
1605586 1606377
1606554 1607380
1607513 1608305
1608661 1609399
1609747 1610429
1610918 1611574
1611926 1612632
1612715 1613361
1613646 1614330
1614476 1615116
1615124 1615765
1616154 1616846
1617132 1617761
1618111 1618693
1619127 1619667
1619978 1620507
1620620 1621091
1621357 1621779
1621998 1622470
1622556 1623071
1623343 1623913
1623958 1624535
1624798 1625317
1625479 1625953
1625991 1626494
1626634 1627183
1627538 1628083
1628315 1628860
1628895 1629402
1629672 1630238
1630279 1630848
1631138 1631745
1631942 1632493
1632734 1633340
1633731 1634342
1634480 1635035
1635127 1635742
1635973 1636515
1636641 1637238
1637467 1638074
1638086 1638639
1638701 1639192
1639585 1640068
1640339 1640773
1641225 1641605
1642048 1642373
1642442 1642777
1643176 1643460
1643598 1643829
1643841 1644113
1644443 1644753
1645216 1645580
1645800 1646227
1646291 1646762
1646852 1647325
1647569 1648092
1648568 1649099
1649440 1650029
1650319 1650961
1651260 1651897
1651903 1652482
1652488 1653135
1653215 1653898
1653975 1654721
1654836 1655569
1656002 1656744
1656848 1657547
1657747 1658455
1658498 1659256
1659261 1660023
1660364 1661062
1661560 1662321
1662615 1663309
1663441 1664130
1664429 1665158
1665457 1666232
1666455 1667235
1667408 1668244
1668465 1669307
1669593 1670450
1670943 1671761
1671767 1672575
1672611 1673465
1673753 1674599
1675052 1675965
1676349 1677311
1677600 1678564
1679033 1679993
1680462 1681367
1681540 1682441
1682822 1683780
1683968 1684864
1685150 1686013
1686379 1687233
1687490 1688349
1688620 1689488
1689808 1690644
1690699 1691581
1691934 1692812
1693089 1693914
1694251 1695074
1695395 1696169
1696592 1697416
1697468 1698279
1698359 1699115
1699498 1700310
1700364 1701123
1701337 1702079
1702308 1703052
1703276 1704069
1704468 1705309
1705372 1706158
1706218 1707056
1707311 1708078
1708360 1709132
1709226 1709945
1710079 1710796
1711086 1711765
1711766 1712453
1712563 1713211
1713493 1714172
1714254 1714980
1715083 1715853
1716003 1716729
1716819 1717551
1717642 1718323
1718325 1718940
1718962 1719501
1719765 1720243
1720437 1720963
1721236 1721753
1721847 1722420
1722718 1723235
1723470 1723927
1724246 1724654
1725069 1725473
1725918 1726325
1726585 1727028
1727454 1727901
1728130 1728580
1728700 1729084
1729466 1729772
1729892 1730156
1730654 1730856
1731100 1731250
1731414 1731583
1731892 1732067
1732548 1732774
1732877 1733163
1733318 1733649
1733987 1734374
1734837 1735278
1735495 1736004
1736167 1736730
1737032 1737566
1737893 1738367
1738445 1738857
1739276 1739609
1739670 1740007
1740128 1740511
1740520 1740840
1741159 1741434
1741538 1741826
1741859 1742104
1742181 1742381
1742471 1742662
1742892 1743123
1743482 1743654
1743684 1743908
1744064 1744324
1744418 1744662
1744885 1745121
1745274 1745509
1745839 1746021
1746380 1746560
1747047 1747214
1747215 1747424
1747875 1748015
1748149 1748284
1748304 1748479
1748632 1748819
1749232 1749459
1749618 1749798
1749856 1750090
1750579 1750815
1751113 1751384
1751616 1751880
1751918 1752184
1752556 1752773
1753261 1753422
1753888 1754091
1754379 1754643
1755070 1755391
1755752 1756066
1756467 1756730
1757219 1757418
1757430 1757623
1757827 1758074
1758077 1758308
1758481 1758666
1758805 1758922
1759267 1759336
1759734 1759752
1759984 1759993
1760430 1760451
1760743 1760814
1760995 1761018
1761264 1761271
1761378 1761392
1761772 1761859
1761887 1761966
1762238 1762266
1762302 1762383
1762732 1762853
1763242 1763431
1763475 1763613
1763649 1763843
1763989 1764134
1764273 1764427
1764431 1764632
1764785 1764927
1764971 1765159
1765172 1765300
1765770 1765822
1765922 1765964
1766038 1766083
1766149 1766152
1766156 1766201
1766428 1766459
1766656 1766732
1767018 1767086
1767507 1767621
1768051 1768128
1768236 1768270
1768602 1768645
1768698 1768739
1768837 1768936
1769213 1769257
1769466 1769556
1769643 1769741
1770106 1770162
1770616 1770716
1770888 1771041
1771181 1771283
1771512 1771650
1772044 1772129
1772572 1772588
1772753 1772777
1773143 1773182
1773220 1773316
1773448 1773487
1773926 1774015
1774341 1774472
1774739 1774821
1774913 1774989
1775277 1775313
1775421 1775465
1775704 1775758
1776123 1776173
1776465 1776468
1776658 1776700
1776915 1776956
1777395 1777488
1777772 1777922
1778296 1778443
1778614 1778798
1779229 1779426
1779451 1779614
1779741 1779948
1780104 1780372
1780703 1780997
1781056 1781302
1781702 1781995
1782118 1782417
1782761 1783115
1783308 1783668
1783702 1784103
1784380 1784793
1784799 1785166
1785427 1785733
1785844 1786204
1786486 1786899
1787142 1787611
1787859 1788342
1788452 1788877
1788893 1789263
1789415 1789740
1789877 1790209
1790231 1790618
1790739 1791112
1791274 1791637
1791751 1792116
1792543 1792956
1793225 1793635
1793955 1794323
1794613 1794975
1795303 1795605
1796092 1796346
1796828 1797039
1797395 1797617
1798029 1798245
1798288 1798501
1798675 1798918
1799144 1799390
1799450 1799737
1799987 1800229
1800505 1800689
1801120 1801312
1801712 1801859
1802123 1802281
1802728 1802926
1803184 1803369
1803660 1803900
1804333 1804578
1804679 1804975
1805375 1805613
1805791 1806035
1806143 1806390
1806507 1806691
1807014 1807252
1807466 1807641
1808124 1808256
1808643 1808803
1809008 1809123
1809353 1809413
1809909 1809975
1810404 1810475
1810682 1810804
1811130 1811188
1811492 1811511
1811564 1811587
1811627 1811668
1811887 1811906
1812377 1812407
1812499 1812511
1812759 1812821
1812840 1812846
1813030 1813044
1813256 1813264
1813708 1813734
1813976 1813989
1814235 1814305
1814660 1814734
1814931 1814960
1815106 1815138
1815215 1815257
1815580 1815586
1815878 1815924
1816275 1816367
1816424 1816522
1816823 1816963
1817454 1817535
1817599 1817630
1817715 1817746
1817880 1817909
1818350 1818361
1818771 1818803
1818985 1819083
1819502 1819625
1819825 1819894
1819900 1820017
1820115 1820174
1820670 1820739
1820844 1820976
1821072 1821153
1821170 1821299
1821625 1821810
1822040 1822276
1822366 1822673
1822929 1823230
1823340 1823692
1823919 1824213
1824401 1824749
1824977 1825287
1825574 1825883
1826328 1826578
1826805 1827107
1827349 1827708
1827941 1828254
1828752 1829010
1829332 1829544
1829816 1830037
1830371 1830532
1830845 1830995
1831381 1831484
1831966 1832006
1832331 1832359
1832714 1832775
1833078 1833137
1833590 1833652
1833993 1834111
1834574 1834699
1834926 1834986
1835450 1835509
1835971 1836079
1836471 1836576
1836618 1836783
1836854 1837062
1837391 1837653
1837769 1838074
1838557 1838856
1839189 1839454
1839787 1840001
1840114 1840292
1840698 1840882
1841045 1841298
1841647 1841847
1842292 1842567
1843003 1843315
1843436 1843689
1843948 1844157
1844189 1844399
1844571 1844778
1844796 1845039
1845453 1845657
1845687 1845891
1846241 1846400
1846816 1846982
1847127 1847228
1847534 1847634
1847796 1847854
1847889 1847894
1847959 1848012
1848441 1848452
1848556 1848611
1848751 1848855
1849140 1849187
1849561 1849562
1849817 1849850
1850323 1850364
1850811 1850818
1851288 1851290
1851770 1851778
1852048 1852081
1852103 1852181
1852451 1852488
1852892 1852951
1853042 1853047
1853185 1853259
1853501 1853526
1854022 1854041
1854408 1854430
1854444 1854501
1854514 1854531
1854854 1854865
1855162 1855193
1855445 1855480
1855547 1855592
1855715 1855759
1856187 1856212
1856520 1856536
1856913 1856945
1857365 1857399
1857708 1857755
1858080 1858138
1858346 1858405
1858879 1858933
1859396 1859499
1859979 1860080
1860552 1860716
1861108 1861215
1861229 1861346
1861725 1861873
1862040 1862197
1862622 1862825
1863102 1863322
1863462 1863664
1863939 1864126
1864614 1864804
1864916 1865130
1865341 1865613
1866070 1866288
1866592 1866748
1866897 1867048
1867471 1867585
1867599 1867718
1867746 1867818
1867972 1868101
1868208 1868400
1868557 1868793
1868980 1869163
1869228 1869372
1869437 1869569
1870022 1870108
1870570 1870703
1871118 1871225
1871607 1871770
1871954 1872065
1872109 1872267
1872561 1872713
1872938 1873148
1873233 1873497
1873543 1873840
1874317 1874608
1874889 1875134
1875576 1875835
1875858 1876063
1876433 1876634
1876900 1877058
1877237 1877455
1877805 1878077
1878139 1878398
1878826 1879145
1879362 1879631
1880033 1880308
1880342 1880654
1880681 1881048
1881165 1881589
1881657 1882126
1882510 1883035
1883160 1883753
1884216 1884793
1885014 1885590
1885890 1886522
1886854 1887437
1887829 1888458
1888841 1889424
1889644 1890265
1890361 1891040
1891472 1892216
1892327 1893126
1893265 1894138
1894450 1895309
1895406 1896212
1896662 1897507
1897670 1898494
1898898 1899730
1899794 1900579
1900890 1901629
1902083 1902815
1903038 1903819
1904168 1904983
1905186 1906061
1906150 1907009
1907460 1908326
1908511 1909326
1909448 1910259
1910675 1911438
1911519 1912342
1912795 1913615
1914111 1914974
1914989 1915893
1915918 1916809
1917056 1917941
1918335 1919259
1919534 1920444
1920620 1921470
1921884 1922692
1923142 1923950
1924160 1924922
1925171 1925890
1926280 1926991
1927105 1927856
1928040 1928850
1928906 1929772
1930050 1930877
1931106 1931987
1932154 1932999
1933176 1934092
1934525 1935399
1935887 1936756
1937174 1938038
1938488 1939406
1939427 1940295
1940652 1941577
1941585 1942447
1942733 1943555
1943820 1944592
1945013 1945733
1945772 1946555
1946995 1947734
1947875 1948609
1949059 1949791
1950038 1950822
1951144 1951983
1952036 1952891
1953127 1953987
1954324 1955221
1955668 1956620
1956783 1957781
1958126 1959131
1959393 1960409
1960780 1961789
1961820 1962874
1963089 1964147
1964642 1965697
1965888 1966924
1967041 1968131
1968274 1969412
1969903 1971053
1971348 1972495
1972642 1973797
1973815 1974930
1975117 1976272
1976439 1977606
1978005 1979166
1979338 1980486
1980707 1981793
1981854 1982897
1983137 1984174
1984460 1985446
1985925 1986892
1987210 1988132
1988258 1989230
1989406 1990388
1990724 1991765
1991836 1992873
1993261 1994354
1994360 1995438
1995910 1996933
1997385 1998367
1998437 1999355
1999381 2000259
2000682 2001509
2001520 2002357
2002574 2003365
2003642 2004432
2004522 2005365
2005587 2006378
2006681 2007497
2007809 2008556
2008906 2009639
2009678 2010354
2010846 2011482
2011694 2012387
2012822 2013553
2013812 2014552
2014653 2015346
2015669 2016408
2016799 2017531
2017831 2018524
2018580 2019277
2019451 2020136
2020230 2020909
2021240 2021906
2022185 2022843
2023204 2023876
2023952 2024588
2024601 2025193
2025576 2026104
2026415 2026985
2027445 2027945
2028221 2028659
2028685 2029073
2029217 2029651
2029890 2030379
2030682 2031173
2031327 2031781
2031886 2032308
2032437 2032822
2033044 2033377
2033408 2033725
2033932 2034257
2034450 2034780
2034843 2035220
2035322 2035650
2036141 2036468
2036576 2036911
2037044 2037343
2037456 2037706
2038108 2038310
2038349 2038495
2038696 2038858
2039129 2039228
2039361 2039428
2039652 2039661
2040132 2040182
2040594 2040681
2040985 2041006
2041244 2041251
2041427 2041430
2041682 2041752
2041766 2041885
2041966 2042092
2042261 2042345
2042720 2042733
2043036 2043074
2043161 2043217
2043652 2043753
2044104 2044200
2044574 2044674
2045098 2045188
2045332 2045482
2045837 2045924
2046118 2046260
2046619 2046747
2047031 2047166
2047649 2047826
2047931 2048103
2048148 2048358
2048740 2048995
2049436 2049746
2050092 2050407
2050419 2050783
2050944 2051315
2051743 2052167
2052253 2052688
2052872 2053346
2053793 2054274
2054427 2054920
2055352 2055850
2055955 2056506
2056707 2057303
2057356 2057986
2058306 2058975
2059427 2060108
2060375 2061041
2061242 2061867
2061996 2062674
2062825 2063551
2063835 2064559
2064721 2065483
2065640 2066399
2066442 2067209
2067400 2068213
2068578 2069335
2069683 2070385
2070417 2071112
2071225 2071863
2072136 2072713
2072815 2073413
2073509 2074039
2074209 2074795
2074974 2075528
2075661 2076165
2076413 2076848
2076887 2077383
2077601 2078144
2078626 2079184
2079334 2079899
2080092 2080608
2081065 2081511
2081885 2082326
2082742 2083190
2083249 2083695
2084137 2084535
2084801 2085261
2085433 2085816
2086308 2086649
2087129 2087505
2087622 2088064
2088371 2088865
2089039 2089510
2089679 2090141
2090438 2090849
2090970 2091335
2091480 2091799
2092234 2092562
2092764 2093090
2093363 2093699
2094111 2094408
2094769 2095014
2095089 2095344
2095827 2096152
2096245 2096514
2096988 2097312
2097326 2097579
2097904 2098093
2098101 2098228
2098294 2098410
2098563 2098740
2099067 2099247
2099634 2099869
2100238 2100522
2100649 2100989
2101442 2101748
2101815 2102162
2102353 2102739
2102977 2103367
2103804 2104243
2104478 2104854
2105112 2105489
2105812 2106227
2106688 2107060
2107313 2107689
2108159 2108491
2108693 2109036
2109195 2109538
2109607 2109949
2110342 2110730
2111073 2111499
2111844 2112226
2112667 2113090
2113565 2113938
2113942 2114364
2114774 2115235
2115328 2115828
2116311 2116788
2117068 2117496
2117954 2118426
2118703 2119108
2119606 2119951
2120264 2120654
2120871 2121268
2121311 2121667
2121706 2122006
2122377 2122680
2123155 2123402
2123797 2123992
2124461 2124651
2125074 2125317
2125422 2125614
2125935 2126077
2126086 2126266
2126418 2126538
2126557 2126681
2126840 2127013
2127046 2127265
2127285 2127549
2127579 2127894
2127902 2128164
2128404 2128622
2128850 2129009
2129444 2129607
2129825 2129978
2130038 2130204
2130303 2130509
2130908 2131116
2131332 2131489
2131935 2132095
2132290 2132454
2132793 2132966
2133261 2133471
2133618 2133776
2134161 2134320
2134679 2134885
2135188 2135349
2135556 2135732
2136053 2136165
2136193 2136339
2136733 2136816
2136903 2136953
2137178 2137222
2137612 2137707
2138018 2138168
2138268 2138420
2138652 2138744
2139227 2139397
2139744 2139953
2140126 2140402
2140815 2141028
2141113 2141334
2141409 2141576
2142012 2142219
2142485 2142749
2142997 2143206
2143221 2143436
2143879 2144054
2144140 2144264
2144478 2144659
2145149 2145280
2145416 2145604
2145679 2145815
2146076 2146290
2146413 2146574
2147025 2147248
2147527 2147754
2147861 2148128
2148445 2148705
2148737 2148930
2149125 2149361
2149382 2149660
2149818 2150033
2150292 2150538
2150608 2150808
2150853 2151057
2151345 2151598
2151642 2151835
2152120 2152257
2152259 2152455
2152923 2153166
2153429 2153735
2153863 2154226
2154659 2154972
2155051 2155428
2155711 2156077
2156314 2156695
2156813 2157248
2157611 2158103
2158477 2158955
2159368 2159888
2160071 2160541
2160975 2161453
2161759 2162201
2162582 2163073
2163400 2163866
2164022 2164542
2164842 2165332
2165786 2166335
2166784 2167266
2167484 2167980
2168393 2168945
2169369 2169909
2169910 2170388
2170862 2171336
2171768 2172185
2172392 2172865
2173195 2173682
2174028 2174550
2174930 2175486
2175848 2176415
2176737 2177353
2177706 2178282
2178485 2179105
2179530 2180140
2180301 2180910
2180934 2181482
2181522 2182065
2182344 2182835
2183328 2183780
2184028 2184538
2184636 2185149
2185156 2185598
2185937 2186433
2186649 2187082
2187457 2187914
2187949 2188351
2188485 2188942
2189370 2189864
2189872 2190362
2190657 2191091
2191172 2191666
2192126 2192668
2193073 2193630
2193748 2194308
2194476 2195020
2195281 2195780
2195998 2196455
2196609 2197067
2197545 2198014
2198202 2198704
2199049 2199548
2199953 2200417
2200814 2201276
2201673 2202170
2202547 2203039
2203472 2203949
2204435 2204859
2205111 2205518
2205725 2206138
2206354 2206711
2207068 2207414
2207469 2207813
2208152 2208506
2208936 2209275
2209373 2209710
2210091 2210427
2210659 2211056
2211191 2211589
2211719 2212068
2212565 2212965
2213291 2213737
2214120 2214562
2214906 2215384
2215562 2215988
2216238 2216620
2216662 2216991
2217226 2217560
2218003 2218341
2218712 2218998
2219118 2219355
2219562 2219865
2219880 2220169
2220237 2220477
2220530 2220825
2221294 2221575
2221766 2221996
2222048 2222330
2222543 2222877
2223355 2223686
2224097 2224421
2224595 2224854
2225015 2225229
2225356 2225581
2225841 2226001
2226209 2226415
2226888 2227144
2227536 2227833
2228085 2228318
2228713 2228996
2229292 2229550
2230019 2230304
2230656 2230879
2231251 2231525
2231641 2231902
2232330 2232582
2232652 2232917
2232938 2233157
2233479 2233659
2233708 2233831
2234117 2234250
2234382 2234446
2234761 2234775
2235157 2235162
2235250 2235266
2235666 2235711
2236170 2236215
2236582 2236630
2236754 2236758
2237098 2237108
2237606 2237615
2237988 2238017
2238221 2238255
2238506 2238581
2239050 2239172
2239294 2239423
2239766 2239949
2240208 2240395
2240547 2240727
2241139 2241304
2241359 2241538
2241719 2241949
2242187 2242409
2242895 2243148
2243617 2243819
2244096 2244353
2244542 2244794
2244906 2245221
2245306 2245631
2246105 2246430
2246581 2246895
2247226 2247541
2247699 2248057
2248386 2248743
2249042 2249340
2249689 2249975
2250114 2250406
2250845 2251079
2251433 2251668
2251980 2252260
2252521 2252851
2252932 2253261
2253420 2253756
2254057 2254393
2254405 2254725
2255127 2255490
2255791 2256114
2256383 2256696
2256697 2256947
2257083 2257388
2257503 2257813
2258309 2258620
2258647 2258951
2258978 2259332
2259618 2259966
2260113 2260524
2260816 2261228
2261480 2261895
2261985 2262458
2262597 2263008
2263267 2263674
2264125 2264573
2264734 2265132
2265403 2265739
2266068 2266400
2266607 2266879
2267178 2267435
2267866 2268132
2268158 2268435
2268518 2268796
2269147 2269366
2269513 2269680
2269988 2270098
2270414 2270534
2270947 2271066
2271501 2271694
2271767 2272012
2272255 2272491
2272947 2273224
2273323 2273563
2273603 2273789
2274007 2274242
2274717 2274920
2275214 2275360
2275686 2275870
2276079 2276250
2276262 2276390
2276822 2276880
2276974 2277082
2277211 2277262
2277541 2277583
2278010 2278080
2278451 2278571
2278968 2279137
2279575 2279696
2279979 2280156
2280622 2280739
2281054 2281172
2281369 2281448
2281891 2281973
2282193 2282290
2282591 2282621
2283031 2283050
2283105 2283119
2283493 2283498
2283569 2283572
2283804 2283825
2284039 2284079
2284473 2284491
2284784 2284793
2284818 2284825
2284924 2284963
2285194 2285263
2285567 2285648
2285981 2286015
2286416 2286454
2286799 2286833
2287205 2287239
2287391 2287418
2287678 2287701
2288151 2288163
2288660 2288686
2288829 2288918
2289155 2289187
2289465 2289490
2289652 2289716
2289828 2289931
2289997 2290062
2290337 2290340
2290719 2290738
2290782 2290863
2291257 2291386
2291568 2291740
2291873 2292002
2292379 2292458
2292507 2292537
2292823 2292858
2292938 2292977
2293049 2293113
2293227 2293339
2293553 2293611
2294031 2294100
2294452 2294478
2294796 2294800
2295240 2295283
2295499 2295526
2295562 2295602
2295648 2295695
2296037 2296082
2296369 2296371
2296715 2296772
2297020 2297079
2297346 2297457
2297500 2297566
2297875 2297935
2298139 2298200
2298544 2298601
2298789 2298795
2299167 2299171
2299433 2299441
2299939 2299999
2300369 2300371
2300558 2300610
2300664 2300774
2301068 2301159
2301547 2301682
2301998 2302121
2302171 2302289
2302572 2302704
2302729 2302825
2302875 2302958
2303273 2303333
2303427 2303487
2303574 2303681
2304103 2304158
2304235 2304344
2304542 2304651
2304704 2304755
2305106 2305165
2305586 2305638
2306065 2306090
2306413 2306502
2306533 2306676
2307003 2307200
2307224 2307474
2307697 2307952
2308034 2308346
2308577 2308901
2309194 2309559
2309835 2310253
2310511 2310914
2311360 2311799
2312223 2312608
2312843 2313179
2313553 2313904
2314047 2314446
2314559 2314898
2315139 2315481
2315758 2316140
2316545 2316878
2317192 2317483
2317901 2318157
2318453 2318722
2319104 2319420
2319580 2319934
2320202 2320600
2321089 2321540
2321924 2322413
2322902 2323437
2323874 2324469
2324718 2325265
2325717 2326272
2326541 2327145
2327372 2327913
2328404 2328998
2329079 2329670
2329717 2330361
2330857 2331460
2331633 2332282
2332560 2333163
2333562 2334109
2334147 2334642
2334761 2335310
2335724 2336332
2336593 2337250
2337742 2338344
2338518 2339137
2339215 2339832
2340000 2340621
2341016 2341626
2341920 2342463
2342821 2343306
2343503 2343936
2343943 2344417
2344509 2344938
2345226 2345590
2345905 2346296
2346742 2347116
2347615 2347938
2348145 2348412
2348784 2349008
2349223 2349486
2349798 2350124
2350265 2350540
2350603 2350831
2351063 2351354
2351604 2351885
2352069 2352375
2352507 2352806
2353179 2353492
2353643 2353997
2354201 2354531
2354536 2354873
2355231 2355509
2355851 2356178
2356585 2356912
2357330 2357708
2358103 2358532
2358852 2359232
2359655 2360068
2360264 2360635
2361029 2361447
2361677 2362088
2362558 2363015
2363457 2363915
2363986 2364449
2364927 2365397
2365477 2365896
2366383 2366855
2367056 2367521
2367969 2368492
2368670 2369142
2369627 2370088
2370120 2370651
2371136 2371597
2371817 2372219
2372535 2372881
2372969 2373308
2373555 2373890
2374048 2374339
2374599 2374831
2375209 2375404
2375496 2375649
2375962 2376113
2376495 2376687
2377028 2377226
2377639 2377840
2378073 2378225
2378448 2378652
2378870 2379020
2379083 2379280
2379457 2379696
2379965 2380236
2380472 2380796
2381033 2381313
2381543 2381878
2381924 2382264
2382316 2382654
2382918 2383310
2383405 2383751
2384183 2384538
2384589 2384937
2385295 2385597
2385958 2386318
2386807 2387182
2387478 2387893
2387992 2388354
2388379 2388703
2389066 2389341
2389502 2389828
2389984 2390270
2390418 2390714
2390944 2391262
2391518 2391859
2392009 2392298
2392573 2392856
2393036 2393261
2393677 2393943
2394371 2394645
2395096 2395424
2395691 2396016
2396097 2396369
2396389 2396595
2396984 2397143
2397470 2397623
2397888 2397997
2398367 2398465
2398633 2398692
2399146 2399168
2399540 2399546
2399775 2399830
2400064 2400116
2400210 2400225
2400566 2400641
2400937 2400957
2401168 2401180
2401674 2401728
2401939 2401992
2402142 2402161
2402245 2402280
2402728 2402764
2403085 2403173
2403266 2403294
2403438 2403474
2403714 2403757
2403945 2404001
2404111 2404218
2404489 2404601
2404830 2404931
2405032 2405196
2405525 2405660
2405860 2406043
2406436 2406562
2407018 2407142
2407250 2407417
2407891 2408121
2408517 2408746
2408779 2409016
2409486 2409669
2410119 2410243
2410434 2410617
2410917 2411063
2411151 2411307
2411703 2411900
2412186 2412338
2412533 2412635
2412939 2413035
2413253 2413298
2413633 2413668
2413957 2413973
2414207 2414249
2414319 2414421
2414542 2414593
2414638 2414743
2415194 2415255
2415413 2415465
2415586 2415689
2415752 2415889
2415951 2416104
2416171 2416321
2416462 2416556
2416974 2417010
2417133 2417198
2417517 2417641
2417658 2417791
2418204 2418317
2418325 2418384
2418601 2418607
2418778 2418779
2419110 2419118
2419504 2419517
2419815 2419874
2420322 2420325
2420513 2420521
2420675 2420685
2421117 2421183
2421366 2421435
2421469 2421591
2421855 2421909
2422203 2422314
2422488 2422645
2422769 2422934
2423179 2423349
2423375 2423548
2424022 2424191
2424352 2424564
2424790 2424994
2425468 2425676
2426061 2426311
2426697 2426936
2426973 2427212
2427477 2427701
2427719 2427952
2428442 2428628
2429127 2429282
2429642 2429846
2429886 2430026
2430449 2430645
2431022 2431273
2431711 2431954
2431996 2432245
2432324 2432521
2432745 2432983
2433390 2433561
2433870 2434089
2434383 2434613
2435059 2435293
2435726 2435905
2435981 2436212
2436690 2436879
2437357 2437525
2437562 2437726
2438128 2438343
2438634 2438823
2438845 2439016
2439232 2439440
2439805 2439975
2440395 2440497
2440896 2440960
2441384 2441406
2441487 2441502
2441764 2441825
2442008 2442009
2442069 2442079
2442184 2442250
2442373 2442393
2442819 2442822
2442963 2442986
2443159 2443215
2443491 2443531
2443854 2443856
2443916 2443964
2444127 2444138
2444155 2444172
2444663 2444721
2445114 2445151
2445369 2445441
2445706 2445721
2446045 2446094
2446109 2446111
2446569 2446593
2446902 2446928
2447107 2447132
2447441 2447476
2447753 2447788
2448286 2448372
2448717 2448747
2449228 2449265
2449375 2449433
2449649 2449715
2450036 2450097
2450124 2450224
2450250 2450412
2450867 2451016
2451492 2451694
2452031 2452280
2452588 2452787
2452885 2453100
2453249 2453395
2453556 2453715
2454089 2454265
2454713 2454883
2455325 2455433
2455602 2455714
2455810 2455970
2456316 2456476
2456653 2456865
2456868 2457128
2457221 2457416
2457728 2457938
2458359 2458562
2458980 2459190
2459476 2459618
2459710 2459804
2460044 2460088
2460571 2460613
2460790 2460877
2461204 2461281
2461497 2461621
2462000 2462116
2462294 2462411
2462513 2462692
2463177 2463418
2463456 2463691
2463702 2463883
2464028 2464251
2464677 2464900
2464933 2465096
2465428 2465585
2465992 2466208
2466418 2466587
2466939 2467144
2467498 2467762
2467864 2468190
2468576 2468953
2469020 2469351
2469553 2469890
2469957 2470291
2470586 2470858
2471266 2471515
2471526 2471813
2471960 2472243
2472309 2472542
2472913 2473131
2473546 2473721
2474032 2474209
2474686 2474915
2475064 2475236
2475489 2475653
2476045 2476149
2476433 2476572
2476602 2476776
2476821 2476991
2477044 2477165
2477402 2477474
2477840 2477863
2478133 2478163
2478289 2478316
2478423 2478448
2478500 2478519
2478746 2478750
2479095 2479137
2479505 2479538
2479982 2480005
2480120 2480137
2480415 2480474
2480879 2480940
2481301 2481416
2481451 2481516
2481928 2482023
2482373 2482471
2482754 2482901
2483334 2483523
2483967 2484140
2484453 2484620
2484834 2485047
2485176 2485435
2485811 2486089
2486096 2486321
2486671 2486899
2487325 2487546
2487779 2488049
2488240 2488507
2488971 2489184
2489336 2489480
2489947 2490089
2490499 2490650
2491063 2491225
2491586 2491690
2492020 2492136
2492459 2492513
2492783 2492829
2493290 2493372
2493413 2493436
2493680 2493694
2493872 2493895
2494278 2494324
2494788 2494840
2495093 2495188
2495369 2495418
2495510 2495516
2495652 2495717
2495965 2496004
2496200 2496226
2496383 2496414
2496584 2496645
2496743 2496836
2496852 2496991
2497189 2497398
2497610 2497830
2497932 2498224
2498343 2498688
2498787 2499142
2499229 2499636
2499819 2500224
2500440 2500799
2500971 2501335
2501682 2501988
2502240 2502497
2502825 2503045
2503516 2503782
2504057 2504357
2504497 2504722
2505015 2505294
2505740 2506009
2506307 2506582
2507018 2507328
2507543 2507810
2507932 2508163
2508424 2508633
2508787 2508943
2509422 2509621
2509970 2510163
2510340 2510587
2510592 2510794
2510851 2510987
2511128 2511315
2511740 2511880
2512194 2512372
2512648 2512842
2512894 2513052
2513314 2513457
2513647 2513749
2513821 2513997
2514300 2514477
2514896 2515010
2515126 2515237
2515682 2515784
2515912 2516070
2516487 2516697
2517106 2517266
2517457 2517660
2517916 2518074
2518305 2518473
2518612 2518735
2518965 2519042
2519188 2519222
2519443 2519537
2519754 2519801
2519813 2519814
2520158 2520224
2520716 2520830
2521106 2521212
2521477 2521541
2521939 2522017
2522102 2522136
2522583 2522668
2522750 2522796
2523074 2523077
2523304 2523369
2523668 2523710
2523881 2523903
2524157 2524246
2524602 2524700
2524962 2525109
2525585 2525725
2525853 2525991
2526388 2526546
2526810 2526980
2527312 2527482
2527754 2527965
2528005 2528259
2528690 2528892
2529351 2529495
2529992 2530093
2530497 2530539
2530854 2530962
2531191 2531305
2531480 2531543
2531963 2532068
2532159 2532209
2532605 2532721
2532860 2532929
2533301 2533389
2533689 2533723
2533939 2534021
2534508 2534538
2534814 2534847
2534907 2534944
2535216 2535279
2535357 2535466
2535542 2535592
2535930 2535987
2536292 2536364
2536804 2536888
2537258 2537308
2537328 2537374
2537576 2537685
2537884 2538038
2538532 2538735
2539027 2539180
2539358 2539468
2539746 2539903
2539982 2540193
2540236 2540427
2540739 2540872
2541157 2541300
2541602 2541701
2542020 2542182
2542430 2542618
2542796 2542984
2543004 2543225
2543656 2543868
2544136 2544341
2544813 2545084
2545503 2545724
2545843 2546120
2546379 2546597
2546898 2547077
2547198 2547321
2547349 2547516
2547583 2547754
2548124 2548235
2548578 2548732
2549056 2549274
2549525 2549736
2549785 2549996
2550322 2550523
2550929 2551140
2551370 2551527
2551658 2551801
2552217 2552352
2552671 2552781
2553210 2553364
2553501 2553603
2554021 2554154
2554363 2554503
2554644 2554723
2554926 2554941
2555438 2555462
2555491 2555514
2555746 2555774
2555779 2555858
2556355 2556437
2556590 2556601
2556751 2556803
2557050 2557143
2557162 2557208
2557314 2557372
2557720 2557835
2557951 2558076
2558508 2558694
2558865 2559093
2559395 2559554
2559875 2560031
2560113 2560321
2560628 2560893
2561292 2561618
2561906 2562234
2562480 2562762
2562778 2563049
2563092 2563319
2563482 2563776
2564229 2564523
2564932 2565269
2565651 2565931
2566419 2566660
2567089 2567395
2567735 2568087
2568342 2568640
2568814 2569061
2569326 2569570
2569815 2570097
2570215 2570553
2570617 2570964
2571412 2571778
2571910 2572226
2572399 2572700
2573067 2573407
2573510 2573842
2573871 2574251
2574341 2574671
2574990 2575378
2575816 2576176
2576371 2576793
2577271 2577644
2577908 2578290
2578619 2579066
2579279 2579735
2580196 2580600
2580676 2581092
2581302 2581720
2582102 2582483
2582729 2583067
2583565 2583911
2583954 2584261
2584400 2584764
2585100 2585475
2585485 2585902
2586179 2586546
2586609 2586971
2587359 2587773
2588171 2588568
2588807 2589254
2589508 2590008
2590063 2590497
2590695 2591130
2591336 2591735
2591958 2592419
2592677 2593095
2593274 2593733
2594218 2594641
2594830 2595205
2595331 2595629
2595680 2595984
2596124 2596468
2596764 2597045
2597518 2597797
2598096 2598370
2598592 2598810
2599144 2599399
2599582 2599835
2600121 2600422
2600620 2600875
2601157 2601417
2601752 2602047
2602410 2602759
2602819 2603209
2603614 2604045
2604292 2604710
2604986 2605394
2605767 2606236
2606237 2606704
2606855 2607260
2607450 2607841
2608316 2608652
2608893 2609182
2609253 2609500
2609797 2609995
2610321 2610560
2610672 2610896
2611309 2611522
2611976 2612199
2612574 2612840
2613192 2613397
2613782 2613983
2614080 2614323
2614721 2614952
2615114 2615311
2615652 2615842
2615908 2616150
2616475 2616772
2617088 2617346
2617460 2617768
2617972 2618273
2618731 2618973
2619343 2619542
2619833 2619986
2620222 2620377
2620427 2620578
2620861 2621007
2621285 2621484
2621716 2621864
2622326 2622519
2622643 2622863
2623078 2623297
2623612 2623824
2623942 2624175
2624340 2624563
2624797 2625079
2625328 2625563
2625861 2626041
2626499 2626685
2626694 2626875
2626915 2627146
2627480 2627749
2627881 2628199
2628586 2628851
2629151 2629359
2629642 2629851
2630232 2630479
2630733 2630929
2630962 2631119
2631176 2631270
2631274 2631416
2631598 2631743
2631761 2631914
2632226 2632423
2632546 2632805
2632942 2633143
2633354 2633584
2634056 2634280
2634322 2634554
2635036 2635316
2635563 2635773
2635963 2636116
2636186 2636341
2636394 2636501
2636818 2636865
2637125 2637176
2637213 2637315
2637781 2637885
2638291 2638401
2638887 2639040
2639490 2639654
2640113 2640269
2640735 2640937
2641038 2641192
2641658 2641867
2641934 2642135
2642329 2642524
2642888 2643031
2643408 2643545
2643742 2643820
2644272 2644392
2644656 2644815
2645201 2645351
2645446 2645598
2645826 2645980
2646151 2646290
2646762 2646949
2647297 2647441
2647671 2647750
2648225 2648305
2648394 2648473
2648494 2648615
2649033 2649197
2649656 2649813
2650142 2650225
2650615 2650653
2650808 2650889
2651193 2651275
2651403 2651435
2651665 2651746
2652114 2652149
2652235 2652273
2652387 2652461
2652526 2652554
2652878 2652988
2653455 2653517
2653629 2653683
2653999 2654108
2654141 2654310
2654352 2654569
2654969 2655199
2655354 2655545
2655815 2656000
2656198 2656429
2656575 2656757
2657029 2657252
2657269 2657492
2657737 2657956
2657958 2658173
2658516 2658738
2659015 2659280
2659453 2659686
2659986 2660167
2660436 2660568
2660723 2660845
2661073 2661189
2661506 2661672
2661806 2661984
2662197 2662378
2662814 2662954
2662983 2663142
2663315 2663533
2663983 2664190
2664598 2664781
2664868 2665005
2665390 2665587
2665980 2666229
2666692 2666952
2667015 2667343
2667593 2667858
2668289 2668616
2669001 2669362
2669769 2670081
2670160 2670470
2670525 2670788
2670963 2671273
2671304 2671582
2671815 2672090
2672495 2672816
2673183 2673457
2673856 2674129
2674393 2674617
2674914 2675152
2675620 2675854
2675969 2676260
2676394 2676739
2677088 2677371
2677572 2677872
2678171 2678484
2678635 2678995
2679349 2679768
2679847 2680268
2680386 2680803
2680996 2681462
2681498 2681976
2682471 2682955
2683371 2683845
2684334 2684803
2685224 2685746
2686189 2686712
2687053 2687529
2687972 2688410
2688496 2688994
2689333 2689782
2689868 2690273
2690666 2691068
2691321 2691760
2691823 2692309
2692508 2692946
2693411 2693811
2694219 2694570
2694684 2694976
2695218 2695504
2695551 2695871
2696209 2696500
2696860 2697187
2697415 2697736
2698003 2698376
2698716 2699090
2699581 2699963
2700289 2700598
2701024 2701388
2701422 2701789
2702073 2702386
2702453 2702708
2703199 2703491
2703654 2703981
2704175 2704554
2704991 2705442
2705898 2706387
2706844 2707331
2707647 2708184
2708427 2709002
2709122 2709658
2710000 2710479
2710526 2711052
2711252 2711721
2711877 2712302
2712708 2713142
2713198 2713688
2713876 2714315
2714805 2715255
2715693 2716081
2716546 2716901
2717210 2717618
2717625 2718026
2718336 2718782
2718986 2719477
2719905 2720449
2720700 2721249
2721376 2721873
2722308 2722866
2723121 2723625
2723639 2724081
2724454 2724838
2724863 2725248
2725402 2725786
2725982 2726412
2726749 2727130
2727218 2727633
2727940 2728362
2728577 2728960
2729079 2729469
2729734 2730173
2730220 2730656
2731152 2731588
2731959 2732441
2732596 2733082
2733330 2733771
2733992 2734485
2734797 2735285
2735305 2735837
2736201 2736689
2736735 2737287
2737467 2738081
2738328 2738944
2738985 2739608
2739691 2740261
2740712 2741269
2741463 2742004
2742062 2742658
2742716 2743268
2743566 2744135
2744396 2744951
2745116 2745613
2745687 2746151
2746525 2746976
2747156 2747563
2747574 2748023
2748442 2748829
2749168 2749546
2749763 2750095
2750362 2750760
2750896 2751298
2751347 2751780
2752069 2752440
2752819 2753136
2753243 2753602
2754082 2754393
2754784 2755101
2755563 2755884
2756269 2756644
2756745 2757104
2757251 2757655
2757856 2758217
2758355 2758758
2758936 2759374
2759389 2759796
2759998 2760474
2760563 2761033
2761456 2761882
2762121 2762533
2762642 2762985
2763311 2763595
2763834 2764164
2764271 2764553
2764892 2765140
2765155 2765399
2765754 2766045
2766319 2766553
2766636 2766875
2766884 2767156
2767413 2767632
2767767 2767988
2768277 2768540
2768816 2769142
2769456 2769787
2770258 2770628
2771113 2771533
2771561 2771972
2772262 2772627
2772968 2773348
2773506 2773876
2774016 2774400
2774810 2775149
2775430 2775828
2775977 2776422
2776669 2777171
2777191 2777686
2777798 2778306
2778393 2778896
2778898 2779387
2779611 2780141
2780273 2780842
2781211 2781822
2782165 2782832
2783020 2783674
2783680 2784293
2784455 2785067
2785541 2786107
2786599 2787149
2787391 2787993
2788347 2788957
2788960 2789545
2789869 2790509
2790915 2791623
2791733 2792386
2792576 2793180
2793287 2793893
2794075 2794732
2794948 2795609
2796083 2796688
2796898 2797437
2797634 2798192
2798554 2799154
2799171 2799764
2799858 2800395
2800641 2801182
2801568 2802168
2802642 2803197
2803659 2804278
2804536 2805151
2805574 2806233
2806715 2807367
2807819 2808533
2808894 2809609
2809653 2810327
2810334 2810970
2810975 2811553
2811884 2812465
2812923 2813463
2813716 2814253
2814512 2815105
2815515 2816149
2816393 2817081
2817210 2817964
2818127 2818880
2819061 2819831
2820021 2820784
2820853 2821551
2822025 2822677
2822699 2823399
2823875 2824633
2824822 2825590
2826043 2826832
2826853 2827601
2828098 2828844
2829148 2829842
2830341 2831046
2831426 2832086
2832199 2832803
2832963 2833510
2833928 2834479
2834688 2835247
2835603 2836104
2836435 2836982
2837251 2837798
2837870 2838415
2838881 2839360
2839429 2839891
2839967 2840433
2840909 2841429
2841909 2842378
2842481 2842906
2842957 2843381
2843840 2844268
2844338 2844833
2845308 2845752
2845975 2846428
2846805 2847266
2847741 2848245
2848284 2848788
2849243 2849742
2850224 2850780
2851170 2851750
2852063 2852688
2853118 2853690
2853920 2854488
2854855 2855433
2855812 2856442
2856597 2857228
2857417 2858104
2858286 2858911
2858972 2859609
2859723 2860306
2860508 2861035
2861116 2861612
2861616 2862160
2862614 2863137
2863636 2864109
2864601 2865016
2865057 2865426
2865576 2866017
2866226 2866720
2867086 2867587
2867936 2868436
2868737 2869197
2869475 2869934
2870201 2870711
2871005 2871516
2871888 2872461
2872517 2873047
2873413 2873886
2874326 2874750
2874845 2875270
2875757 2876135
2876505 2876896
2877194 2877531
2877734 2878134
2878228 2878633
2879106 2879443
2879661 2879950
2880061 2880299
2880672 2880965
2880994 2881276
2881580 2881810
2882254 2882443
2882699 2882832
2883148 2883216
2883589 2883598
2883877 2883890
2883932 2883973
2884465 2884468
2884817 2884825
2885043 2885055
2885151 2885176
2885310 2885378
2885851 2885912
2886128 2886200
2886440 2886568
2886986 2887054
2887099 2887219
2887432 2887503
2887965 2888049
2888225 2888259
2888581 2888593
2889087 2889091
2889348 2889358
2889660 2889673
2889709 2889718
2889808 2889825
2889909 2889919
2889983 2889987
2890297 2890308
2890536 2890583
2890977 2890996
2891143 2891227
2891276 2891323
2891459 2891495
2891970 2892053
2892375 2892532
2892815 2892917
2892965 2893080
2893089 2893209
2893274 2893345
2893404 2893473
2893517 2893527
2893881 2893883
2894157 2894223
2894426 2894430
2894507 2894564
2894897 2894948
2895176 2895218
2895644 2895670
2896158 2896197
2896573 2896593
2896881 2896949
2897195 2897215
2897403 2897428
2897920 2897966
2898161 2898255
2898754 2898897
2899217 2899308
2899806 2899904
2900022 2900190
2900651 2900761
2901166 2901224
2901640 2901706
2901909 2901979
2902173 2902294
2902679 2902748
2902962 2903044
2903348 2903502
2903867 2904074
2904377 2904564
2905006 2905260
2905391 2905603
2905698 2905862
2905996 2906212
2906591 2906774
2907172 2907405
2907552 2907833
2907969 2908247
2908435 2908779
2909083 2909415
2909875 2910158
2910564 2910840
2910857 2911146
2911324 2911574
2912041 2912273
2912290 2912516
2912701 2912970
2913227 2913500
2913903 2914124
2914427 2914707
2915135 2915427
2915813 2916160
2916252 2916548
2916794 2917098
2917182 2917480
2917678 2917931
2918371 2918568
2918750 2918891
2919368 2919551
2920030 2920166
2920305 2920391
2920588 2920721
2920864 2921040
2921524 2921693
2921916 2922064
2922192 2922353
2922470 2922684
2923042 2923209
2923518 2923685
2923998 2924231
2924298 2924577
2924612 2924871
2925240 2925493
2925694 2925946
2926277 2926517
2926581 2926821
2926937 2927231
2927340 2927624
2927989 2928219
2928684 2928875
2929337 2929574
2930032 2930316
2930348 2930686
2930805 2931215
2931451 2931855
2932002 2932464
2932499 2932955
2933027 2933497
2933943 2934443
2934477 2935034
2935260 2935865
2936240 2936911
2937106 2937736
2938160 2938739
2938979 2939604
2939878 2940470
2940652 2941292
2941779 2942464
2942635 2943375
2943662 2944458
2944493 2945233
2945261 2945940
2946067 2946687
2946818 2947390
2947874 2948390
2948709 2949152
2949475 2949961
2949991 2950478
2950916 2951444
2951817 2952294
2952310 2952842
2953002 2953584
2953704 2954325
2954353 2955012
2955097 2955789
2956238 2956877
2957066 2957746
2957994 2958734
2958907 2959584
2959956 2960630
2961120 2961785
2962151 2962874
2963235 2964005
2964169 2964890
2965293 2966051
2966354 2967148
2967326 2968072
2968106 2968897
2969088 2969935
2970101 2970909
2971371 2972238
2972590 2973383
2973611 2974356
2974736 2975479
2975744 2976447
2976537 2977294
2977306 2978075
2978138 2978906
2979142 2979865
2979960 2980735
2981137 2981968
2982092 2982967
2983366 2984279
2984444 2985360
2985509 2986419
2986818 2987738
2987805 2988668
2988699 2989522
2989960 2990835
2990924 2991841
2992041 2993021
2993361 2994339
2994366 2995406
2995841 2996923
2997314 2998400
2998694 2999824
3000035 3001171
3001637 3002715
3002886 3003908
3004098 3005096
3005430 3006364
3006404 3007392
3007478 3008502
3008935 3009955
3010179 3011145
3011212 3012173
3012531 3013451
3013582 3014552
3014877 3015889
3016034 3017108
3017557 3018675
3018699 3019863
3019985 3021230
3021395 3022639
3022960 3024251
3024726 3025975
3026200 3027406
3027865 3029046
3029059 3030203
3030310 3031398
3031850 3032892
3033150 3034178
3034482 3035507
3035674 3036639
3036942 3037898
3038290 3039247
3039553 3040512
3040751 3041667
3041777 3042667
3042713 3043646
3044136 3045076
3045413 3046294
3046788 3047613
3047726 3048580
3048769 3049626
3049742 3050533
3050699 3051445
3051523 3052258
3052485 3053274
3053380 3054215
3054320 3055160
3055484 3056313
3056778 3057561
3058018 3058797
3059187 3059910
3060115 3060788
3060985 3061665
3061860 3062528
3062719 3063392
3063733 3064385
3064702 3065353
3065443 3066040
3066054 3066609
3066633 3067179
3067240 3067715
3067883 3068301
3068478 3068910
3069209 3069567
3069969 3070386
3070703 3071118
3071523 3071868
3071925 3072320
3072403 3072751
3073167 3073559
3073570 3074008
3074020 3074416
3074553 3074994
3075093 3075537
3075868 3076355
3076796 3077248
3077339 3077797
3077994 3078456
3078732 3079123
3079563 3080015
3080313 3080814
3080880 3081329
3081553 3081975
3082323 3082802
3083015 3083448
3083517 3083940
3084375 3084836
3084926 3085390
3085448 3085933
3086328 3086807
3087051 3087478
3087616 3088046
3088337 3088718
3089111 3089467
3089504 3089812
3089998 3090344
3090821 3091116
3091565 3091865
3092285 3092575
3092704 3092931
3093070 3093284
3093655 3093891
3094011 3094299
3094377 3094653
3094950 3095213
3095571 3095872
3096120 3096410
3096639 3096979
3097204 3097548
3098000 3098399
3098572 3098958
3099139 3099470
3099755 3100059
3100532 3100834
3100857 3101218
3101499 3101822
3102007 3102324
3102381 3102714
3102762 3103154
3103431 3103869
3104151 3104542
3104842 3105184
3105375 3105711
3105802 3106098
3106563 3106869
3107000 3107302
3107621 3107966
3108301 3108696
3108785 3109228
3109716 3110199
3110404 3110893
3111043 3111520
3111880 3112403
3112791 3113315
3113523 3114099
3114559 3115076
3115170 3115634
3116029 3116555
3117000 3117520
3117957 3118526
3118558 3119141
3119600 3120237
3120305 3120944
3121037 3121673
3121873 3122467
3122561 3123210
3123648 3124346
3124706 3125424
3125864 3126627
3126709 3127487
3127594 3128427
3128922 3129716
3130038 3130775
3130989 3131745
3132114 3132917
3133361 3134118
3134502 3135214
3135567 3136308
3136469 3137150
3137380 3137998
3138054 3138738
3139125 3139765
3139830 3140425
3140757 3141341
3141425 3142003
3142256 3142894
3143377 3143979
3144001 3144608
3144916 3145520
3145982 3146540
3147005 3147635
3147905 3148493
3148536 3149188
3149462 3150065
3150438 3151076
3151176 3151864
3152007 3152741
3152831 3153508
3153565 3154248
3154489 3155114
3155427 3156097
3156236 3156856
3157140 3157721
3158035 3158557
3159056 3159544
3159553 3159998
3160086 3160475
3160586 3161011
3161209 3161600
3161917 3162304
3162772 3163108
3163196 3163548
3163935 3164301
3164395 3164763
3165212 3165585
3165842 3166265
3166666 3167081
3167574 3167937
3168124 3168528
3168784 3169186
3169337 3169687
3169932 3170249
3170730 3171071
3171085 3171476
3171890 3172293
3172614 3172961
3173020 3173428
3173884 3174337
3174792 3175258
3175475 3176004
3176291 3176812
3176847 3177324
3177756 3178271
3178328 3178854
3179313 3179785
3179996 3180469
3180681 3181208
3181482 3181993
3182005 3182526
3182891 3183352
3183566 3183966
3184370 3184811
3185213 3185652
3186021 3186513
3186598 3187039
3187385 3187880
3188323 3188760
3188888 3189375
3189471 3189922
3189967 3190427
3190814 3191210
3191439 3191831
3192112 3192559
3192635 3193029
3193201 3193610
3193862 3194302
3194452 3194900
3195241 3195687
3196038 3196517
3196966 3197509
3197756 3198307
3198727 3199334
3199466 3200090
3200371 3201061
3201552 3202196
3202469 3203162
3203498 3204238
3204605 3205328
3205644 3206431
3206499 3207249
3207553 3208260
3208603 3209376
3209684 3210418
3210873 3211568
3211681 3212395
3212748 3213476
3213701 3214472
3214756 3215583
3215636 3216531
3217027 3217969
3217983 3218969
3219392 3220375
3220503 3221440
3221735 3222636
3222704 3223552
3223842 3224732
3225043 3225943
3226388 3227286
3227298 3228251
3228657 3229548
3229627 3230557
3230729 3231716
3231981 3232977
3233380 3234325
3234345 3235333
3235351 3236275
3236573 3237496
3237827 3238753
3239206 3240075
3240396 3241320
3241666 3242657
3242901 3243825
3244125 3244981
3245247 3246160
3246355 3247210
3247702 3248553
3248639 3249534
3249544 3250385
3250431 3251204
3251565 3252313
3252341 3253077
3253401 3254126
3254186 3254953
3255109 3255917
3256036 3256882
3257181 3258047
3258126 3259049
3259081 3259947
3260130 3260984
3261209 3262112
3262368 3263328
3263339 3264295
3264652 3265568
3266021 3266893
3266982 3267913
3268028 3268914
3268956 3269850
3270276 3271127
3271552 3272472
3272473 3273397
3273521 3274449
3274672 3275543
3275972 3276898
3277240 3278156
3278234 3279106
3279268 3280092
3280488 3281308
3281376 3282238
3282514 3283364
3283805 3284703
3284979 3285827
3286133 3286926
3286936 3287720
3287971 3288736
3289219 3289991
3290261 3290986
3291057 3291708
3291980 3292673
3293078 3293773
3293809 3294462
3294801 3295409
3295736 3296342
3296639 3297188
3297314 3297866
3297982 3298582
3299038 3299591
3299806 3300360
3300601 3301098
3301392 3301925
3302243 3302716
3303150 3303679
3303864 3304338
3304581 3305110
3305140 3305604
3305968 3306420
3306454 3306954
3307099 3307592
3308089 3308631
3309016 3309604
3310060 3310699
3310700 3311393
3311684 3312372
3312442 3313126
3313290 3314044
3314412 3315228
3315425 3316201
3316233 3317013
3317217 3317987
3318436 3319210
3319360 3320078
3320151 3320820
3321309 3321932
3322161 3322788
3323057 3323650
3323849 3324496
3324964 3325616
3326031 3326737
3327109 3327852
3328311 3328994
3329460 3330195
3330343 3331012
3331014 3331632
3332087 3332652
3332945 3333565
3333890 3334552
3334891 3335470
3335784 3336408
3336734 3337401
3337442 3338178
3338602 3339289
3339344 3340080
3340109 3340893
3341154 3341980
3342458 3343324
3343598 3344504
3344857 3345800
3346136 3347084
3347125 3348064
3348125 3349097
3349220 3350232
3350410 3351381
3351687 3352647
3352723 3353682
3354002 3354923
3355003 3355919
3356362 3357290
3357476 3358398
3358804 3359691
3360091 3360934
3361296 3362199
3362568 3363520
3363977 3364976
3365461 3366415
3366485 3367491
3367953 3368952
3369005 3369961
3370269 3371218
3371398 3372305
3372462 3373404
3373436 3374427
3374559 3375600
3375671 3376644
3377096 3378026
3378401 3379378
3379573 3380606
3380671 3381645
3381765 3382785
3383136 3384110
3384551 3385498
3385808 3386749
3387056 3388000
3388278 3389174
3389599 3390558
3390896 3391917
3391951 3392971
3393012 3394085
3394319 3395456
3395743 3396849
3396943 3398011
3398155 3399229
3399574 3400580
3400642 3401644
3401897 3402947
3403042 3404092
3404094 3405149
3405525 3406550
3406831 3407867
3408256 3409342
3409760 3410902
3411305 3412395
3412765 3413786
3413963 3415014
3415358 3416383
3416520 3417495
3417554 3418530
3418712 3419689
3419866 3420789
3421250 3422181
3422210 3423089
3423154 3423969
3424224 3424989
3425177 3425896
3426055 3426722
3427007 3427712
3427755 3428511
3428611 3429428
3429900 3430771
3430970 3431783
3432221 3433048
3433131 3434020
3434442 3435274
3435336 3436220
3436247 3437198
3437239 3438179
3438491 3439380
3439452 3440387
3440449 3441448
3441639 3442576
3442605 3443528
3443591 3444564
3444635 3445563
3445931 3446857
3447015 3447983
3448253 3449209
3449418 3450411
3450796 3451849
3452117 3453121
3453279 3454235
3454593 3455545
3455720 3456677
3456933 3457898
3458167 3459185
3459224 3460193
3460423 3461388
3461884 3462847
3463311 3464226
3464652 3465527
3465929 3466801
3467043 3467911
3468322 3469137
3469481 3470357
3470732 3471591
3472045 3472948
3473183 3474043
3474534 3475394
3475874 3476742
3477161 3477983
3478123 3478881
3478887 3479697
3479825 3480578
3480705 3481413
3481451 3482195
3482327 3483111
3483227 3483967
3484449 3485117
3485463 3486098
3486498 3487196
3487636 3488335
3488828 3489569
3490010 3490804
3490996 3491842
3492005 3492807
3493192 3494059
3494072 3494889
3495190 3495966
3496200 3496921
3497193 3497864
3497960 3498571
3498769 3499364
3499715 3500358
3500676 3501356
3501592 3502312
3502439 3503161
3503392 3504047
3504293 3504908
3505138 3505755
3506093 3506759
3506774 3507432
3507720 3508373
3508416 3509065
3509144 3509733
3510134 3510713
3511028 3511647
3512067 3512642
3512643 3513162
3513345 3513820
3514118 3514527
3514691 3515049
3515307 3515612
3515957 3516319
3516651 3516955
3517108 3517411
3517602 3517961
3518446 3518803
3519193 3519557
3519976 3520299
3520504 3520827
3521270 3521555
3522018 3522290
3522504 3522732
3522871 3523100
3523525 3523764
3523990 3524273
3524434 3524677
3524712 3524928
3525016 3525290
3525715 3525986
3526244 3526468
3526826 3527010
3527371 3527561
3527853 3528090
3528197 3528395
3528504 3528749
3529033 3529220
3529244 3529401
3529511 3529722
3529965 3530220
3530602 3530800
3531020 3531164
3531368 3531456
3531720 3531817
3532113 3532217
3532486 3532593
3533009 3533172
3533624 3533828
3533997 3534198
3534298 3534455
3534509 3534673
3535034 3535256
3535473 3535701
3535993 3536196
3536642 3536795
3536798 3536956
3537330 3537413
3537759 3537882
3538266 3538385
3538455 3538638
3538977 3539208
3539570 3539801
3539891 3540117
3540221 3540438
3540729 3540905
3541089 3541276
3541492 3541692
3542090 3542328
3542438 3542671
3542925 3543108
3543384 3543562
3543733 3543907
3544293 3544457
3544809 3545008
3545215 3545411
3545694 3545901
3546329 3546539
3546573 3546773
3546802 3547044
3547536 3547732
3548090 3548337
3548797 3549003
3549419 3549560
3549771 3549974
3550020 3550215
3550352 3550600
3550742 3551028
3551506 3551748
3551789 3552030
3552303 3552583
3552768 3553106
3553418 3553787
3554085 3554412
3554665 3554990
3555115 3555395
3555614 3555879
3555946 3556155
3556550 3556819
3557145 3557474
3557724 3558067
3558091 3558377
3558390 3558639
3558752 3558998
3559274 3559489
3559589 3559749
3560051 3560256
3560745 3560874
3560885 3561070
3561075 3561208
3561243 3561328
3561507 3561588
3562071 3562154
3562606 3562682
3562785 3562849
3562872 3562933
3563152 3563158
3563438 3563474
3563799 3563885
3564308 3564448
3564593 3564769
3565180 3565420
3565881 3566125
3566429 3566672
3566794 3566991
3567349 3567531
3567851 3567970
3568341 3568509
3568694 3568807
3569276 3569385
3569631 3569779
3569842 3569986
3570171 3570376
3570860 3571011
3571085 3571279
3571301 3571498
3571623 3571805
3571919 3572046
3572301 3572428
3572615 3572788
3572970 3573154
3573353 3573577
3573905 3574066
3574518 3574676
3575050 3575258
3575458 3575622
3575703 3575923
3576051 3576321
3576480 3576812
3576953 3577289
3577673 3578053
3578245 3578687
3578875 3579368
3579816 3580254
3580268 3580728
3581202 3581674
