147
157
393
92
18
100
139
128
410
63
306
48
434
115
465
107
149
84
59
102
273
56
88
99
13
151
25
67
467
46
496
52
209
96
468
153
164
42
274
85
483
62
294
61
360
104
243
149
484
177
222
102
207
148
143
104
22
150
461
103
238
41
462
153
304
69
307
45
199
58
63
109
383
72
324
142
147
141
254
165
228
92
459
157
274
168
352
123
428
145
328
62
260
146
440
48
456
50
267
41
67
51
126
40
158
67
305
86
339
58
463
57
495
142
43
109
139
40
369
156
384
86
229
96
411
46
129
48
286
143
493
105
459
103
145
115
295
114
294
127
38
102
393
166
184
76
329
47
125
97
211
27
54
42
363
33
209
48
24
156
350
107
304
122
94
43
87
141
164
92
490
146
132
153
99
49
391
35
173
139
211
43
183
148
165
57
443
155
358
144
381
90
424
150
173
168
496
102
418
92
319
110
410
100
31
49
33
97
325
144
402
103
125
105
496
151
33
109
240
91
463
144
41
49
279
110
444
151
110
104
75
45
176
47
207
104
148
101
175
46
205
58
157
52
315
145
470
55
80
149
118
157
435
150
449
42
179
36
141
170
450
58
368
50
164
68
133
109
220
61
303
156
68
96
236
160
344
166
377
55
212
109
246
82
488
153
378
43
244
161
490
149
152
97
341
95
180
52
488
43
175
67
404
105
461
98
366
45
444
46
113
47
286
159
107
140
315
114
438
150
6
117
174
97
95
58
64
84
50
90
24
95
347
156
77
110
469
59
289
106
229
37
449
163
299
153
455
157
476
103
341
89
145
92
275
151
1
37
374
152
99
47
265
30
103
101
21
99
14
138
34
140
325
138
53
103
21
152
304
44
296
151
38
92
313
44
96
158
285
54
469
154
98
169
110
52
492
88
484
92
287
56
342
34
61
155
412
87
410
99
453
107
124
100
212
57
7
91
445
141
429
137
434
168
15
148
29
55
292
155
382
112
143
93
55
97
377
156
388
147
293
112
377
54
401
162
73
148
363
98
333
86
58
150
436
54
97
152
93
59
6
104
140
106
292
162
183
151
331
86
325
140
308
149
473
146
431
56
143
101
493
156
397
61
481
100
244
147
169
139
121
69
285
110
438
89
125
83
391
142
228
105
482
54
494
107
335
52
342
53
236
113
276
134
419
53
386
160
206
156
309
151
322
103
55
42
45
44
183
41
206
42
215
143
200
150
347
152
132
86
256
155
269
82
247
109
279
97
379
105
17
149
203
44
270
37
423
102
197
83
236
40
201
99
496
117
264
38
287
154
468
110
457
102
490
91
313
147
95
94
150
111
287
85
270
98
228
99
189
62
7
93
235
55
389
149
161
88
234
34
337
37
62
45
353
137
349
163
193
41
328
99
460
23
63
102
270
96
4
132
251
93
282
56
198
53
134
111
366
56
167
163
299
87
235
90
177
149
199
104
52
105
109
141
318
118
451
57
235
108
89
95
50
152
301
108
390
101
182
139
171
89
317
145
356
107
471
116
255
163
307
161
29
48
332
148
295
151
24
147
243
164
194
103
183
40
249
64
61
31
374
137
162
105
291
40
115
138
224
103
409
34
80
100
145
49
204
146
338
140
208
144
471
93
131
52
257
69
309
93
351
158
161
154
73
45
103
137
102
106
64
139
330
55
468
45
420
47
480
100
146
62
54
152
461
149
255
154
73
133
31
48
76
41
177
48
428
91
51
26
252
88
8
47
225
157
426
145
206
47
479
103
203
92
405
49
218
114
135
51
408
41
423
158
189
150
210
162
372
34
230
155
376
130
414
44
289
97
190
112
247
105
221
93
255
171
424
140
232
42
353
90
167
149
378
152
387
156
386
100
166
158
448
152
353
49
403
106
360
137
457
67
217
146
140
52
419
130
420
38
474
143
228
115
376
99
294
112
179
102
410
139
303
69
248
160
160
140
496
105
208
113
134
57
48
118
370
86
59
50
164
143
94
122
290
58
445
122
456
157
236
44
167
165
139
108
414
49
233
90
216
94
354
51
14
168
467
164
269
47
55
149
135
97
353
163
229
114
223
132
203
43
263
143
462
163
497
154
109
45
466
107
79
91
213
151
380
105
404
38
408
98
292
167
211
48
136
150
374
59
20
42
185
168
397
107
155
42
493
151
79
92
451
155
58
131
336
64
412
117
173
110
239
171
499
164
46
88
63
147
419
151
300
55
67
61
93
107
373
146
265
106
199
139
146
105
367
59
436
45
493
116
421
156
38
135
182
73
321
155
443
134
30
147
112
105
374
139
161
160
426
91
381
101
131
141
242
154
19
38
284
49
231
142
427
92
274
95
411
40
396
150
134
51
213
51
246
138
271
48
315
76
277
154
90
102
37
124
50
150
243
135
473
118
272
116
181
61
325
148
468
152
137
93
492
98
96
60
194
108
455
39
137
60
286
143
163
44
80
109
335
90
339
66
73
32
25
150
418
158
25
153
279
93
389
157
178
88
281
103
328
144
308
49
183
59
214
157
427
91
357
49
396
63
9
151
9
141
149
163
398
98
47
63
67
156
369
113
6
154
189
153
89
24
184
117
411
159
328
118
155
95
316
36
320
151
219
151
220
91
488
101
327
86
85
91
99
144
53
35
105
133
280
107
396
48
37
67
494
61
282
99
353
44
251
39
139
93
91
34
238
162
195
101
135
142
456
163
198
53
283
137
172
61
495
43
280
93
268
47
340
39
103
145
331
168
490
60
178
43
131
141
261
106
138
64
21
173
50
137
245
99
489
138
80
94
304
103
311
109
494
38
150
41
120
41
380
38
378
47
210
39
12
161
67
161
196
152
287
135
102
110
53
86
496
51
415
94
458
89
72
41
115
61
143
108
118
171
137
83
310
127
111
38
464
67
397
143
475
117
319
48
219
144
148
153
46
43
402
54
127
142
137
144
140
141
75
143
363
48
432
69
87
100
116
50
253
117
189
115
319
157
86
101
54
51
461
59
248
75
207
92
322
62
206
99
271
38
94
143
267
47
73
93
443
53
479
51
199
47
193
71
107
146
465
94
309
148
456
115
245
29
108
152
143
89
472
145
235
87
9
102
420
103
405
155
40
51
460
118
243
92
175
101
46
140
71
157
199
40
496
92
281
102
486
140
398
143
170
64
283
99
150
47
150
59
53
103
498
99
96
53
403
54
60
63
204
151
154
90
426
110
275
158
13
153
209
139
16
55
380
135
132
52
152
90
301
156
183
165
299
149
212
163
51
31
80
160
493
97
236
27
340
97
371
103
92
138
178
163
214
114
142
151
340
148
386
108
127
58
49
49
87
144
185
115
264
100
83
155
253
35
179
50
485
36
141
100
395
137
83
143
494
101
210
113
425
60
453
64
339
105
389
62
259
113
374
141
474
48
52
63
409
165
205
150
85
107
39
66
491
147
484
53
1
103
316
53
346
104
495
99
253
68
214
88
395
156
187
49
477
132
167
146
449
149
386
133
75
53
384
25
344
59
396
50
177
45
222
144
78
52
416
55
195
49
429
63
252
102
167
101
280
56
400
42
438
49
303
83
388
53
32
53
361
88
159
41
394
127
15
96
209
113
61
91
109
143
355
61
68
88
152
93
418
65
312
102
274
41
257
146
200
89
396
100
301
108
74
38
128
91
316
101
155
141
494
103
430
37
225
69
392
55
151
142
302
53
485
84
91
100
125
167
427
33
39
152
442
48
84
28
466
93
76
153
195
53
105
147
448
135
346
49
168
84
269
162
266
109
478
46
290
62
51
145
115
152
163
55
332
50
410
58
70
104
164
57
40
38
66
89
297
160
143
55
73
54
434
86
430
41
299
145
7
115
90
97
170
137
354
89
369
54
466
159
219
64
327
114
197
146
337
48
88
49
37
152
421
150
182
147
368
152
428
131
20
100
105
59
303
103
450
158
144
149
291
57
126
55
285
65
419
171
208
172
111
147
237
108
3
101
26
109
81
138
485
41
361
146
85
99
393
110
190
144
328
57
5
158
497
141
341
90
449
97
362
85
241
45
226
88
482
114
496
103
203
122
452
149
448
163
3
167
168
156
275
81
239
33
471
129
288
166
451
150
321
153
3
65
264
102
202
157
343
106
68
150
346
144
213
99
457
104
409
127
255
126
202
57
479
106
421
152
105
104
444
59
33
29
362
154
351
139
65
92
114
149
353
147
499
152
131
91
340
146
192
153
63
145
266
49
314
154
270
153
273
167
101
37
139
104
242
35
68
151
407
51
488
147
195
50
271
96
361
132
456
49
317
115
11
39
23
118
75
87
216
81
459
159
11
61
35
49
177
96
67
132
47
39
120
39
49
146
277
103
392
134
256
149
100
53
291
130
48
107
159
103
148
44
263
46
319
132
475
148
343
155
93
56
400
134
401
48
431
28
265
140
265
153
438
38
284
51
343
162
466
127
135
100
80
61
414
56
448
109
453
145
456
42
356
102
168
32
449
88
244
98
377
170
419
61
312
163
156
49
351
110
493
22
287
52
140
142
207
55
322
55
486
61
116
158
369
108
137
94
247
149
344
91
414
152
196
98
243
107
28
39
124
46
39
150
446
68
294
49
248
57
231
143
312
95
339
89
232
77
237
153
270
146
92
162
376
80
143
150
238
53
356
135
415
37
148
68
70
46
431
157
157
95
22
153
240
43
339
157
157
46
163
91
424
149
198
41
169
46
78
156
496
84
323
170
91
54
161
60
168
98
420
107
61
69
157
53
120
121
359
49
386
94
382
153
371
100
196
53
123
142
326
115
112
100
363
82
169
116
75
150
229
85
447
68
222
96
472
143
402
51
63
100
176
49
339
149
36
91
284
69
208
105
6
63
452
154
240
35
101
50
368
133
396
116
260
64
8
98
29
54
89
38
80
46
204
82
20
51
423
41
492
119
153
106
356
92
345
147
292
51
152
47
23
44
224
52
367
138
248
97
457
45
437
39
440
28
361
50
237
97
473
54
53
47
139
49
170
111
472
49
157
95
249
155
292
166
298
137
308
166
262
153
321
48
74
52
241
163
164
42
349
95
94
101
322
87
20
115
267
59
178
165
458
39
14
151
309
137
117
115
44
147
499
161
462
94
18
125
325
144
16
150
351
138
318
135
243
106
426
100
131
34
429
44
405
57
171
53
481
95
73
109
13
97
372
54
300
152
225
92
23
93
387
103
91
60
59
146
205
43
282
138
282
106
106
162
68
64
280
99
459
90
304
140
424
97
158
52
469
155
283
50
266
100
41
111
488
147
165
148
452
97
22
100
243
103
201
104
347
37
147
144
73
157
202
145
454
101
202
46
119
51
171
141
487
101
497
54
57
49
350
52
414
155
343
52
162
147
339
145
214
97
146
66
380
54
373
148
169
91
413
101
269
158
317
135
194
38
203
31
2
109
437
153
174
93
13
134
9
33
344
161
426
34
119
53
350
37
187
53
457
56
274
163
308
66
415
117
433
153
322
161
102
112
339
144
222
99
400
156
499
50
247
115
229
148
114
34
427
84
241
49
492
181
149
149
375
100
337
99
473
111
318
151
198
53
61
160
291
109
199
147
69
154
233
38
73
145
270
51
123
149
399
139
146
150
379
141
79
158
44
55
45
38
316
63
316
122
382
63
239
146
408
48
412
66
367
156
338
50
228
106
286
33
440
47
428
40
228
36
70
108
41
146
361
53
419
149
34
46
102
56
224
106
488
157
211
148
427
58
488
57
37
141
359
104
397
156
430
40
127
69
289
47
467
39
225
98
226
95
478
144
6
148
36
164
152
98
99
113
165
62
69
49
122
109
155
100
318
163
132
106
278
160
306
66
348
28
258
71
152
146
80
50
109
28
170
50
58
179
499
155
41
91
62
50
142
49
114
43
79
42
153
52
81
158
105
81
300
98
267
40
246
61
377
101
479
41
238
149
30
167
113
59
65
65
373
154
285
103
188
141
215
95
11
57
135
144
51
89
180
56
185
36
340
39
242
83
167
93
59
92
137
43
190
148
459
155
441
110
354
160
296
99
227
54
477
33
434
86
193
162
258
111
71
152
84
42
112
151
225
43
480
101
144
156
104
95
210
88
449
147
25
147
85
51
498
50
237
60
496
153
279
89
59
101
392
134
301
137
325
28
389
50
251
151
206
50
472
107
81
149
149
100
413
60
185
106
467
109
169
46
208
44
62
158
380
143
167
105
55
162
89
164
279
93
374
104
37
45
374
145
191
151
65
153
484
161
207
51
208
51
214
97
253
71
187
45
379
146
16
146
86
98
133
107
205
71
433
150
117
47
413
134
342
67
317
156
253
163
413
157
61
147
377
98
405
93
460
57
163
91
284
148
66
135
467
144
306
111
135
146
81
41
335
106
69
65
431
40
430
155
214
90
208
53
229
110
288
105
358
156
66
149
61
71
261
143
398
98
238
151
366
61
24
140
82
59
432
138
476
109
309
147
338
157
94
90
264
58
427
94
191
103
277
98
413
32
255
91
369
39
181
87
307
163
386
142
56
41
9
92
342
119
140
99
96
137
391
39
277
36
356
44
361
167
344
77
150
46
207
80
107
138
41
145
416
154
454
158
192
113
174
55
57
95
150
62
39
47
128
104
124
152
393
156
56
43
120
98
125
58
215
56
278
44
418
67
245
155
387
112
136
62
99
36
152
45
118
48
138
97
384
143
301
105
347
50
293
41
218
55
416
51
465
112
234
45
460
121
98
142
397
44
48
96
91
43
166
146
359
99
193
164
497
45
109
148
490
157
40
133
350
116
348
92
130
95
190
159
3
145
439
81
201
102
132
103
158
44
2
52
438
137
85
154
265
100
348
133
14
158
195
150
137
152
305
147
85
55
467
117
490
98
393
148
73
106
128
52
490
50
261
113
328
142
280
37
435
161
102
92
475
148
437
80
440
103
283
152
110
155
22
54
165
99
297
147
422
150
251
156
303
58
8
160
409
91
450
62
438
144
208
110
457
88
351
119
116
36
441
71
464
156
58
84
383
144
358
108
449
83
466
93
128
136
210
36
401
99
364
153
461
111
38
39
123
147
73
103
91
118
317
62
181
145
151
142
69
62
2
109
231
76
410
136
301
108
21
46
160
38
296
98
442
150
245
50
279
134
199
114
182
156
105
104
320
145
5
89
417
104
403
63
421
47
418
67
417
144
180
33
210
105
356
41
65
145
229
124
104
144
181
37
492
39
385
36
491
143
445
153
306
132
117
49
380
97
3
142
47
132
411
47
465
148
474
100
70
98
131
66
282
140
352
142
311
90
343
61
75
141
299
155
410
133
54
51
332
163
221
169
48
48
190
53
146
99
440
83
18
147
190
152
59
153
105
139
273
93
165
134
203
90
92
145
178
133
459
106
139
92
322
150
370
53
3
44
333
125
413
159
231
163
79
146
26
149
262
103
420
59
24
152
322
153
445
75
135
160
291
47
145
94
129
53
273
150
252
65
202
136
307
158
418
127
108
156
256
47
85
45
140
108
116
105
172
90
378
144
19
138
410
143
172
141
359
101
247
94
459
49
50
146
356
101
453
55
403
47
354
101
108
42
132
64
159
42
356
100
184
149
426
91
202
93
221
153
495
52
99
109
374
42
142
33
398
164
49
62
104
105
314
130
168
88
299
106
156
49
442
88
43
85
236
92
55
88
151
147
421
145
145
158
390
35
309
111
350
101
248
132
448
89
203
150
275
42
204
99
376
152
277
104
105
146
280
152
78
148
58
101
12
164
479
102
210
149
21
139
107
67
339
61
432
159
248
152
247
78
325
145
295
44
466
48
320
98
408
54
202
38
329
61
222
167
220
144
458
94
30
161
416
48
231
141
10
44
394
145
319
90
220
140
1
96
412
53
311
35
273
114
299
101
192
104
458
62
155
31
277
146
259
58
234
42
40
148
14
48
393
144
377
58
68
62
94
162
216
142
15
55
383
57
98
93
440
38
357
65
386
145
37
42
209
84
479
61
467
101
488
158
161
47
161
55
432
85
54
166
483
164
401
52
253
152
55
88
370
104
438
58
66
40
166
161
284
96
111
44
117
99
393
51
470
63
454
95
449
41
104
42
171
86
68
102
264
101
290
106
212
166
163
164
120
140
220
88
93
143
292
49
137
85
468
106
368
52
332
102
183
166
207
107
372
41
145
136
279
92
275
145
267
95
13
52
41
65
207
95
460
153
293
55
220
35
407
95
15
141
268
59
259
108
130
94
462
151
393
105
375
145
392
143
199
148
161
37
386
56
313
156
45
40
300
163
348
56
399
86
58
164
262
156
91
47
291
148
179
145
206
120
309
111
385
143
5
93
346
110
473
58
61
94
107
113
82
46
149
55
197
59
433
103
291
90
222
52
121
154
273
89
65
96
407
112
268
59
267
140
402
138
89
97
198
59
498
105
258
99
81
80
235
88
176
145
233
137
402
44
52
42
425
44
246
151
311
154
327
91
105
153
324
42
475
99
317
56
433
149
446
113
372
74
238
156
254
50
262
38
313
36
26
93
277
42
144
33
499
63
20
102
78
118
1
69
395
45
264
62
267
98
205
118
304
108
462
133
28
46
220
156
168
110
257
89
302
100
230
152
330
93
428
129
89
96
385
101
115
50
280
145
219
80
120
105
493
143
343
150
189
115
108
106
81
44
432
100
23
108
448
162
353
49
297
112
78
152
383
137
250
92
41
35
19
95
214
53
22
55
285
53
330
144
411
54
339
156
194
97
485
48
387
92
60
153
255
100
142
158
464
104
239
118
464
48
191
141
313
89
196
87
131
59
179
62
421
154
298
41
74
82
181
106
353
93
192
61
316
97
368
91
324
149
139
69
165
34
4
60
3
83
336
55
48
150
265
143
7
92
284
106
251
52
29
97
251
57
167
90
202
117
314
171
234
107
236
98
144
154
244
107
227
160
284
153
424
153
197
48
477
98
85
159
242
49
253
147
413
68
364
43
137
94
275
100
268
153
7
77
397
59
63
37
86
60
336
165
191
48
334
144
78
144
87
111
370
146
233
46
245
43
34
57
44
152
260
65
293
57
213
48
132
139
323
50
463
104
401
141
72
62
448
41
346
59
19
49
21
76
32
162
371
155
73
145
475
26
330
111
134
160
297
56
246
43
373
40
397
96
28
17
321
48
371
141
314
88
93
155
479
51
386
48
393
151
99
52
60
28
79
70
236
96
1
61
423
106
131
86
429
153
202
155
369
108
312
148
335
145
262
148
360
111
91
101
326
131
153
53
329
102
142
139
460
85
308
53
172
151
1
102
424
121
263
51
302
94
99
21
142
158
63
47
6
105
88
110
80
152
369
99
304
140
94
112
214
105
268
63
425
94
137
82
127
40
85
100
173
52
342
157
449
162
111
138
102
100
128
153
303
147
211
101
123
51
481
167
188
63
447
152
297
52
412
105
127
155
295
97
170
45
60
57
24
57
401
42
460
140
321
60
95
55
406
85
38
51
200
145
489
159
454
45
483
26
54
153
165
53
2
167
354
149
206
168
158
150
470
92
141
145
83
120
482
99
296
151
490
163
136
64
30
38
176
57
349
44
459
50
143
153
150
52
453
105
294
34
382
90
330
66
213
93
79
41
298
100
270
153
148
107
94
91
105
143
218
39
369
97
265
151
312
161
135
56
432
151
116
45
380
149
413
103
427
56
408
149
273
103
162
41
47
143
280
105
491
57
256
140
232
153
14
57
328
39
364
49
94
45
410
144
487
147
355
153
323
127
311
157
174
140
325
128
266
69
222
33
451
103
382
110
42
149
132
95
466
89
267
51
50
61
207
149
324
44
437
162
474
69
63
139
484
139
344
150
1
160
434
106
98
146
424
92
417
159
446
103
254
101
346
153
391
93
412
39
446
145
399
53
471
105
206
147
425
64
18
35
40
50
361
105
125
98
253
157
327
111
242
49
122
94
404
85
20
98
83
75
74
43
361
47
341
24
239
88
466
164
360
102
123
129
340
107
167
54
7
91
355
101
495
51
417
107
436
140
29
38
307
45
46
153
419
166
307
84
406
48
417
46
237
94
252
150
157
149
131
102
58
95
249
33
91
154
394
126
173
144
385
149
452
105
490
111
396
156
333
99
425
49
332
109
323
51
313
47
75
158
447
162
62
93
202
143
229
105
2
102
452
55
172
102
83
87
241
98
252
151
202
139
400
146
377
113
271
92
406
76
89
139
53
150
230
89
223
56
184
160
412
156
48
99
196
80
472
147
174
54
433
98
349
64
244
143
497
152
102
110
211
49
189
61
316
45
42
40
56
89
139
47
398
143
424
97
489
34
135
108
137
161
3
52
247
153
377
159
441
98
391
164
407
108
291
52
180
39
442
152
81
151
395
78
255
56
402
149
302
130
78
46
87
117
312
109
10
146
207
63
440
127
480
140
220
151
213
155
273
116
149
58
149
51
162
48
377
137
172
152
17
154
32
65
273
59
373
163
378
25
146
136
79
155
30
46
315
104
472
42
260
140
268
49
280
47
137
113
428
110
18
58
349
139
481
150
350
49
264
56
403
53
232
85
140
52
463
100
173
107
345
46
330
102
106
98
288
173
274
137
32
53
266
149
489
107
65
40
376
157
320
150
300
87
18
154
362
134
419
113
149
112
122
157
134
54
23
111
27
48
375
143
59
45
398
51
98
102
447
78
360
108
384
148
251
133
139
56
327
90
288
39
448
95
259
52
113
39
159
44
425
157
24
44
64
163
221
156
11
110
477
98
208
100
193
151
263
35
214
90
204
152
191
45
169
137
62
164
161
97
441
74
179
164
111
138
77
88
307
161
295
143
214
135
472
48
160
148
378
89
385
105
164
113
380
40
226
150
249
139
122
143
85
144
316
53
368
46
347
96
419
160
214
44
227
149
260
147
357
100
399
64
470
148
151
116
155
97
159
143
112
57
493
112
287
42
403
37
471
153
322
40
222
156
168
133
305
143
257
147
326
160
46
145
242
46
43
32
353
162
332
40
293
144
326
103
86
88
68
40
307
36
462
51
46
104
277
31
382
86
309
158
263
146
283
153
450
159
164
46
188
104
411
160
261
168
477
116
225
152
39
93
418
102
428
138
187
40
96
150
125
100
379
41
79
141
414
159
498
139
8
143
443
56
462
46
398
162
247
55
372
99
463
145
83
139
160
110
442
169
192
53
1
99
189
168
294
98
375
86
398
59
41
141
366
105
284
47
199
45
212
91
298
78
91
106
496
61
424
45
179
112
278
60
384
107
364
54
43
155
219
48
405
145
466
148
223
101
170
49
272
89
16
161
230
149
233
134
306
62
26
86
403
108
316
122
473
151
394
135
16
144
260
95
296
59
478
97
33
151
325
60
426
61
307
53
283
138
318
150
290
159
121
54
72
95
191
130
421
44
194
49
336
158
407
46
301
61
401
59
239
103
455
62
61
167
451
172
170
57
174
140
256
110
159
107
440
160
200
146
124
145
177
165
94
42
480
138
340
44
429
147
412
147
486
59
145
152
218
97
439
59
109
104
439
101
476
48
406
43
383
139
481
123
355
115
216
111
294
137
298
52
39
150
332
84
325
49
152
146
51
156
434
104
216
150
34
113
438
146
404
88
27
101
498
106
106
155
79
108
296
97
113
115
276
150
236
138
90
164
239
101
183
152
325
100
138
139
91
55
492
140
369
96
284
97
47
158
250
110
254
43
445
67
467
96
23
49
30
58
43
156
291
155
211
166
263
152
257
54
87
93
388
48
138
52
52
51
108
148
427
55
487
156
197
169
216
93
283
134
199
50
440
104
358
158
114
172
88
59
197
138
137
54
104
83
197
45
267
41
83
49
14
46
352
60
181
64
141
56
323
97
305
92
200
61
373
151
85
151
313
148
347
146
287
95
200
104
46
112
96
47
7
36
455
52
406
158
127
106
180
44
158
95
369
96
48
40
475
155
429
141
206
90
339
48
198
107
274
102
498
100
47
130
124
45
263
107
275
104
164
38
264
37
440
106
333
149
117
151
20
42
432
155
99
89
192
102
102
151
107
147
242
50
84
35
291
50
79
98
469
155
243
92
41
93
318
145
40
151
155
170
253
136
268
103
460
50
247
97
102
146
435
105
294
56
442
143
483
168
90
139
339
139
273
116
422
86
150
73
332
151
104
100
46
107
8
38
213
44
88
152
257
46
126
25
466
44
339
54
49
54
419
47
497
60
461
83
228
37
468
46
483
57
62
54
358
106
474
156
30
151
142
46
426
47
350
159
355
96
228
43
19
136
310
110
389
108
232
84
488
155
398
150
466
140
247
105
385
57
288
59
153
114
430
49
38
61
464
133
42
50
193
159
72
96
312
151
451
92
430
87
55
142
366
98
174
107
455
32
268
56
241
69
344
141
39
58
72
130
489
36
36
51
269
49
13
159
334
157
173
88
72
154
172
146
90
59
42
54
15
100
121
121
127
112
337
44
237
121
161
159
401
45
111
60
332
55
492
140
472
140
234
140
161
53
54
107
266
62
311
158
452
50
144
131
143
153
282
32
338
38
415
124
416
69
343
51
457
141
69
139
83
164
429
39
286
153
41
95
338
98
149
90
135
54
242
63
237
44
233
61
281
52
448
134
378
140
39
89
458
76
14
100
278
37
454
150
220
153
287
36
57
159
371
149
304
159
59
137
13
148
282
145
264
40
74
163
220
53
127
76
255
103
381
149
256
96
376
138
377
46
79
44
90
114
143
146
141
44
154
144
276
154
491
108
107
37
144
111
390
101
383
113
41
60
155
40
44
49
144
99
44
45
404
91
97
48
363
39
64
136
242
149
157
141
71
150
280
141
286
54
61
35
379
84
265
98
400
67
304
41
404
85
247
55
344
118
317
143
390
146
338
118
390
92
440
98
360
96
441
91
405
103
208
148
256
48
308
100
244
47
458
114
284
41
455
112
338
140
306
163
447
144
99
162
139
58
362
112
471
56
357
120
491
94
319
51
431
140
205
99
446
165
79
105
166
106
121
87
474
161
218
101
7
36
359
60
74
103
209
104
16
117
280
53
428
61
218
113
228
45
62
32
86
155
219
101
406
146
175
119
223
30
233
146
405
152
495
90
293
42
149
91
481
43
453
52
116
52
250
42
280
151
497
96
400
109
192
59
295
133
180
94
36
94
469
34
302
89
15
101
420
82
413
145
150
147
320
144
223
56
129
111
311
54
28
150
392
59
154
100
240
39
227
37
376
164
400
38
146
89
195
156
432
49
64
140
218
46
397
55
208
161
171
55
166
88
291
144
345
149
432
94
116
150
309
51
122
40
253
103
363
114
381
155
273
83
431
31
350
57
85
148
108
94
240
48
73
50
415
133
217
38
36
119
469
98
85
118
54
48
22
55
359
61
52
144
201
41
358
145
485
146
222
51
324
149
376
55
335
48
417
113
430
157
447
94
257
95
357
91
277
36
342
139
290
42
252
151
384
84
391
91
497
62
65
155
286
46
173
44
11
86
5
61
110
135
231
106
407
40
366
84
387
58
51
152
141
87
301
103
486
163
79
81
51
98
144
96
87
157
237
147
85
48
248
45
188
97
92
156
146
143
271
167
183
95
398
147
306
150
15
37
440
46
314
146
458
98
68
89
122
151
181
139
72
156
150
151
499
99
6
159
134
107
358
149
251
168
176
41
280
39
235
51
325
45
453
57
484
138
400
103
37
110
338
55
313
56
351
160
126
107
408
58
360
135
37
51
188
111
118
76
100
113
382
146
328
107
447
59
492
152
478
34
31
109
280
84
174
69
45
108
380
105
149
55
379
147
86
159
203
87
346
142
41
49
174
46
351
105
21
145
299
98
40
33
337
61
57
62
473
153
24
147
288
108
244
152
484
103
388
54
402
148
450
153
41
144
205
150
440
107
252
108
339
48
118
98
465
30
435
149
43
93
277
144
348
146
219
162
452
44
55
107
52
54
492
50
421
144
328
158
213
164
121
149
394
141
66
34
345
147
497
92
222
156
388
48
258
102
103
152
22
163
277
101
79
147
11
98
119
95
129
49
24
56
9
101
219
106
85
57
428
47
114
48
289
96
492
163
443
36
16
99
303
36
473
138
95
140
58
149
140
138
301
159
240
139
84
69
499
97
116
107
153
154
265
103
238
152
1
159
200
114
390
98
78
58
199
164
464
131
58
151
95
142
485
102
153
43
139
41
200
63
128
30
307
161
435
148
196
50
346
70
471
109
10
59
90
134
441
58
472
88
134
149
324
155
418
154
202
126
309
152
153
143
80
153
462
154
481
144
100
97
176
47
123
82
214
145
325
44
10
143
189
49
168
114
76
55
472
92
294
142
246
86
74
104
395
42
275
89
446
52
177
84
262
90
114
99
77
56
413
95
73
84
210
31
319
42
164
97
373
56
458
42
171
133
205
157
323
178
6
178
213
151
85
138
270
111
179
61
326
40
30
82
255
94
220
56
27
84
309
60
154
149
374
86
434
28
18
56
127
60
415
61
291
165
12
149
120
93
193
168
317
109
352
94
292
47
34
117
251
85
21
59
20
49
312
114
70
61
424
121
277
38
115
98
396
90
499
152
200
56
368
117
333
103
202
148
348
165
28
162
199
158
496
43
128
104
324
93
211
145
149
54
409
150
130
86
230
57
354
89
46
103
29
58
184
159
168
47
182
141
455
53
178
112
352
130
215
59
270
143
289
47
191
49
261
135
37
43
279
97
149
108
170
75
177
57
337
91
36
65
198
151
253
101
408
45
70
101
131
150
498
50
345
143
432
100
107
92
491
148
282
63
156
142
272
45
121
95
253
156
347
93
325
46
404
84
8
111
268
158
79
58
288
153
317
57
436
47
332
151
44
99
443
98
165
113
190
159
315
93
486
38
309
134
480
156
240
32
78
106
196
42
282
153
202
92
336
50
211
141
297
145
83
139
357
49
224
60
237
39
371
58
362
46
201
52
389
142
48
146
176
163
9
91
172
109
42
157
287
101
471
50
37
151
361
158
150
84
59
27
224
82
40
48
85
103
286
42
419
161
355
144
28
139
405
92
246
124
369
104
420
114
343
84
220
126
97
93
476
137
295
38
414
146
101
96
241
144
145
135
37
93
252
32
317
81
161
103
257
50
320
136
256
40
97
60
155
102
223
65
466
164
472
154
144
120
178
41
18
47
332
158
264
139
161
136
154
96
399
144
134
142
235
164
23
101
453
33
478
154
71
113
199
48
208
53
444
146
89
105
146
168
53
96
272
150
56
118
440
67
277
44
475
115
370
52
268
47
377
155
478
85
414
137
7
100
61
138
418
57
300
47
457
39
187
136
105
94
113
39
55
105
34
150
119
104
35
148
333
101
128
50
465
35
171
48
333
84
498
61
87
131
278
40
487
103
335
65
16
144
339
155
253
152
253
140
12
37
160
105
170
41
29
58
279
51
454
158
162
49
428
54
417
101
69
154
94
105
449
55
86
144
347
92
396
51
409
156
359
49
78
116
184
102
173
158
197
155
288
95
129
98
439
50
117
83
340
119
235
103
10
53
199
54
286
97
162
48
90
141
208
46
6
99
172
99
232
54
321
99
331
58
294
128
221
99
113
147
64
160
407
148
137
52
12
137
472
49
162
101
448
159
353
98
153
55
91
146
436
118
357
119
359
135
492
148
242
156
95
60
227
149
287
57
165
119
149
94
19
54
68
93
424
42
470
35
152
72
393
90
488
93
110
53
488
87
402
134
329
94
9
88
23
71
348
137
411
58
61
117
173
142
316
144
36
97
335
144
343
43
430
92
75
167
346
156
355
152
61
62
306
100
284
153
489
61
280
155
54
44
435
89
214
99
460
85
438
152
304
88
287
157
496
135
310
44
255
102
9
47
262
105
376
72
356
144
334
149
194
99
89
24
179
119
243
136
264
139
39
158
39
93
48
93
116
139
488
46
50
125
462
92
162
169
448
56
211
148
21
122
389
110
464
106
180
59
208
46
15
111
214
149
492
90
379
138
216
43
383
58
424
89
215
61
474
45
42
153
32
48
191
92
478
52
71
47
488
84
260
37
396
110
245
160
150
108
421
155
415
76
208
139
202
48
58
105
339
125
28
102
7
106
34
133
41
54
368
31
259
59
317
52
22
148
106
148
129
55
395
141
377
91
126
155
199
152
254
110
421
54
498
97
392
117
368
137
423
108
477
146
424
38
306
98
266
46
392
60
214
47
176
46
360
136
451
140
144
51
435
81
42
94
57
42
350
48
141
162
272
140
154
98
325
33
148
91
321
145
319
41
172
63
388
91
203
161
296
161
490
130
107
86
116
171
74
55
424
49
444
45
229
102
244
71
484
148
149
145
47
99
1
57
19
143
202
108
237
110
59
145
217
93
495
141
28
91
395
147
135
139
101
105
370
101
472
37
345
103
246
146
7
134
388
140
209
153
133
149
353
149
366
72
199
49
55
64
479
103
422
49
86
80
437
57
210
166
497
152
74
109
345
90
77
81
445
89
499
103
300
144
283
134
294
57
371
45
193
53
46
49
447
143
137
111
15
90
360
149
168
47
393
51
141
158
71
92
286
52
308
95
487
151
481
129
498
171
166
103
233
48
118
155
86
92
418
97
17
79
5
98
243
156
467
139
394
143
290
89
141
51
308
56
433
97
111
136
221
145
459
55
461
121
34
51
184
100
25
103
450
100
313
133
42
142
218
97
403
145
227
37
152
164
203
162
382
45
256
42
165
48
365
89
408
159
339
52
80
105
231
150
153
46
230
162
496
46
117
51
16
100
315
54
372
155
255
91
53
144
58
99
442
107
48
156
394
91
138
84
349
71
489
36
107
47
137
67
401
50
203
156
397
161
294
60
480
47
229
158
289
51
493
50
73
163
233
98
138
104
492
41
232
52
432
92
36
179
439
136
469
96
18
60
302
56
414
151
90
134
65
96
226
151
241
98
165
90
314
109
467
144
377
123
379
157
418
170
363
98
339
34
52
152
427
157
102
60
142
157
146
91
30
111
283
107
492
95
354
95
297
150
316
53
4
106
50
99
295
41
275
84
328
54
398
135
178
148
77
99
367
152
163
108
92
37
24
141
20
154
459
103
150
96
9
47
441
53
91
55
488
92
232
103
243
114
27
99
167
62
357
41
81
56
126
58
127
48
139
73
284
155
85
158
92
159
443
62
493
145
86
55
25
150
393
101
297
143
30
138
65
141
382
69
167
152
77
57
54
108
113
137
281
37
346
53
184
55
113
95
399
88
263
158
451
135
1
51
182
149
56
141
364
97
202
157
93
169
37
35
86
60
64
149
495
111
199
64
238
138
215
154
326
154
428
91
313
95
112
161
189
159
489
147
413
154
88
41
64
41
34
53
440
129
431
90
189
90
407
96
173
144
318
83
26
111
238
90
396
135
125
42
300
135
364
98
210
42
314
47
382
156
129
44
430
81
272
48
347
53
472
38
58
31
419
82
336
149
154
159
166
110
433
35
12
123
173
78
308
59
396
147
435
54
472
44
478
156
399
159
250
41
250
52
411
68
179
43
193
97
30
165
248
99
371
58
215
100
152
153
72
102
339
51
11
38
256
108
132
60
409
129
494
100
446
103
43
102
41
144
78
101
404
53
304
159
404
58
160
63
236
161
162
55
237
49
296
46
341
67
194
151
159
155
399
134
173
145
380
143
441
84
61
148
477
151
409
158
192
107
440
99
403
61
350
35
88
46
144
159
362
87
160
143
199
149
211
101
95
124
416
161
492
115
422
142
411
58
458
42
327
140
229
96
217
139
447
93
6
61
241
146
86
91
102
158
60
157
148
171
374
45
408
38
486
57
45
145
452
42
25
47
158
79
287
150
96
146
118
93
408
97
466
154
53
45
432
138
145
57
377
146
332
111
150
98
323
141
337
145
12
97
277
53
377
100
76
39
31
58
197
61
281
34
135
54
88
149
478
74
402
48
430
94
305
143
260
110
263
93
73
52
44
160
324
40
272
38
306
106
176
145
492
61
94
158
147
101
317
56
219
42
344
87
438
68
53
53
330
104
398
62
183
136
412
93
459
103
493
149
369
48
9
158
23
40
55
103
224
93
393
51
350
55
32
147
479
152
466
138
63
115
237
108
314
101
474
142
473
36
271
130
341
35
318
95
14
108
310
56
451
65
372
59
377
92
260
38
486
61
304
130
187
155
42
36
113
152
31
134
281
60
444
97
407
60
443
141
416
57
166
51
125
157
87
47
493
47
287
93
382
51
190
147
343
54
332
150
155
48
488
39
205
53
433
48
210
102
79
140
86
38
395
54
116
59
92
48
296
90
140
22
319
111
165
69
10
142
252
95
115
40
140
46
339
22
375
96
427
63
61
114
443
36
403
38
383
56
98
175
147
106
75
94
117
117
295
45
266
87
205
77
323
53
361
98
278
86
212
97
209
63
232
154
47
36
135
110
214
90
400
114
429
151
264
44
470
147
22
114
429
143
52
136
493
118
490
48
221
134
208
142
270
44
299
55
450
164
53
85
206
143
33
50
27
160
242
153
416
151
359
39
397
87
223
97
362
160
387
104
78
93
128
105
448
145
172
98
331
68
86
143
436
152
2
128
137
142
245
29
333
88
443
103
400
98
73
160
6
108
191
166
414
37
306
152
297
40
410
83
377
160
281
79
427
95
311
151
499
101
25
106
378
100
367
148
372
137
304
152
30
92
423
138
275
160
141
57
479
98
240
108
55
154
250
138
474
157
41
174
386
142
61
41
407
151
262
57
158
78
219
142
292
53
140
145
266
123
199
44
375
103
460
155
335
54
497
154
229
62
297
123
375
159
50
149
215
134
58
139
289
40
471
121
405
56
121
144
218
104
388
43
201
112
100
93
128
150
199
98
228
95
365
158
2
99
260
101
455
138
334
159
252
166
145
100
244
34
7
128
77
146
71
100
245
93
319
84
454
138
154
115
451
95
218
156
162
46
476
130
256
49
323
51
82
59
122
142
27
92
346
145
218
47
414
52
347
94
453
49
171
155
484
168
196
104
240
112
265
156
34
137
137
146
336
146
74
74
17
51
283
59
447
98
450
90
349
47
341
36
272
48
203
92
446
57
104
53
456
39
233
95
463
139
94
42
450
109
332
102
43
100
354
40
76
101
68
144
293
103
96
86
2
98
477
103
263
149
436
151
420
145
208
152
166
62
97
37
17
147
494
86
293
54
81
108
93
155
274
40
13
98
450
40
23
140
52
154
474
166
138
42
222
102
364
153
378
50
248
38
369
152
80
143
59
40
265
67
445
155
55
149
319
94
86
146
137
163
165
47
380
49
266
52
446
140
115
153
229
172
152
103
422
157
303
163
416
145
456
158
175
151
239
55
314
101
157
160
260
94
216
158
432
143
32
142
420
155
26
67
299
144
8
106
199
62
245
50
269
153
242
130
87
51
274
93
150
147
98
143
310
49
364
162
326
139
19
156
161
92
11
151
295
40
244
51
74
93
60
68
128
96
111
135
453
96
24
145
38
47
68
120
143
56
100
84
414
103
387
95
88
153
12
47
193
96
433
157
216
153
398
42
482
43
339
45
126
98
170
153
194
148
136
50
328
98
100
44
16
103
199
96
28
87
426
101
283
149
131
94
38
76
351
44
335
56
54
148
494
105
255
139
325
48
437
103
126
90
361
58
99
29
288
92
336
154
190
104
230
153
22
100
22
146
54
66
222
98
300
66
189
112
105
103
345
87
495
135
129
103
87
94
381
87
201
40
119
115
408
106
184
56
101
133
367
160
275
103
220
32
214
108
5
31
342
44
173
93
69
134
213
42
166
43
174
110
53
157
365
53
10
54
112
78
236
51
174
156
124
42
102
50
363
142
187
54
448
50
211
107
305
45
380
149
225
85
6
132
124
99
288
167
134
108
473
153
239
46
76
146
164
149
257
50
271
95
69
30
89
151
53
93
63
102
27
106
115
152
472
163
41
56
68
103
5
32
208
157
4
56
319
95
460
146
51
48
43
42
42
124
281
150
58
42
130
98
117
97
188
62
416
30
395
95
178
156
317
34
132
156
379
82
26
30
120
98
49
146
51
146
233
168
444
62
254
144
464
30
288
148
240
95
82
53
219
165
66
139
42
100
165
48
114
82
383
97
177
145
12
61
149
79
196
86
293
108
188
119
488
39
290
52
107
157
371
156
458
164
63
51
138
64
3
93
196
47
438
146
336
58
38
38
491
161
133
105
490
150
239
50
219
97
327
138
78
143
67
39
258
109
456
56
201
162
108
162
25
42
222
158
457
47
384
65
421
50
275
44
356
103
480
95
102
92
349
160
78
42
198
96
441
94
225
164
260
37
480
156
469
96
136
104
103
104
40
46
450
59
152
102
420
99
483
146
54
47
269
157
105
146
202
43
5
99
82
36
155
48
468
147
307
108
168
138
485
79
438
47
21
49
138
48
47
113
63
43
249
159
126
45
417
60
220
48
473
160
15
97
309
142
132
118
342
45
356
142
354
45
268
149
346
39
313
105
153
44
191
42
265
51
230
51
243
98
355
151
209
87
485
33
252
97
374
146
93
120
328
161
494
46
167
91
118
89
109
72
340
50
367
56
489
159
403
48
466
136
456
149
221
95
446
49
293
29
158
141
32
153
164
151
213
96
457
87
298
90
434
161
272
152
375
80
141
103
213
146
248
60
221
46
86
60
60
49
92
56
43
45
472
146
392
143
347
96
304
55
381
141
368
178
398
133
287
143
237
155
382
97
215
33
181
145
442
123
271
144
247
58
162
20
60
62
411
165
124
105
151
55
375
142
36
44
14
99
482
106
329
153
388
40
203
63
163
60
270
88
254
100
243
142
404
152
247
102
303
48
13
43
389
56
342
106
213
108
270
101
435
56
156
103
494
91
467
105
15
52
494
94
93
159
192
155
392
29
91
111
174
93
129
131
231
58
421
101
162
96
307
114
417
151
234
48
243
51
321
66
432
94
259
133
298
155
449
51
155
104
180
108
147
149
184
92
23
154
9
61
45
158
422
150
353
170
221
38
212
160
252
150
298
53
113
133
286
44
124
146
183
107
117
53
307
95
439
117
91
150
291
160
85
36
187
97
25
54
191
61
193
151
244
56
152
52
478
157
70
114
288
105
295
109
345
142
233
69
157
38
32
116
148
143
156
143
25
150
399
150
417
143
67
149
154
155
426
99
120
84
212
68
491
109
125
132
323
154
420
54
215
98
387
140
206
44
400
97
426
147
21
96
126
56
306
39
135
146
35
153
315
45
496
151
351
145
64
49
63
88
36
77
76
65
216
98
355
156
195
53
334
142
319
48
173
85
358
55
201
55
218
87
65
149
22
150
201
148
50
50
232
110
194
42
386
35
366
81
448
54
491
70
193
54
320
126
41
127
69
35
208
97
191
135
347
153
484
103
156
142
158
63
6
22
441
44
81
143
78
152
136
89
54
51
224
47
334
94
322
56
77
85
127
150
347
148
430
46
338
41
76
141
216
151
136
49
497
92
140
163
398
110
177
147
123
148
123
155
120
52
216
93
317
141
135
91
255
165
236
101
193
97
265
50
416
62
451
140
146
60
349
67
433
146
222
36
75
54
495
101
60
107
218
40
15
105
498
54
405
162
338
103
445
40
335
25
15
41
451
110
62
101
326
42
33
163
283
45
245
101
63
16
65
157
164
86
321
144
203
145
186
35
472
156
197
144
50
153
46
101
399
132
447
102
380
60
386
168
166
53
419
44
378
134
466
47
403
147
2
100
487
153
400
98
364
42
339
94
15
96
31
132
499
37
257
56
140
100
168
105
15
145
305
63
175
44
262
106
169
135
169
150
492
36
112
104
378
40
135
53
376
107
359
113
297
117
447
67
45
116
346
162
274
45
138
42
182
145
69
107
449
128
258
54
446
111
200
159
392
137
225
144
284
66
360
140
447
136
325
55
439
141
125
101
487
167
118
155
89
40
469
149
261
85
279
52
268
48
165
45
282
36
230
93
460
33
113
63
195
97
91
167
226
181
343
107
306
102
57
43
339
109
330
83
60
150
454
88
195
42
310
150
66
117
121
142
466
35
24
137
127
62
187
93
306
37
495
60
447
79
497
151
208
104
271
140
170
107
185
47
141
54
48
45
32
49
180
95
255
120
422
153
106
55
279
45
299
102
253
159
2
109
297
59
366
89
26
150
175
165
188
68
108
136
375
35
416
47
39
137
395
53
199
155
277
143
24
147
6
59
434
57
20
151
299
97
168
121
96
151
455
106
125
142
200
41
496
151
205
100
295
104
131
55
166
42
118
50
466
43
180
137
320
57
403
65
371
85
262
30
75
43
101
146
13
50
105
159
149
50
204
106
186
107
332
42
78
56
129
147
309
110
33
130
391
52
125
151
256
139
458
141
21
102
145
132
497
148
498
56
41
81
342
103
44
39
232
51
310
82
443
38
280
57
315
50
193
100
304
56
2
110
57
88
261
44
42
168
461
142
338
47
164
147
19
59
423
156
438
146
305
43
414
111
406
106
443
82
214
102
358
93
327
96
19
41
358
116
61
141
140
155
97
97
183
65
252
152
327
144
246
115
350
71
279
72
153
41
324
141
175
144
135
98
400
46
143
34
400
47
246
51
311
137
