147 304
697 789
807 907
1046 1174
1584 1647
1953 2001
2435 2550
3015 3122
3271 3355
3414 3516
3789 3845
3933 4032
4045 4196
4221 4288
4755 4801
5297 5349
5558 5654
6122 6275
6439 6481
6755 6840
7323 7385
7679 7740
8100 8204
8447 8596
9080 9257
9479 9581
9788 9936
10079 10183
10205 10355
10816 10919
11157 11198
11660 11813
12117 12186
12493 12538
12737 12795
12858 12967
13350 13422
13746 13888
14035 14176
14430 14595
14823 14915
15374 15531
15805 15973
16325 16448
16876 17021
17349 17411
17671 17817
18257 18305
18761 18811
19078 19119
19186 19237
19363 19403
19561 19628
19933 20019
20358 20416
20879 20936
21431 21573
21616 21725
21864 21904
22273 22429
22813 22899
23128 23224
23635 23681
23810 23858
24144 24287
24780 24885
25344 25447
25592 25707
26002 26116
26410 26537
26575 26677
27070 27236
27420 27496
27825 27872
27997 28094
28305 28332
28386 28428
28791 28824
29033 29081
29105 29261
29611 29718
30022 30144
30238 30281
30368 30509
30673 30765
31255 31401
31533 31686
31785 31834
32225 32260
32433 32572
32783 32826
33009 33157
33322 33379
33822 33977
34335 34479
34860 34950
35374 35524
35697 35865
36361 36463
36881 36973
37292 37402
37812 37912
37943 37992
38025 38122
38447 38591
38993 39096
39221 39326
39822 39973
40006 40115
40355 40446
40909 41053
41094 41143
41422 41532
41976 42127
42237 42341
42416 42461
42637 42684
42891 42995
43143 43244
43419 43465
43670 43728
43885 43937
44252 44397
44867 44922
45002 45151
45269 45426
45861 46011
46460 46502
46681 46717
46858 47028
47478 47536
47904 47954
48118 48186
48319 48428
48648 48709
49012 49168
49236 49332
49568 49728
50072 50238
50615 50670
50882 50991
51237 51319
51807 51960
52338 52381
52625 52786
53276 53425
53577 53674
54015 54110
54290 54342
54830 54873
55048 55115
55519 55624
56085 56183
56549 56594
57038 57084
57197 57244
57530 57689
57796 57936
58251 58365
58803 58953
58959 59076
59250 59347
59442 59500
59564 59648
59698 59788
59812 59907
60254 60410
60487 60597
61066 61125
61414 61520
61749 61786
62235 62398
62697 62850
63305 63462
63938 64041
64382 64471
64616 64708
64983 65134
65135 65172
65546 65698
65797 65844
66109 66139
66242 66343
66364 66463
66477 66615
66649 66789
67114 67252
67305 67408
67429 67581
67885 67929
68225 68376
68414 68506
68819 68863
68959 69117
69402 69456
69925 70079
70177 70346
70456 70508
71000 71088
71572 71664
71951 72007
72349 72383
72444 72599
73011 73098
73508 73607
74060 74167
74291 74391
74603 74660
74667 74758
75203 75344
75773 75910
76344 76512
76527 76675
76704 76759
77051 77206
77588 77700
77843 77936
77991 78088
78465 78621
79009 79156
79449 79561
79938 79992
80393 80555
80628 80776
81139 81237
81570 81656
81714 81864
82300 82354
82451 82603
82696 82755
82761 82865
83005 83111
83403 83565
83748 83899
84230 84316
84641 84781
85089 85238
85711 85857
86288 86344
86487 86588
87081 87237
87634 87695
88176 88276
88520 88667
88836 88975
89096 89165
89450 89560
89998 90087
90212 90295
90686 90828
91056 91161
91643 91697
92191 92298
92633 92685
93027 93080
93316 93429
93705 93839
94258 94311
94697 94857
95063 95219
95528 95679
96001 96104
96159 96201
96246 96290
96473 96514
96720 96762
96977 97120
97320 97470
97817 97969
98101 98187
98443 98598
98867 98949
99196 99305
99584 99681
100060 100165
100182 100331
100534 100578
100848 100885
101308 101410
101607 101690
101926 101966
102167 102266
102762 102879
103143 103181
103468 103622
104090 104200
104657 104759
105249 105340
105653 105800
105895 105989
106139 106250
106537 106622
106892 106990
107218 107317
107506 107568
107575 107668
107903 107958
108347 108496
108657 108745
108979 109013
109350 109387
109449 109494
109847 109984
110333 110496
110689 110730
111058 111157
111617 111640
111703 111805
112075 112171
112175 112307
112558 112651
112933 112989
113187 113240
113374 113485
113851 113907
114074 114237
114536 114623
114858 114948
115125 115274
115473 115577
115629 115734
115843 115984
116302 116420
116871 116928
117163 117271
117360 117455
117505 117657
117958 118066
118456 118557
118739 118878
119049 119138
119455 119600
119956 120063
120534 120650
120905 121068
121375 121536
121565 121613
121945 122093
122388 122539
122563 122710
122953 123117
123311 123414
123597 123637
123886 123950
124011 124042
124416 124553
124715 124820
125111 125151
125266 125404
125628 125731
126140 126174
126254 126354
126499 126548
126752 126898
127236 127376
127584 127728
128199 128292
128423 128475
128732 128801
129110 129203
129554 129712
129873 130027
130100 130145
130248 130385
130487 130593
130657 130796
131126 131181
131649 131694
132114 132161
132641 132741
132887 132949
133003 133155
133616 133765
134020 134174
134247 134380
134411 134459
134535 134576
134753 134801
135229 135320
135371 135397
135649 135737
135745 135792
136017 136174
136600 136745
136951 136998
137477 137580
137783 137875
138280 138329
138547 138661
138796 138847
139255 139296
139719 139877
140066 140216
140426 140588
140960 140994
141224 141379
141755 141885
142299 142343
142632 142729
142919 143031
143278 143383
143604 143697
143952 144123
144547 144687
144919 144961
145314 145404
145571 145720
146098 146250
146637 146793
147179 147279
147445 147603
148051 148203
148556 148605
149008 149114
149474 149611
150068 150135
150352 150498
150638 150690
151109 151239
151659 151697
152171 152314
152542 152657
153033 153132
153426 153538
153717 153819
154229 154368
154671 154740
154988 155148
155308 155448
155944 156049
156257 156370
156504 156561
156609 156727
157097 157183
157242 157292
157456 157599
157693 157815
158105 158163
158608 158730
159186 159343
159579 159623
159790 159955
160094 160202
160616 160665
160898 160988
161204 161298
161652 161703
161717 161885
162352 162516
162785 162832
162887 163036
163171 163268
163621 163784
164013 164127
164350 164482
164685 164728
164991 165134
165596 165759
166256 166410
166519 166564
167030 167137
167216 167307
167520 167671
168051 168156
168560 168598
169006 169104
169396 169563
169774 169822
169958 170108
170482 170541
170561 170603
170788 170956
171353 171460
171615 171657
172150 172301
172380 172472
172923 173078
173136 173267
173603 173667
174079 174196
174369 174479
174718 174889
175388 175552
175598 175686
175749 175896
176315 176466
176766 176821
176888 176949
177042 177149
177522 177668
177933 178039
178238 178377
178523 178628
178995 179054
179490 179535
180028 180144
180565 180721
180759 180894
181076 181149
181470 181625
182068 182202
182232 182379
182491 182596
182970 183109
183270 183430
183856 183947
184328 184429
184560 184701
184943 185097
185116 185154
185438 185487
185718 185860
186287 186379
186653 186748
187159 187199
187595 187745
187879 187930
188143 188194
188440 188578
188849 188897
189212 189288
189565 189719
189809 189911
189948 190072
190122 190272
190515 190650
191123 191241
191513 191629
191810 191871
192196 192344
192812 192964
193101 193194
193686 193784
193880 193940
194134 194242
194697 194736
194873 194933
195219 195362
195525 195569
195649 195758
196093 196183
196522 196588
196661 196693
196718 196868
197286 197444
197469 197622
197901 197994
198383 198540
198718 198806
199087 199190
199518 199662
199970 200019
200202 200261
200475 200632
201059 201150
201507 201556
201952 202015
202024 202175
202184 202325
202474 202637
203035 203133
203180 203243
203310 203466
203835 203948
203954 204108
204297 204450
204539 204563
204747 204864
205275 205434
205762 205880
206035 206130
206446 206482
206802 206953
207172 207323
207543 207634
208122 208223
208550 208636
208721 208812
208911 209055
209108 209143
209248 209381
209661 209768
210164 210212
210249 210316
210810 210871
211153 211252
211605 211649
211900 211939
212078 212171
212262 212296
212534 212696
212891 212992
213127 213269
213725 213888
214086 214139
214422 214559
214731 214792
215287 215330
215610 215703
215971 216018
216358 216397
216500 216645
216976 217144
217634 217694
217872 217915
218046 218187
218448 218554
218692 218756
218777 218950
219000 219137
219382 219481
219970 220108
220188 220282
220586 220689
221000 221109
221603 221641
221791 221832
221952 221993
222373 222411
222789 222836
223046 223085
223097 223258
223325 223486
223682 223834
224121 224256
224358 224468
224521 224607
225103 225154
225569 225663
226121 226210
226282 226323
226438 226499
226642 226750
226868 227039
227176 227259
227569 227696
227807 227845
228309 228376
228773 228916
229391 229508
229827 229875
230094 230238
230386 230539
230585 230628
231030 231084
231211 231353
231490 231634
231774 231915
231990 232133
232496 232544
232976 233045
233132 233232
233348 233398
233651 233768
233957 234072
234391 234548
234634 234735
234789 234840
235301 235360
235608 235683
235890 235982
236304 236366
236572 236671
236942 236980
237074 237217
237484 237531
237604 237697
238140 238193
238672 238723
238922 238969
239162 239233
239340 239486
239951 240045
240354 240502
240958 241073
241318 241347
241455 241607
241750 241839
242311 242456
242691 242778
242787 242889
243309 243412
243817 243972
244012 244063
244523 244641
244884 244976
245151 245252
245298 245438
245509 245666
245865 245905
246401 246493
246774 246876
247362 247502
247900 248043
248213 248277
248560 248659
248809 248856
249006 249065
249118 249221
249719 249818
249914 249967
250370 250424
250484 250547
250751 250902
251056 251146
251572 251682
251957 252115
252128 252281
252490 252629
252645 252700
253080 253215
253347 253399
253551 253641
253942 254098
254281 254446
254745 254894
255106 255269
255320 255351
255431 255591
256084 256181
256417 256444
256784 256881
257252 257355
257447 257585
257763 257926
258140 258254
258396 258547
258887 259035
259421 259529
259656 259714
259763 259812
259899 260043
260228 260343
260607 260707
260790 260945
261198 261233
261412 261462
261947 261983
262124 262224
262619 262756
262839 262982
263476 263577
263787 263900
264325 264385
264838 264902
265241 265346
265735 265797
266056 266169
266543 266684
267158 267206
267258 267321
267730 267895
268100 268250
268335 268442
268481 268547
269038 269185
269669 269722
269723 269826
270142 270195
270541 270645
271140 271239
271492 271560
271774 271862
272257 272413
272600 272649
273126 273258
273425 273571
274020 274169
274555 274688
274763 274816
275200 275225
275569 275628
276024 276074
276251 276296
276518 276662
276740 276792
277208 277263
277458 277507
277936 277999
278251 278353
278520 278621
278901 278957
279357 279399
279837 279886
280189 280272
280660 280713
280745 280798
281159 281247
281406 281447
281841 281968
281983 282079
282288 282401
282462 282553
282662 282805
283160 283221
283289 283377
283529 283622
284040 284105
284417 284519
284793 284834
285091 285237
285437 285526
285922 286022
286323 286431
286505 286543
286671 286762
287078 287179
287334 287475
287969 288072
288502 288539
288764 288833
289225 289280
289431 289573
289875 289928
290413 290497
290588 290688
290813 290980
291407 291440
291479 291631
292073 292121
292205 292233
292699 292792
292868 293021
293216 293269
293374 293521
293969 294104
294450 294499
294667 294751
295020 295182
295448 295557
296035 296081
296371 296433
296484 296629
296744 296896
297059 297114
297446 297496
297906 297964
298034 298138
298302 298359
298399 298437
298503 298592
298889 299049
299192 299247
299320 299374
299808 299894
300324 300365
300664 300809
300816 300931
301021 301118
301288 301425
301779 301868
302237 302291
302757 302916
303135 303199
303526 303640
303837 303983
304320 304368
304456 304505
304542 304694
305115 305265
305447 305594
305962 306114
306542 306673
306693 306793
306898 306957
307260 307363
307813 307971
308115 308264
308555 308612
308738 308793
309078 309143
309562 309733
309941 310113
310224 310371
310608 310716
310719 310820
310846 310955
311036 311174
311659 311700
312061 312207
312292 312391
312784 312894
313084 313228
313556 313613
313618 313776
314273 314414
314755 314845
315294 315391
315753 315838
316079 316124
316350 316438
316920 317034
317530 317633
317836 317958
318410 318559
319007 319170
319173 319340
319508 319664
319939 320020
320259 320292
320763 320892
321180 321346
321797 321947
322268 322421
322424 322489
322753 322855
323057 323214
323557 323663
323731 323881
324227 324371
324584 324683
325140 325244
325653 325780
326035 326161
326363 326420
326899 327005
327426 327578
327683 327787
328231 328290
328323 328352
328714 328868
329219 329358
329423 329515
329629 329778
330131 330278
330777 330929
331060 331151
331491 331637
331829 331982
332045 332190
332456 332505
332819 332973
333243 333396
333669 333836
333937 333974
334113 334217
334459 334494
334562 334713
335120 335171
335659 335806
336001 336051
336322 336418
336779 336911
337367 337416
337733 337848
337859 337898
337921 338039
338114 338201
338417 338498
338957 339116
339127 339188
339223 339272
339449 339545
339612 339744
339791 339830
339950 339989
340038 340184
340461 340564
340956 341090
341346 341495
341595 341648
341939 342069
342117 342224
342383 342486
342634 342678
342941 342987
343306 343438
343913 344061
344404 344559
344652 344708
345108 345242
345643 345691
346122 346150
346415 346555
346820 346973
347411 347449
347733 347784
348127 348289
348755 348882
349017 349117
349197 349258
349672 349728
350176 350285
350738 350883
351339 351381
351737 351839
352007 352039
352488 352576
352820 352918
353295 353465
353884 353945
354257 354420
354576 354625
354976 355086
355579 355601
355888 355940
356080 356222
356429 356484
356806 356861
357347 357408
357524 357682
358051 358159
358296 358390
358637 358786
359130 359221
359635 359787
359983 360081
360324 360431
360459 360498
360622 360668
360707 360857
361303 361371
361665 361714
361962 362019
362250 362393
362705 362800
363139 363228
363460 363537
363774 363927
364197 364343
364435 364597
364973 365053
365196 365346
365584 365637
365993 366128
366543 366580
366728 366796
366866 366912
367343 367500
367657 367752
367774 367927
368167 368210
368549 368706
368863 368909
369072 369163
369587 369736
369934 369975
370144 370190
370268 370424
370920 371004
371327 371497
371588 371642
371803 371863
372031 372129
372549 372656
372717 372786
372943 372996
373116 373237
373596 373645
374031 374125
374507 374660
375031 375131
375327 375380
375503 375645
375971 376086
376198 376298
376661 376743
376912 377028
377103 377253
377482 377567
378014 378082
378304 378400
378872 379015
379417 379468
379531 379631
379807 379856
380195 380344
380380 380471
380755 380824
381032 381137
381143 381206
381658 381812
382052 382087
382188 382238
382606 382739
383135 383251
383511 383575
383583 383681
383710 383764
383853 383891
383971 384017
384221 384303
384323 384374
384797 384838
385330 385449
385602 385708
386064 386156
386501 386648
386940 386991
387143 387190
387213 387257
387481 387533
387900 388038
388286 388383
388840 388885
389322 389361
389801 389829
390190 390240
390477 390574
391047 391101
391154 391201
391340 391389
391559 391670
392142 392191
392348 392443
392692 392847
393139 393305
393603 393740
394048 394214
394476 394629
394950 394998
395072 395124
395365 395528
395692 395734
396083 396178
396272 396373
396695 396782
396802 396917
397184 397243
397421 397586
398044 398083
398097 398248
398557 398694
398811 398926
398970 399117
399616 399777
400239 400333
400351 400476
400801 400945
400961 401111
401462 401600
401918 402053
402296 402402
402828 402928
403059 403093
403522 403566
403971 404028
404199 404252
404733 404828
404901 405010
405023 405120
405492 405546
405846 405998
406223 406315
406338 406431
406818 406921
407012 407072
407131 407277
407482 407525
407807 407945
408227 408333
408439 408601
408669 408733
409013 409112
409571 409661
409965 410105
410529 410626
410784 410836
411305 411460
411743 411793
412059 412159
412200 412311
412799 412946
413111 413259
413711 413808
413830 413930
414173 414276
414477 414581
414928 414965
415112 415256
415329 415486
415688 415833
416287 416388
416590 416636
416755 416806
416977 417118
417605 417706
418203 418257
418314 418363
418713 418765
419179 419334
419677 419729
419891 420038
420377 420522
420736 420833
420979 421045
421425 421479
421852 422000
422169 422260
422673 422774
423043 423201
423518 423653
423847 423885
424088 424119
424121 424230
424667 424820
424994 425087
425100 425234
425243 425276
425620 425781
426207 426241
426360 426413
426763 426800
426987 427040
427497 427553
427827 427990
428298 428364
428779 428896
429329 429482
429804 429965
430067 430179
430518 430662
430884 430983
431383 431539
432038 432088
432335 432450
432679 432827
432941 432975
433402 433486
433727 433776
434268 434449
434598 434747
435122 435222
435559 435658
436131 436242
436560 436711
436909 436962
437023 437183
437474 437583
437782 437929
437998 438152
438385 438423
438496 438641
438911 438962
439085 439234
439633 439772
439918 440068
440447 440588
440667 440825
440869 440924
440969 441007
441323 441386
441702 441824
442206 442269
442508 442654
443062 443110
443522 443588
443955 444111
444449 444499
444727 444833
445119 445152
445592 445639
446067 446107
446335 446371
446441 446549
446590 446736
447097 447150
447569 447718
447752 447798
447900 447956
448180 448286
448774 448931
449142 449290
449717 449775
450263 450320
450357 450498
450857 450961
451358 451514
451944 451984
452111 452180
452469 452516
452983 453022
453247 453345
453571 453666
454144 454288
454294 454442
454478 454642
454794 454892
454991 455104
455269 455331
455400 455449
455571 455680
455835 455935
456253 456416
456548 456654
456932 457092
457398 457464
457812 457840
458098 458169
458321 458467
458547 458597
458706 458734
458904 458954
459012 459191
459690 459845
459886 459977
460039 460089
460231 460280
460394 460437
460516 460558
460711 460763
460844 461002
461107 461188
461488 461586
461853 461893
462139 462200
462577 462678
463157 463198
463436 463585
463615 463782
463895 463954
464019 464084
464457 464611
464896 464999
465187 465328
465543 465638
465649 465706
465841 465985
466036 466125
466305 466361
466546 466582
466922 466961
467203 467286
467453 467546
467605 467697
467834 467877
468067 468215
468674 468829
469270 469380
469734 469894
470190 470289
470516 470570
471047 471080
471514 471600
471793 471955
472213 472324
472395 472547
472631 472673
472785 472936
473161 473204
473684 473785
473929 474085
474189 474284
474494 474582
475031 475178
475203 475350
475435 475486
475984 476034
476271 476331
476827 476980
477259 477348
477407 477508
477900 478034
478335 478472
478797 478825
479214 479264
479515 479666
479872 479922
480394 480501
480582 480731
480880 480980
481393 481453
481638 481744
482211 482320
482489 482535
482743 482787
482849 483007
483387 483530
483697 483802
483857 484019
484108 484272
484551 484644
485018 485122
485159 485204
485578 485723
485914 486065
486130 486283
486767 486928
487135 487186
487394 487445
487659 487756
488009 488080
488267 488312
488691 488837
488853 488999
489085 489183
489316 489423
489628 489699
490132 490282
490399 490446
490859 490993
491335 491402
491719 491875
492128 492291
492704 492861
492922 493069
493446 493544
493949 494042
494502 494559
494722 494813
495097 495245
495311 495446
495913 496057
496363 496474
496609 496755
496836 496877
497212 497318
497387 497452
497883 497923
498353 498508
498722 498812
499020 499073
499302 499412
499700 499805
500163 500319
500385 500534
500595 500666
500927 501070
501468 501566
501804 501955
502321 502382
502406 502546
502628 502687
503119 503257
503733 503842
504151 504298
504636 504793
504887 504977
505241 505299
505726 505820
506011 506114
506391 506489
506902 506934
507189 507280
507649 507688
507869 507956
508263 508426
508812 508954
509010 509051
509060 509152
509494 509613
509753 509852
509948 510085
510476 510515
510792 510828
511184 511228
511589 511756
512100 512177
512327 512373
512580 512660
512767 512905
512946 513091
513507 513661
514115 514273
514465 514578
514752 514807
514864 514959
515109 515171
515210 515257
515385 515489
515613 515765
516158 516314
516370 516413
516533 516631
516756 516814
517029 517085
517363 517407
517825 517892
518137 518292
518679 518791
518927 518989
519088 519124
519276 519321
519439 519487
519625 519722
520106 520249
520550 520655
521002 521052
521345 521386
521604 521659
522075 522126
522591 522703
522937 522982
523442 523563
523661 523803
524200 524244
524292 524388
524479 524522
524688 524834
525193 525292
525485 525649
526146 526191
526300 526448
526938 527095
527135 527268
527618 527734
528082 528174
528304 528399
528589 528748
528751 528896
529335 529416
529617 529719
529851 529954
530112 530156
530158 530210
530648 530785
530870 531024
531289 531389
531737 531870
531884 532042
532237 532387
532524 532676
532981 533128
533213 533268
533735 533852
534342 534440
534833 534981
535054 535160
535288 535340
535830 535880
536141 536254
536582 536724
537004 537041
537476 537637
537739 537831
538306 538454
538891 538971
539411 539514
539797 539949
540059 540214
540236 540290
540455 540554
540851 540998
541420 541570
541821 541977
542280 542338
542346 542506
542915 543006
543456 543518
543956 544100
544308 544418
544875 544963
545314 545433
545549 545585
546026 546097
546561 546717
546775 546859
547242 547386
547744 547852
548301 548384
548850 548943
549071 549207
549417 549453
549854 549953
550317 550470
550931 551042
551080 551119
551242 551389
551462 551565
551656 551774
552091 552153
552334 552479
552630 552772
552841 552903
552905 553014
553245 553321
553731 553867
554168 554276
554297 554343
554503 554541
554837 554935
555377 555527
555772 555822
556101 556235
556434 556548
556730 556886
556991 557095
557415 557560
557565 557654
558071 558175
558578 558641
559062 559109
559527 559594
560011 560155
560335 560368
560578 560683
561039 561080
561145 561290
561519 561643
561747 561891
562072 562109
562601 562640
563025 563061
563552 563695
564140 564293
564599 564731
564848 564897
565277 565374
565377 565519
565566 565698
566109 566156
566621 566769
567243 567343
567413 567511
567642 567708
567990 568130
568482 568624
568935 569025
569368 569429
569504 569645
569944 570099
570509 570642
570696 570747
571079 571242
571463 571632
571680 571728
571918 571971
572117 572216
572656 572739
572757 572904
573094 573246
573305 573458
573563 573702
573975 574068
574233 574367
574570 574660
574752 574897
575075 575208
575667 575773
575912 576004
576326 576476
576846 576899
576902 576946
577279 577404
577817 577976
578207 578370
578449 578595
578621 578770
579032 579135
579555 579614
579638 579790
580112 580265
580710 580785
580920 581080
581371 581418
581563 581657
581786 581839
582112 582262
582514 582579
582781 582917
583224 583382
583800 583927
584035 584191
584447 584494
584579 584624
584764 584872
584988 585093
585265 585355
585733 585877
585896 586034
586444 586587
586759 586900
587259 587360
587607 587701
588160 588209
588259 588405
588761 588862
589315 589370
589773 589820
590174 590275
590383 590425
590557 590621
590780 590822
591178 591278
591462 591611
592037 592128
592330 592423
592644 592797
593292 593344
593443 593552
593926 593968
594110 594143
594541 594705
594754 594816
594920 595025
595339 595469
595637 595725
596024 596130
596286 596335
596777 596865
596908 596993
597229 597321
597376 597464
597615 597762
598183 598328
598473 598631
599021 599056
599365 599476
599826 599927
600175 600307
600755 600844
601047 601197
601472 601514
601718 601817
602193 602345
602622 602726
602831 602977
603257 603409
603487 603635
603693 603794
603806 603970
604449 604551
604761 604910
604931 605070
605177 605244
605583 605644
606076 606235
606483 606635
606882 606960
607285 607430
607725 607769
608235 608283
608603 608701
609109 609163
609365 609403
609732 609793
610015 610182
610402 610546
611004 611098
611128 611289
611705 611753
611984 612125
612135 612179
612573 612718
613037 613127
613347 613487
613488 613584
613996 614049
614360 614395
614668 614782
615081 615182
615374 615478
615936 615998
616153 616184
616461 616607
616866 616924
617158 617200
617240 617388
617402 617450
617843 617987
618364 618422
618490 618552
618646 618808
619024 619166
619181 619236
619619 619676
619774 619867
620307 620345
620702 620767
621153 621298
621335 621377
621586 621670
622149 622210
622677 622778
623266 623424
623585 623632
623793 623848
624280 624365
624419 624585
625068 625232
625633 625685
625938 626090
626145 626233
626603 626707
627145 627203
627269 627309
627475 627636
627920 628016
628127 628171
628288 628387
628780 628831
629301 629364
629818 629913
630362 630403
630507 630549
630720 630806
630874 630976
631240 631341
631631 631737
631949 632115
632278 632442
632562 632702
632922 633010
633103 633246
633538 633587
633724 633809
634277 634383
634751 634803
635135 635237
635420 635586
635793 635900
636272 636313
636458 636594
636873 636965
637240 637385
637652 637747
637760 637812
637853 637918
638125 638220
638680 638833
639126 639181
639401 639436
639843 639938
639953 640094
640362 640421
640680 640788
640918 641012
641474 641625
642018 642123
642498 642643
643035 643178
643377 643525
643686 643723
644109 644165
644478 644634
644679 644719
645019 645182
645530 645586
645985 646071
646129 646293
646555 646711
646802 646849
647140 647288
647467 647612
647818 647938
648247 648358
648743 648886
648891 648984
649330 649440
649913 649971
650032 650126
650233 650346
650428 650474
650623 650678
650875 650934
651367 651470
651761 651851
652073 652125
652246 652400
652673 652762
652827 652923
653330 653442
653710 653769
654036 654176
654578 654716
654805 654902
655100 655159
655657 655762
656020 656119
656200 656280
656515 656603
656779 656924
657157 657294
657696 657740
657792 657834
658259 658303
658549 658700
659011 659165
659492 659583
659688 659841
660165 660207
660682 660781
661098 661154
661587 661736
662182 662295
662667 662741
662979 663135
663389 663439
663701 663739
664052 664088
664114 664207
664484 664526
664670 664703
665202 665265
665285 665387
665465 665583
665584 665653
666048 666093
666357 666419
666686 666784
666989 667107
667411 667519
667981 668114
668142 668188
668408 668564
668732 668842
669099 669188
669490 669590
669820 669972
670302 670395
670823 670952
671041 671137
671522 671623
671738 671788
672068 672213
672432 672512
672632 672737
673230 673373
673716 673866
674055 674170
674278 674384
674465 674509
674941 675041
675064 675172
675620 675782
676135 676184
676481 676593
676671 676823
677206 677343
677593 677685
677726 677761
677780 677875
678089 678142
678164 678219
678504 678557
678887 679031
679442 679496
679835 679991
680185 680282
680767 680815
681202 681294
681354 681507
681762 681862
682004 682162
682626 682730
682969 683087
683551 683599
683790 683931
684244 684333
684529 684616
684747 684806
684985 685047
685468 685622
685920 685961
686035 686117
686298 686404
686757 686850
687042 687103
687419 687516
687884 687975
688299 688448
688587 688656
688821 688855
688859 688919
688922 689005
689341 689396
689444 689594
689859 690002
690009 690101
690385 690491
690742 690794
690823 690920
691171 691228
691395 691485
691687 691804
692118 692289
692523 692630
692866 692964
693108 693262
693506 693613
693840 694000
694284 694437
694861 695014
695211 695259
695736 695834
695919 696078
696320 696369
696622 696769
697182 697250
697614 697657
697794 697888
698163 698263
698531 698684
698691 698768
699165 699224
699287 699324
699410 699470
699806 699971
700162 700210
700544 700688
700766 700910
700997 701108
701478 701624
701857 701903
702148 702191
702225 702282
702326 702478
702738 702803
703096 703153
703366 703414
703546 703685
704008 704058
704521 704625
705026 705167
705239 705301
705749 705790
706136 706195
706214 706263
706284 706360
706392 706554
706925 707080
707153 707298
707773 707799
708129 708240
708374 708534
708831 708887
709133 709176
709549 709589
709986 710082
710110 710127
710448 710496
710867 711008
711322 711410
711503 711658
712137 712188
712574 712622
713015 713166
713265 713317
713377 713405
713484 713554
713790 713886
713887 713948
714371 714477
714608 714694
715123 715276
715478 715633
716002 716110
716422 716570
716905 717050
717312 717460
717820 717931
718022 718123
718449 718580
718733 718786
719115 719217
719359 719498
719958 720043
720351 720404
720576 720727
720728 720830
721254 721375
721638 721689
721991 722085
722184 722205
722347 722505
722568 722615
722621 722726
722814 722924
723004 723156
723525 723624
723928 724068
724162 724274
724488 724593
724861 724924
725349 725443
725580 725662
725789 725829
725914 726014
726187 726239
726581 726738
727187 727349
727460 727598
727700 727800
727928 728081
728384 728531
728742 728843
728966 729017
729498 729665
729853 729916
730363 730515
730812 730864
731276 731381
731508 731663
731958 732055
732225 732270
732330 732387
732411 732468
732869 732911
733371 733511
733832 733892
733987 734042
734448 734533
734571 734622
734822 734967
735456 735615
736069 736114
736597 736623
736677 736830
736995 737048
737050 737217
737571 737720
737926 738094
738252 738402
738872 738964
739105 739250
739333 739453
739935 740034
740330 740481
740971 741134
741270 741334
741364 741402
741578 741635
741984 742028
742487 742537
742680 742833
742983 743035
743488 743593
743887 743921
744303 744393
744723 744789
745002 745095
745174 745215
745513 745613
745883 746036
746184 746291
746385 746476
746581 746724
746942 746981
747350 747447
747712 747863
748175 748336
748471 748527
748959 749110
749226 749271
749651 749800
750213 750316
750743 750799
751207 751356
751629 751732
751894 751935
751982 752125
752405 752510
753001 753058
753314 753454
753686 753839
753853 753910
754238 754277
754641 754690
754784 754829
755239 755383
755870 756017
756372 756525
756848 756975
757286 757443
757617 757757
758082 758210
758476 758545
758767 758800
759251 759354
759736 759846
759888 760037
760169 760264
760730 760819
761086 761137
761187 761248
761455 761604
761928 761972
762409 762571
763045 763114
763177 763316
763800 763939
764283 764433
764434 764594
765028 765134
765232 765378
765802 765894
766311 766470
766916 767019
767273 767374
767720 767873
768264 768357
768769 768808
769254 769399
769798 769851
770322 770427
770633 770780
771205 771269
771287 771322
771362 771412
771773 771878
772003 772101
772354 772511
772838 772949
773191 773240
773362 773456
773860 773945
773965 774063
774146 774221
774295 774338
774699 774746
775087 775111
775350 775438
775904 776068
776428 776530
776653 776782
777122 777229
777396 777450
777457 777548
777903 778004
778499 778550
778967 779074
779510 779650
779679 779717
780024 780069
780115 780268
780687 780853
781160 781244
781650 781698
782115 782161
782398 782492
782744 782894
783051 783200
783331 783433
783491 783586
783835 783868
783959 784113
784507 784633
784806 784950
785335 785484
785936 786041
786531 786642
787038 787194
787527 787626
788051 788100
788432 788541
788864 788915
789228 789275
789350 789508
789955 790117
790179 790272
790474 790617
790846 790951
790953 791055
791507 791562
791734 791836
791919 792006
792247 792345
792597 792748
792950 793089
793489 793635
794012 794125
794396 794488
794894 794970
795059 795198
795251 795401
795631 795720
795943 795999
796183 796343
796755 796911
796959 797058
797254 797334
797806 797953
798127 798181
798614 798712
799061 799125
799369 799512
800009 800161
800263 800373
800584 800633
800822 800883
801199 801244
801286 801326
801382 801471
801610 801657
802055 802198
802622 802719
803208 803242
803377 803485
803622 803783
803786 803838
804085 804238
804615 804774
805215 805313
805704 805868
806275 806383
806674 806726
806906 806945
807387 807539
807620 807771
808166 808244
808499 808555
808957 809106
809408 809538
809616 809662
809749 809866
810178 810287
810297 810443
810650 810713
811153 811280
811760 811900
812120 812271
812484 812639
812912 813028
813177 813235
813384 813435
813597 813645
814022 814159
814331 814483
814500 814654
814686 814751
815024 815083
815456 815619
815997 816022
816168 816304
816383 816538
816568 816614
816929 817033
817505 817547
817807 817947
818215 818264
818544 818591
818728 818841
819269 819379
819397 819455
819804 819943
820424 820574
820924 820973
821237 821293
821696 821749
821981 822066
822206 822258
822721 822821
822994 823101
823446 823492
823822 823924
824030 824128
824416 824589
824863 825000
825032 825085
825351 825500
825989 826096
826161 826201
826577 826734
827054 827204
827504 827591
827609 827763
828125 828259
828678 828791
828940 829052
829174 829331
829465 829519
829542 829653
829680 829728
830103 830246
830305 830350
830748 830799
830897 830999
831446 831524
831884 831992
832376 832524
832775 832908
833047 833103
833430 833520
833808 833847
834295 834390
834649 834701
834814 834853
835012 835056
835481 835638
835662 835706
835770 835933
836154 836310
836321 836431
836908 837006
837214 837314
837507 837658
837921 837956
838170 838260
838464 838616
838807 838852
839021 839158
839220 839384
839545 839642
840083 840157
840336 840500
840611 840749
840826 840914
841221 841382
841677 841820
842034 842169
842641 842689
842849 842997
843375 843464
843849 843954
844118 844231
844611 844651
844877 845027
845276 845415
845537 845680
845765 845909
846225 846278
846646 846692
847039 847135
847554 847714
847928 847972
848199 848348
848608 848755
849112 849212
849611 849675
850145 850293
850444 850560
850715 850812
850971 851114
851226 851283
851776 851888
852175 852217
852620 852657
853128 853281
853603 853643
853865 854021
854189 854322
854627 854770
855027 855174
855500 855660
855706 855851
856093 856139
856182 856214
856567 856729
857061 857101
857394 857538
857864 857967
858053 858141
858209 858249
858556 858592
859054 859105
859151 859255
859532 859563
859945 860031
860340 860498
860761 860907
861190 861343
861793 861952
862116 862162
862350 862454
862865 863025
863286 863454
863931 864047
864272 864424
864463 864556
864974 865076
865504 865642
865829 865869
865965 866115
866240 866340
866719 866760
866839 866980
867394 867553
868051 868190
868198 868341
868784 868840
869302 869348
869746 869908
870155 870210
870582 870681
871144 871289
871372 871511
871671 871781
872223 872392
872584 872637
872638 872737
872926 873094
873388 873486
873861 873947
874345 874404
874445 874586
874952 875057
875341 875388
875587 875632
875844 875935
876233 876311
876402 876508
877004 877065
877489 877534
877713 877825
878103 878163
878547 878654
879018 879072
879115 879270
879489 879537
879942 880087
880553 880701
880924 881025
881195 881244
881516 881605
881621 881782
882012 882161
882394 882528
882834 882896
882922 883008
883411 883519
883835 883957
884430 884581
884975 885110
885126 885270
885530 885625
885921 885980
886458 886555
886588 886739
887064 887124
887550 887611
887918 887971
888254 888392
888710 888860
889150 889309
889430 889484
889556 889651
889842 889972
890393 890437
890631 890680
891016 891174
891581 891627
891928 891989
892390 892449
892688 892791
893246 893308
893369 893536
893987 894159
894329 894386
894560 894700
894956 895066
895225 895332
895772 895932
896132 896278
896402 896547
896724 896889
896983 897025
897505 897643
897983 898027
898456 898603
899015 899162
899648 899707
899852 900004
900222 900319
900758 900817
900926 901030
901469 901570
902046 902094
902500 902543
902926 903065
903546 903669
904024 904139
904355 904466
904760 904897
905195 905247
905286 905436
905768 905852
906177 906226
906378 906524
906575 906731
907165 907269
907485 907635
907669 907782
908220 908366
908770 908858
908885 908986
909484 909590
909696 909851
909930 910038
910334 910431
910544 910659
910935 911085
911321 911459
911549 911713
911952 912053
912236 912388
912713 912813
912951 913090
913181 913236
913728 913868
914237 914333
914617 914714
914761 914919
915169 915279
915533 915576
916021 916088
916555 916651
916674 916723
916753 916811
916854 917010
917301 917456
917667 917833
918096 918248
918505 918559
918646 918739
919127 919175
919313 919365
919417 919468
919576 919724
920151 920206
920693 920849
921046 921215
921431 921524
921807 921941
922140 922190
922630 922734
923092 923250
923364 923536
923624 923683
923880 924018
924155 924209
924313 924396
924593 924638
924905 924946
925029 925078
925092 925138
925490 925550
925731 925795
925936 925992
926315 926412
926717 926809
927009 927070
927443 927594
927679 927830
928143 928291
928638 928784
929071 929166
929366 929470
929516 929628
929724 929771
929778 929814
930269 930321
930727 930885
931012 931118
931298 931342
931500 931595
931964 932060
932108 932148
932623 932778
933207 933348
933554 933644
933983 934031
934229 934336
934610 934712
935210 935310
935357 935487
935611 935656
935919 936026
936301 936405
936569 936607
936871 936908
937348 937454
937787 937936
938053 938204
938224 938266
938698 938853
938952 939041
939233 939335
939437 939588
939695 939842
940084 940134
940218 940253
940544 940594
940673 940771
941240 941395
941638 941730
941771 941864
942182 942327
942367 942518
942673 942843
943096 943232
943500 943603
944063 944113
944360 944457
944559 944705
945140 945245
945539 945595
946037 946180
946663 946831
946921 947060
947399 947538
947811 947927
948349 948435
948585 948658
948990 949141
949245 949345
949391 949498
949506 949544
949757 949801
949889 950041
950298 950344
950470 950495
950961 951005
951344 951398
951447 951501
951920 951967
952464 952524
952985 953068
953296 953333
953801 953847
954330 954387
954449 954503
954861 954967
955441 955597
955627 955778
955920 955966
956392 956439
956789 956948
957303 957399
957627 957670
957689 957825
958135 958245
958634 958742
958974 959058
959546 959701
960099 960249
960715 960855
961102 961207
961592 961649
961937 961996
962149 962263
962693 962742
962780 962841
963305 963438
963480 963530
963723 963882
963954 964050
964362 964513
964964 965056
965486 965573
965628 965770
966136 966234
966408 966515
966970 967002
967270 967326
967567 967636
967980 968121
968160 968218
968290 968420
968909 968945
968981 969032
969301 969350
969363 969522
969856 970013
970186 970274
970346 970500
970672 970818
970908 970967
971009 971063
971078 971178
971299 971420
971547 971659
971996 972040
972277 972398
972559 972718
973119 973164
973275 973335
973667 973722
974214 974354
974826 974966
975200 975340
975501 975554
975608 975715
975981 976043
976354 976512
976964 977014
977158 977289
977432 977585
977867 977899
978237 978275
978690 978814
979230 979299
979642 979693
980150 980291
980360 980499
980582 980746
981175 981214
981500 981653
981694 981789
982127 982225
982374 982464
982599 982653
982895 982958
983195 983239
983472 983533
983814 983866
984314 984448
984826 984966
985005 985094
985552 985628
985642 985742
986020 986057
986511 986661
986881 987034
987321 987357
987414 987573
987944 988093
988397 988556
988615 988752
988765 988913
989195 989340
989604 989644
989718 989881
990101 990154
990281 990357
990612 990715
991096 991245
991501 991597
991973 992111
992488 992534
992613 992657
992747 992861
993004 993150
993291 993335
993489 993633
993909 994063
994554 994662
994769 994806
994950 995061
995451 995552
995935 996048
996089 996149
996304 996344
996388 996437
996581 996680
996724 996769
997173 997264
997361 997409
997772 997811
997875 998011
998253 998402
998559 998700
998771 998921
999201 999342
999628 999682
999743 999778
1000157 1000241
1000506 1000604
1001004 1001071
1001375 1001416
1001820 1001905
1002152 1002207
1002551 1002669
1002986 1003129
1003519 1003665
1004003 1004121
1004511 1004603
1005043 1005141
1005501 1005597
1006038 1006129
1006534 1006637
1006845 1006993
1007249 1007297
1007605 1007705
1007949 1007996
1008454 1008568
1008852 1008893
1009348 1009460
1009798 1009938
1010244 1010407
1010854 1010998
1011097 1011259
1011398 1011456
1011818 1011930
1012401 1012457
1012814 1012934
1013425 1013519
1013838 1013889
1014320 1014460
1014665 1014764
1015210 1015375
1015454 1015559
1015725 1015831
1015952 1016039
1016513 1016674
1016892 1016993
1017000 1017036
1017395 1017455
1017529 1017632
1017841 1017945
1017961 1018078
1018358 1018411
1018839 1018900
1019118 1019231
1019459 1019504
1019566 1019598
1019684 1019839
1020058 1020159
1020565 1020711
1020886 1021005
1021228 1021258
1021491 1021637
1022042 1022194
1022689 1022779
1023072 1023114
1023263 1023354
1023835 1023878
1024331 1024383
1024499 1024551
1024801 1024843
1025123 1025274
1025771 1025867
1026267 1026376
1026568 1026627
1026922 1027055
1027235 1027329
1027365 1027459
1027928 1027962
1028264 1028353
1028368 1028469
1028889 1028971
1029384 1029529
1029679 1029826
1030146 1030290
1030513 1030569
1030698 1030809
1031120 1031174
1031202 1031352
1031744 1031803
1031957 1032057
1032297 1032336
1032563 1032600
1032976 1033140
1033540 1033578
1033724 1033813
1034008 1034164
1034596 1034645
1034709 1034849
1035067 1035113
1035510 1035565
1035773 1035934
1036105 1036160
1036326 1036414
1036705 1036849
1037194 1037343
1037775 1037869
1037985 1038135
1038444 1038495
1038617 1038657
1038910 1039013
1039376 1039490
1039871 1040026
1040299 1040382
1040813 1040844
1041194 1041251
1041336 1041484
1041592 1041686
1041926 1041974
1042047 1042097
1042512 1042645
1042862 1042900
1042936 1043055
1043524 1043622
1043707 1043825
1043879 1043927
1043949 1044004
1044363 1044424
1044476 1044620
1044821 1044862
1045220 1045365
1045850 1045996
1046218 1046269
1046593 1046742
1047118 1047173
1047508 1047556
1047973 1048086
1048516 1048673
1049120 1049214
1049471 1049566
1049923 1050014
1050291 1050327
1050669 1050808
1051098 1051140
1051392 1051543
1051927 1052011
1052402 1052493
1052990 1053052
1053117 1053272
1053558 1053604
1053777 1053821
1053832 1053918
1053923 1053984
1054094 1054229
1054460 1054566
1054973 1055013
1055379 1055463
1055850 1055908
1055959 1056111
1056252 1056339
1056640 1056743
1057229 1057392
1057471 1057552
1057603 1057701
1057845 1057941
1058028 1058185
1058422 1058569
1058654 1058702
1058950 1058995
1059183 1059280
1059372 1059528
1059674 1059817
1060088 1060255
1060438 1060533
1060931 1061078
1061384 1061534
1061549 1061586
1062026 1062072
1062386 1062532
1062990 1063088
1063156 1063245
1063367 1063518
1063699 1063838
1063910 1064066
1064216 1064367
1064866 1064965
1064971 1065130
1065264 1065371
1065729 1065878
1066129 1066297
1066473 1066514
1066794 1066833
1067068 1067119
1067444 1067489
1067942 1067999
1068483 1068621
1069021 1069124
1069161 1069271
1069609 1069664
1069977 1070033
1070384 1070544
1070670 1070777
1071185 1071243
1071603 1071738
1071775 1071826
1072014 1072125
1072243 1072319
1072419 1072532
1072914 1073060
1073388 1073495
1073942 1074001
1074493 1074645
1075123 1075157
1075188 1075297
1075577 1075661
1075835 1075904
1075949 1076057
1076437 1076542
1076691 1076746
1077125 1077272
1077358 1077517
1077720 1077807
1078153 1078295
1078336 1078385
1078559 1078605
1078956 1079061
1079082 1079227
1079526 1079624
1079664 1079697
1080034 1080095
1080152 1080214
1080687 1080840
1080864 1081011
1081299 1081407
1081651 1081803
1082287 1082390
1082778 1082832
1083234 1083382
1083832 1083985
1084026 1084170
1084375 1084525
1084965 1085072
1085324 1085432
1085771 1085819
1085937 1086035
1086500 1086530
1086965 1087114
1087157 1087250
1087527 1087671
1088019 1088165
1088384 1088546
1088998 1089042
1089097 1089204
1089256 1089310
1089802 1089852
1090273 1090417
1090745 1090903
1091116 1091280
1091401 1091550
1091944 1092085
1092151 1092185
1092530 1092677
1093174 1093266
1093488 1093644
1094032 1094080
1094338 1094440
1094543 1094695
1094717 1094880
1095157 1095258
1095337 1095484
1095495 1095593
1095712 1095807
1095936 1095985
1096009 1096065
1096074 1096175
1096394 1096500
1096585 1096642
1097070 1097117
1097231 1097279
1097568 1097664
1098156 1098319
1098762 1098798
1098814 1098913
1099216 1099252
1099725 1099863
1099958 1100098
1100156 1100305
1100445 1100583
1100884 1101043
1101283 1101422
1101506 1101575
1102074 1102171
1102287 1102394
1102547 1102701
1102966 1103069
1103307 1103459
1103460 1103619
1103819 1103933
1104323 1104421
1104499 1104557
1104756 1104920
1105384 1105515
1105573 1105724
1105819 1105961
1106446 1106548
1106701 1106744
1106883 1106924
1107124 1107187
1107315 1107345
1107652 1107813
1108248 1108396
1108592 1108642
1108988 1109058
1109529 1109638
1109648 1109707
1109797 1109931
1110372 1110430
1110902 1110990
1111124 1111273
1111597 1111752
1112170 1112324
1112526 1112652
1112961 1113113
1113266 1113409
1113489 1113642
1114104 1114258
1114739 1114883
1114983 1115080
1115256 1115303
1115426 1115508
1115722 1115867
1116192 1116236
1116246 1116389
1116578 1116627
1116795 1116909
1116985 1117040
1117512 1117604
1117898 1118040
1118286 1118372
1118446 1118550
1118945 1118987
1119262 1119351
1119797 1119849
1120026 1120110
1120372 1120462
1120576 1120675
1120752 1120808
1121221 1121316
1121389 1121473
1121683 1121714
1122033 1122075
1122239 1122336
1122709 1122765
1123223 1123265
1123436 1123569
1123774 1123931
1124254 1124432
1124438 1124616
1124829 1124980
1125065 1125203
1125473 1125584
1125763 1125824
1126150 1126190
1126220 1126302
1126557 1126651
1126871 1126927
1126954 1127038
1127347 1127407
1127561 1127710
1128084 1128170
1128604 1128632
1128650 1128706
1128833 1128893
1129308 1129369
1129660 1129825
1129837 1129986
1130106 1130199
1130392 1130560
1130877 1130986
1131338 1131432
1131724 1131771
1131805 1131922
1132173 1132258
1132279 1132338
1132358 1132407
1132719 1132833
1132903 1132964
1133388 1133509
1133786 1133824
1133939 1134037
1134433 1134523
1135022 1135174
1135374 1135430
1135798 1135915
1136248 1136351
1136553 1136701
1137049 1137214
1137242 1137404
1137603 1137761
1138257 1138300
1138428 1138532
1138856 1138949
1139160 1139305
1139454 1139508
1139917 1140067
1140197 1140283
1140513 1140570
1140924 1141013
1141059 1141162
1141191 1141249
1141433 1141592
1141760 1141807
1141989 1142130
1142585 1142638
1142816 1142928
1143280 1143410
1143625 1143684
1143954 1144097
1144386 1144433
1144624 1144673
1144934 1145069
1145106 1145149
1145428 1145525
1145674 1145782
1145952 1146027
1146204 1146261
1146598 1146689
1146725 1146790
1146988 1147139
1147392 1147493
1147901 1147946
1148016 1148117
1148248 1148398
1148896 1148946
1149291 1149434
1149866 1149966
1150073 1150165
1150656 1150804
1151086 1151149
1151305 1151447
1151719 1151764
1151885 1151980
1152233 1152389
1152736 1152829
1153154 1153200
1153604 1153688
1153696 1153807
1154075 1154233
1154312 1154370
1154658 1154811
1155128 1155185
1155621 1155668
1156000 1156151
1156195 1156294
1156737 1156835
1157000 1157113
1157303 1157462
1157777 1157870
1158356 1158394
1158703 1158837
1159317 1159473
1159713 1159745
1159823 1159929
1160125 1160167
1160449 1160602
1160804 1160896
1161232 1161282
1161493 1161634
1161931 1162076
1162159 1162298
1162655 1162704
1162928 1162988
1163225 1163264
1163635 1163693
1164055 1164101
1164302 1164354
1164743 1164885
1164933 1165079
1165255 1165418
1165427 1165518
1165690 1165799
1165841 1165998
1166285 1166386
1166857 1166907
1166944 1167095
1167456 1167614
1167764 1167848
1167907 1167934
1168158 1168240
1168280 1168328
1168413 1168516
1168802 1168844
1169263 1169424
1169779 1169923
1169951 1170090
1170495 1170587
1170833 1170957
1171326 1171430
1171850 1171964
1172307 1172391
1172611 1172737
1172834 1172927
1173403 1173540
1173835 1173873
1174287 1174433
1174534 1174630
1174871 1175015
1175160 1175295
1175332 1175425
1175677 1175709
1176026 1176107
1176268 1176371
1176628 1176678
1176998 1177134
1177390 1177430
1177527 1177587
1177742 1177844
1178067 1178132
1178598 1178762
1179234 1179388
1179532 1179652
1179830 1179871
1179889 1179936
1180268 1180426
1180690 1180829
1180990 1181126
1181280 1181376
1181775 1181919
1182053 1182195
1182430 1182594
1182617 1182718
1183171 1183204
1183682 1183836
1183907 1184020
1184219 1184267
1184475 1184528
1184972 1185118
1185207 1185312
1185458 1185626
1185679 1185775
1186047 1186197
1186253 1186371
1186811 1186878
1187155 1187199
1187674 1187789
1188159 1188211
1188479 1188526
1188903 1189058
1189536 1189621
1190035 1190172
1190179 1190279
1190340 1190478
1190896 1190953
1191253 1191300
1191757 1191796
1191983 1192119
1192224 1192318
1192431 1192470
1192525 1192630
1192664 1192814
1192933 1193037
1193072 1193220
1193553 1193654
1193782 1193832
1194297 1194332
1194503 1194551
1194884 1194968
1195466 1195527
1195614 1195745
1196023 1196063
1196550 1196653
1196988 1197053
1197069 1197213
1197552 1197707
1197960 1198112
1198365 1198505
1198517 1198554
1198714 1198819
1198989 1199030
1199059 1199117
1199396 1199447
1199901 1200059
1200221 1200270
1200698 1200752
1201169 1201270
1201339 1201493
1201587 1201692
1202141 1202196
1202282 1202426
1202773 1202865
1203261 1203312
1203721 1203877
1204236 1204285
1204363 1204479
1204663 1204765
1204938 1205096
1205293 1205448
1205736 1205831
1205960 1206058
1206497 1206547
1206664 1206747
1207087 1207206
1207441 1207544
1207554 1207607
1207806 1207860
1208146 1208243
1208405 1208453
1208543 1208684
1208892 1208938
1208944 1209043
1209215 1209314
1209546 1209600
1209921 1210020
1210351 1210409
1210703 1210831
1211052 1211151
1211264 1211411
1211475 1211635
1212042 1212190
1212327 1212379
1212391 1212528
1213000 1213049
1213211 1213312
1213760 1213919
1214272 1214370
1214523 1214578
1214669 1214815
1215251 1215369
1215726 1215845
1216204 1216339
1216831 1216979
1217221 1217377
1217472 1217532
1217759 1217908
1218195 1218252
1218417 1218536
1218685 1218779
1218798 1218852
1218920 1219013
1219437 1219479
1219949 1219984
1220136 1220208
1220601 1220691
1221179 1221272
1221382 1221435
1221923 1222010
1222412 1222546
1222875 1222969
1222978 1223066
1223089 1223160
1223508 1223645
1224056 1224114
1224175 1224292
1224465 1224607
1224923 1225067
1225103 1225200
1225535 1225679
1226022 1226065
1226495 1226587
1226662 1226829
1227175 1227331
1227686 1227838
1227899 1227961
1228267 1228367
1228651 1228804
1229293 1229354
1229634 1229789
1229843 1229887
1230322 1230411
1230625 1230724
1231184 1231269
1231707 1231859
1232163 1232251
1232538 1232695
1233191 1233326
1233636 1233680
1233935 1234037
1234046 1234093
1234355 1234460
1234836 1234908
1235264 1235408
1235742 1235891
1236085 1236184
1236273 1236297
1236476 1236595
1236838 1236974
1237238 1237377
1237416 1237574
1237613 1237706
1237754 1237847
1237963 1238102
1238590 1238636
1238686 1238811
1239273 1239365
1239527 1239696
1240144 1240200
1240411 1240559
1240580 1240702
1241091 1241201
1241665 1241771
1241951 1242010
1242218 1242264
1242279 1242390
1242604 1242753
1243245 1243335
1243714 1243852
1244068 1244111
1244494 1244552
1244976 1245065
1245280 1245341
1245815 1245860
1245902 1246055
1246087 1246135
1246326 1246418
1246896 1246948
1247019 1247066
1247554 1247638
1247898 1247935
1248331 1248441
1248686 1248846
1248996 1249104
1249525 1249680
1250095 1250171
1250379 1250518
1250720 1250768
1250826 1250931
1251270 1251395
1251423 1251525
1251532 1251638
1251672 1251805
1251846 1251900
1252268 1252299
1252558 1252617
1252934 1252986
1253008 1253156
1253262 1253410
1253539 1253594
1253989 1254130
1254507 1254598
1254724 1254879
1255078 1255230
1255484 1255594
1256015 1256069
1256567 1256664
1257056 1257173
1257541 1257678
1258101 1258209
1258686 1258832
1259256 1259294
1259600 1259698
1259964 1260010
1260402 1260462
1260676 1260723
1260899 1260945
1261305 1261441
1261892 1262032
1262176 1262227
1262662 1262743
1262785 1262879
1262936 1262978
1263328 1263376
1263517 1263679
1263951 1264091
1264245 1264343
1264668 1264701
1264849 1264940
1265261 1265406
1265725 1265766
1265938 1266001
1266389 1266480
1266683 1266844
1267140 1267301
1267791 1267921
1268028 1268114
1268230 1268401
1268475 1268530
1268954 1269003
1269447 1269492
1269721 1269823
1270067 1270138
1270622 1270770
1270919 1271064
1271111 1271210
1271211 1271268
1271287 1271430
1271632 1271740
1271977 1272087
1272146 1272291
1272508 1272601
1273096 1273237
1273265 1273356
1273751 1273898
1274033 1274172
1274273 1274378
1274748 1274849
1275321 1275358
1275703 1275806
1276052 1276198
1276205 1276339
1276727 1276867
1277076 1277229
1277362 1277511
1277864 1278013
1278379 1278451
1278650 1278699
1278754 1278818
1279297 1279400
1279822 1279871
1279957 1280037
1280474 1280531
1280741 1280907
1281404 1281556
1281630 1281739
1282084 1282174
1282251 1282332
1282777 1282866
1283365 1283468
1283768 1283912
1284195 1284329
1284623 1284680
1285051 1285096
1285289 1285342
1285388 1285437
1285884 1286027
1286164 1286275
1286290 1286380
1286740 1286889
1287057 1287104
1287497 1287548
1287689 1287847
1287918 1288010
1288296 1288348
1288656 1288751
1289238 1289389
1289870 1289999
1290497 1290668
1290834 1290937
1291170 1291218
1291336 1291491
1291577 1291669
1292087 1292184
1292201 1292280
1292285 1292383
1292626 1292782
1293249 1293388
1293782 1293925
1294215 1294304
1294445 1294496
1294804 1294860
1295293 1295390
1295501 1295637
1295858 1296003
1296462 1296517
1296978 1297099
1297133 1297184
1297368 1297468
1297493 1297596
1298046 1298146
1298459 1298592
1298634 1298776
1298994 1299091
1299494 1299639
1299866 1299903
1300055 1300219
1300422 1300584
1300966 1301011
1301267 1301309
1301474 1301522
1301887 1301976
1302384 1302543
1302882 1302934
1303014 1303119
1303350 1303500
1303653 1303699
1303929 1304091
1304587 1304633
1304750 1304801
1304817 1304917
1305232 1305286
1305658 1305813
1306068 1306159
1306212 1306356
1306414 1306513
1306955 1307062
1307110 1307266
1307660 1307751
1307889 1307973
1308322 1308393
1308882 1308918
1309025 1309072
1309209 1309276
1309677 1309727
1309930 1310086
1310483 1310644
1310938 1310998
1311478 1311525
1311754 1311912
1312201 1312252
1312745 1312795
1312868 1313031
1313264 1313362
1313500 1313604
1314096 1314137
1314369 1314421
1314853 1314945
1314981 1315160
1315599 1315735
1316204 1316300
1316318 1316378
1316680 1316736
1317150 1317301
1317391 1317525
1317590 1317686
1317912 1318063
1318304 1318402
1318567 1318657
1318971 1319080
1319547 1319691
1320068 1320191
1320570 1320727
1321145 1321315
1321678 1321776
1322115 1322149
1322201 1322353
1322780 1322937
1323039 1323099
1323241 1323398
1323544 1323635
1323665 1323776
1324059 1324166
1324658 1324753
1325107 1325202
1325499 1325649
1325965 1326018
1326022 1326128
1326178 1326277
1326572 1326613
1326888 1326972
1327300 1327354
1327752 1327887
1328065 1328213
1328290 1328389
1328756 1328908
1329071 1329179
1329271 1329308
1329332 1329473
1329493 1329647
1330106 1330209
1330359 1330455
1330464 1330511
1330952 1331005
1331096 1331151
1331639 1331731
1331963 1332066
1332309 1332423
1332450 1332549
1332716 1332778
1333135 1333176
1333257 1333313
1333439 1333497
1333624 1333672
1333811 1333884
1334168 1334323
1334408 1334566
1334658 1334817
1335260 1335322
1335815 1335960
1336046 1336101
1336126 1336276
1336669 1336770
1337067 1337210
1337240 1337378
1337443 1337584
1337966 1338035
1338202 1338354
1338431 1338488
1338542 1338650
1338763 1338900
1339181 1339218
1339564 1339617
1339801 1339856
1339969 1340064
1340463 1340551
1340814 1340972
1341423 1341558
1341559 1341610
1341792 1341941
1341997 1342138
1342502 1342599
1342801 1342958
1343051 1343220
1343257 1343292
1343378 1343438
1343502 1343651
1344146 1344257
1344456 1344520
1344758 1344896
1345111 1345265
1345591 1345745
1346173 1346264
1346577 1346672
1346784 1346945
1347134 1347293
1347782 1347929
1348342 1348496
1348584 1348625
1348689 1348730
1348764 1348817
1349257 1349386
1349817 1349907
1350096 1350186
1350593 1350689
1350862 1351006
1351324 1351407
1351433 1351544
1351782 1351872
1352268 1352403
1352528 1352570
1352870 1353005
1353369 1353467
1353677 1353719
1354033 1354080
1354462 1354618
1354747 1354791
1355221 1355302
1355574 1355622
1355969 1356022
1356494 1356532
1356590 1356621
1357040 1357122
1357458 1357607
1357761 1357920
1358086 1358196
1358629 1358664
1358676 1358799
1358972 1359050
1359358 1359417
1359813 1359960
1360395 1360449
1360921 1360965
1361443 1361599
1361998 1362157
1362407 1362448
1362698 1362750
1363161 1363229
1363408 1363451
1363644 1363741
1363771 1363936
1364184 1364283
1364654 1364712
1364927 1365027
1365179 1365332
1365404 1365506
1365845 1365896
1365907 1365945
1366201 1366309
1366441 1366501
1366910 1367039
1367533 1367633
1368079 1368182
1368225 1368327
1368368 1368512
1368590 1368691
1369095 1369148
1369452 1369611
1370015 1370073
1370233 1370296
1370532 1370693
1370855 1370910
1371147 1371196
1371492 1371538
1371879 1371946
1372140 1372291
1372450 1372605
1373004 1373138
1373311 1373456
1373836 1373979
1374420 1374504
1374565 1374713
1375190 1375341
1375750 1375908
1376100 1376207
1376647 1376746
1377149 1377210
1377560 1377595
1377683 1377729
1377873 1378032
1378394 1378481
1378641 1378784
1378983 1379132
1379343 1379444
1379539 1379663
1380079 1380240
1380732 1380847
1381269 1381411
1381822 1381880
1382338 1382380
1382707 1382847
1383076 1383172
1383389 1383528
1383975 1384068
1384074 1384135
1384376 1384522
1384608 1384699
1384801 1384959
1385019 1385176
1385324 1385495
1385869 1385914
1386322 1386360
1386846 1386903
1386948 1387093
1387545 1387587
1387612 1387659
1387817 1387896
1388183 1388333
1388429 1388575
1388693 1388786
1389194 1389291
1389757 1389911
1389964 1390009
1390441 1390579
1390724 1390781
1391158 1391304
1391636 1391747
1391897 1391995
1392318 1392459
1392796 1392941
1392953 1393050
1393327 1393380
1393757 1393857
1393933 1393972
1394003 1394061
1394258 1394319
1394600 1394634
1394769 1394823
1394911 1395060
1395538 1395612
1396014 1396062
1396492 1396586
1396891 1397034
1397294 1397404
1397667 1397760
1397833 1397885
1397929 1398089
1398413 1398453
1398725 1398763
1399069 1399175
1399351 1399496
1399988 1400049
1400143 1400301
1400448 1400549
1400866 1400922
1401141 1401183
1401527 1401614
1402052 1402120
1402173 1402226
1402556 1402660
1403058 1403120
1403303 1403439
1403851 1403944
1404403 1404506
1404999 1405148
1405517 1405565
1405574 1405732
1405755 1405795
1405850 1405953
1406177 1406270
1406663 1406714
1407064 1407119
1407151 1407298
1407777 1407929
1408395 1408533
1408596 1408711
1408948 1409056
1409370 1409471
1409945 1410087
1410560 1410596
1410867 1410997
1411338 1411373
1411691 1411786
1411800 1411908
1412218 1412274
1412725 1412790
1413162 1413221
1413598 1413690
1413950 1413988
1414474 1414535
1414839 1414969
1415156 1415311
1415353 1415389
1415502 1415654
1415685 1415819
1416100 1416160
1416604 1416701
1417108 1417168
1417611 1417752
1418168 1418225
1418391 1418442
1418567 1418724
1418811 1418858
1419351 1419398
1419685 1419778
1420160 1420211
1420401 1420548
1420891 1420945
1421277 1421427
1421582 1421630
1422118 1422157
1422362 1422415
1422848 1422896
1423106 1423208
1423287 1423427
1423513 1423551
1423946 1424000
1424116 1424175
1424267 1424315
1424611 1424701
1424841 1424863
1425182 1425293
1425458 1425527
1425537 1425679
1425931 1426026
1426141 1426181
1426321 1426367
1426706 1426728
1427103 1427199
1427626 1427689
1427750 1427864
1428307 1428343
1428746 1428784
1429167 1429223
1429321 1429496
1429643 1429749
1429824 1429918
1430035 1430152
1430447 1430492
1430758 1430845
1431050 1431127
1431450 1431503
1431864 1431962
1432240 1432326
1432538 1432635
1432844 1432907
1433139 1433293
1433340 1433376
1433511 1433621
1433835 1433925
1434325 1434439
1434868 1435019
1435283 1435327
1435797 1435944
1435966 1436080
1436509 1436652
1436704 1436840
1437333 1437451
1437941 1437989
1438210 1438344
1438552 1438694
1438964 1439008
1439307 1439362
1439812 1439976
1440029 1440114
1440320 1440463
1440496 1440546
1440573 1440733
1440975 1441128
1441544 1441695
1442054 1442093
1442490 1442577
1442800 1442897
1443259 1443419
1443806 1443910
1443988 1444081
1444209 1444314
1444762 1444907
1445079 1445177
1445508 1445576
1445662 1445805
1446241 1446393
1446395 1446523
1446660 1446802
1447047 1447076
1447409 1447497
1447940 1448043
1448443 1448541
1448614 1448774
1448780 1448888
1449079 1449245
1449659 1449696
1450002 1450154
1450451 1450491
1450901 1450984
1451361 1451521
1451802 1451881
1452308 1452403
1452714 1452865
1453364 1453465
1453490 1453596
1453974 1454074
1454441 1454589
1454961 1455098
1455402 1455554
1455584 1455676
1456099 1456237
1456512 1456672
1456813 1456870
1457349 1457447
1457687 1457795
1457850 1458004
1458254 1458392
1458866 1459023
1459064 1459238
1459624 1459766
1459827 1459868
1460275 1460426
1460688 1460745
1460903 1460981
1461200 1461342
1461634 1461687
1461827 1461972
1462238 1462361
1462560 1462604
1462979 1463082
1463542 1463697
1464032 1464086
1464583 1464737
1464966 1465028
1465325 1465448
1465823 1465982
1466032 1466181
1466396 1466530
1466588 1466727
1467016 1467056
1467527 1467648
1468053 1468109
1468230 1468374
1468592 1468696
1469084 1469127
1469328 1469440
1469540 1469633
1469761 1469911
1470110 1470208
1470436 1470531
1470896 1471054
1471056 1471155
1471415 1471516
1471971 1472109
1472443 1472602
1472854 1473020
1473165 1473265
1473509 1473543
1473550 1473678
1473755 1473901
1473972 1474072
1474317 1474410
1474729 1474813
1475267 1475405
1475559 1475674
1476125 1476220
1476438 1476594
1476756 1476802
1477278 1477408
1477664 1477713
1478036 1478087
1478169 1478228
1478350 1478492
1478519 1478611
1478957 1479102
1479320 1479367
1479781 1479833
1480180 1480274
1480727 1480776
1480947 1481102
1481586 1481754
1481950 1482054
1482294 1482406
1482671 1482827
1482861 1482998
1483135 1483281
1483617 1483763
1483837 1483911
1483928 1483979
1484262 1484321
1484768 1484866
1485316 1485406
1485755 1485802
1486143 1486179
1486451 1486499
1486702 1486794
1487240 1487297
1487401 1487454
1487910 1487949
1488182 1488277
1488740 1488879
1488973 1489015
1489465 1489574
1489906 1490008
1490051 1490151
1490505 1490545
1490621 1490722
1490790 1490934
1491227 1491330
1491426 1491512
1491514 1491612
1492089 1492192
1492455 1492604
1493040 1493191
1493611 1493756
1493964 1494116
1494282 1494344
1494441 1494478
1494495 1494642
1495136 1495222
1495515 1495569
1495650 1495758
1495851 1496006
1496280 1496320
1496333 1496431
1496881 1496921
1496944 1497084
1497136 1497290
1497764 1497930
1498068 1498110
1498332 1498434
1498798 1498951
1499329 1499379
1499627 1499665
1500034 1500186
1500266 1500409
1500468 1500508
1500773 1500840
1501285 1501440
1501495 1501644
1501963 1502057
1502143 1502289
1502426 1502589
1502754 1502801
1503181 1503230
1503496 1503548
1503994 1504134
1504249 1504402
1504631 1504803
1504955 1505058
1505480 1505637
1505940 1506103
1506519 1506664
1507120 1507278
1507453 1507604
1507843 1507898
1508212 1508313
1508470 1508630
1508890 1508984
1509200 1509358
1509790 1509933
1509965 1510107
1510527 1510682
1510708 1510775
1511074 1511218
1511226 1511332
1511531 1511593
1511838 1511888
1512157 1512310
1512552 1512682
1512769 1512820
1513094 1513187
1513337 1513484
1513582 1513725
1514035 1514084
1514448 1514610
1514936 1515075
1515094 1515250
1515411 1515503
1515514 1515665
1515960 1516000
1516244 1516295
1516369 1516462
1516522 1516590
1516718 1516814
1516925 1517060
1517513 1517609
1517633 1517778
1517816 1517863
1517931 1518051
1518194 1518250
1518350 1518434
1518848 1518951
1519338 1519433
1519521 1519674
1519686 1519733
1519926 1520022
1520455 1520612
1520828 1520981
1521379 1521421
1521903 1521946
1522285 1522330
1522456 1522554
1522724 1522877
1523071 1523219
1523355 1523405
1523733 1523831
1523931 1523975
1523991 1524094
1524293 1524389
1524417 1524504
1524930 1525031
1525314 1525463
1525594 1525688
1525726 1525802
1526153 1526197
1526532 1526588
1526642 1526790
1527284 1527389
1527644 1527783
1528108 1528156
1528593 1528696
1528822 1528912
1529273 1529331
1529430 1529459
1529747 1529839
1530175 1530329
1530519 1530623
1530853 1531006
1531028 1531128
1531150 1531296
1531350 1531416
1531638 1531736
1532036 1532102
1532291 1532403
1532508 1532611
1532956 1533043
1533538 1533673
1533802 1533905
1533992 1534086
1534467 1534554
1534755 1534795
1534914 1535029
1535437 1535543
1535727 1535783
1535884 1536017
1536384 1536544
1536819 1536922
1537142 1537174
1537388 1537496
1537501 1537532
1537874 1537918
1538091 1538184
1538253 1538387
1538600 1538642
1538808 1538851
1539025 1539135
1539188 1539345
1539710 1539763
1539773 1539827
1539939 1540017
1540253 1540304
1540478 1540634
1540758 1540800
1540902 1540952
1541315 1541457
1541644 1541698
1542146 1542196
1542407 1542514
1542819 1542864
1543244 1543393
1543618 1543703
1543709 1543841
1543965 1544064
1544352 1544519
1544653 1544761
1545234 1545387
1545626 1545672
1545748 1545894
1546058 1546207
1546464 1546514
1546785 1546880
1546949 1546979
1547068 1547219
1547272 1547365
1547428 1547530
1547557 1547663
1547778 1547930
1548402 1548565
1548606 1548662
1548730 1548833
1548838 1548870
1549078 1549235
1549239 1549295
1549614 1549709
1550169 1550315
1550366 1550414
1550457 1550499
1550541 1550665
1550946 1551096
1551154 1551196
1551326 1551424
1551541 1551638
1551826 1551888
1552304 1552334
1552729 1552824
1553002 1553158
1553475 1553509
1553641 1553797
1554176 1554258
1554284 1554314
1554434 1554532
1554581 1554727
1554778 1554924
1555157 1555325
1555769 1555831
1556085 1556229
1556693 1556723
1557011 1557159
1557399 1557494
1557576 1557629
1557848 1558013
1558079 1558218
1558260 1558360
1558525 1558573
1558687 1558769
1559152 1559249
1559426 1559571
1559583 1559644
1559793 1559872
1560068 1560154
1560447 1560555
1560743 1560862
1561350 1561389
1561679 1561731
1561838 1561995
1562366 1562522
1562980 1563144
1563207 1563258
1563396 1563460
1563463 1563556
1563752 1563799
1564237 1564383
1564719 1564777
1564815 1564853
1565344 1565505
1565638 1565743
1566233 1566383
1566622 1566672
1566891 1566988
1567315 1567453
1567531 1567674
1567741 1567780
1568038 1568147
1568603 1568659
1568860 1569022
1569130 1569292
1569317 1569359
1569581 1569739
1570196 1570243
1570627 1570692
1571113 1571163
1571438 1571482
1571838 1571941
1572421 1572516
1572618 1572710
1573059 1573219
1573297 1573339
1573537 1573633
1574074 1574168
1574393 1574557
1574817 1574854
1575334 1575490
1575959 1576055
1576191 1576295
1576398 1576502
1576542 1576588
1577038 1577097
1577249 1577351
1577771 1577870
1578353 1578499
1578553 1578600
1578869 1579026
1579131 1579277
1579479 1579522
1579527 1579626
1579708 1579744
1579899 1579947
1580415 1580562
1580869 1580977
1581145 1581283
1581768 1581847
1582285 1582332
1582353 1582402
1582540 1582588
1582635 1582748
1582811 1582854
1583103 1583262
1583388 1583433
1583850 1583910
1584130 1584178
1584651 1584811
1584826 1584923
1585232 1585374
1585506 1585624
1585966 1586011
1586367 1586509
1586863 1586908
1587176 1587325
1587671 1587710
1588023 1588128
1588281 1588325
1588516 1588558
1588823 1588874
1589104 1589155
1589398 1589496
1589851 1590002
1590211 1590298
1590783 1590816
1591068 1591165
1591539 1591685
1591778 1591898
1592226 1592387
1592881 1592927
1593094 1593185
1593303 1593392
1593501 1593573
1593913 1593963
1594330 1594386
1594875 1595034
1595437 1595485
1595951 1596087
1596543 1596692
1596913 1597008
1597454 1597503
1597796 1597825
1597983 1598124
1598156 1598309
1598473 1598624
1598837 1598933
1599390 1599477
1599775 1599865
1600299 1600460
1600732 1600884
1601259 1601339
1601480 1601583
1601796 1601942
1602190 1602250
1602471 1602517
1602603 1602663
1602723 1602772
1602864 1602920
1602963 1603008
1603480 1603626
1604018 1604161
1604508 1604604
1604908 1604963
1605344 1605485
1605853 1606031
1606429 1606562
1606849 1606992
1607229 1607384
1607766 1607863
1608078 1608111
1608292 1608437
1608879 1609002
1609273 1609417
1609664 1609722
1609884 1609904
1609964 1610026
1610437 1610602
1610726 1610831
1610982 1611037
1611412 1611554
1611590 1611634
1611648 1611747
1612229 1612335
1612664 1612817
1613205 1613245
1613448 1613511
1613674 1613734
1614004 1614092
1614346 1614446
1614689 1614831
1615235 1615387
1615634 1615736
1616039 1616087
1616100 1616143
1616532 1616588
1616930 1617036
1617249 1617357
1617627 1617728
1618163 1618219
1618375 1618478
1618972 1619063
1619530 1619635
1619650 1619702
1620196 1620290
1620383 1620542
1620734 1620889
1621281 1621310
1621401 1621512
1621686 1621779
1621908 1622039
1622270 1622328
1622749 1622850
1623012 1623108
1623415 1623529
1623946 1624097
1624331 1624379
1624622 1624673
1624994 1625060
1625492 1625586
1625845 1625978
1626276 1626431
1626880 1626931
1627086 1627190
1627370 1627478
1627625 1627774
1627958 1628050
1628073 1628227
1628236 1628297
1628342 1628500
1628922 1629072
1629425 1629595
1629816 1629854
1630066 1630226
1630478 1630628
1630926 1630979
1631092 1631225
1631511 1631555
1631679 1631825
1632008 1632115
1632232 1632285
1632592 1632687
1633126 1633243
1633334 1633484
1633775 1633935
1634020 1634056
1634243 1634340
1634365 1634419
1634610 1634671
1634864 1635015
1635259 1635315
1635467 1635519
1635997 1636154
1636224 1636338
1636626 1636731
1637026 1637135
1637480 1637622
1637855 1637924
1638081 1638119
1638151 1638267
1638415 1638558
1638714 1638857
1638882 1639032
1639431 1639581
1639998 1640141
1640208 1640357
1640511 1640666
1641092 1641191
1641311 1641395
1641607 1641675
1642166 1642275
1642400 1642532
1642855 1643009
1643429 1643483
1643698 1643796
1644183 1644323
1644529 1644573
1644973 1645070
1645496 1645643
1645664 1645760
1645886 1645942
1646248 1646287
1646422 1646568
1646603 1646756
1647071 1647116
1647612 1647763
1648114 1648259
1648323 1648372
1648435 1648523
1648559 1648636
1648712 1648777
1648993 1649091
1649446 1649602
1649797 1649850
1650184 1650326
1650645 1650693
1650866 1650951
1651309 1651364
1651565 1651620
1651838 1651925
1651990 1652139
1652161 1652311
1652512 1652660
1652710 1652760
1652992 1653102
1653296 1653338
1653724 1653759
1654125 1654206
1654654 1654708
1655199 1655269
1655462 1655516
1655836 1655962
1656003 1656130
1656199 1656234
1656442 1656539
1656730 1656865
1657212 1657365
1657849 1657952
1658108 1658250
1658408 1658471
1658477 1658499
1658940 1658984
1659065 1659208
1659286 1659438
1659574 1659663
1659717 1659768
1659992 1660039
1660373 1660467
1660789 1660845
1660922 1661007
1661134 1661284
1661631 1661779
1662209 1662255
1662593 1662634
1662710 1662851
1663067 1663218
1663354 1663403
1663900 1663992
1664132 1664295
1664693 1664803
1664980 1665127
1665250 1665398
1665521 1665676
1665796 1665848
1666064 1666157
1666474 1666615
1666750 1666841
1667096 1667261
1667497 1667598
1667791 1667888
1668153 1668203
1668619 1668681
1669132 1669272
1669418 1669478
1669827 1669894
1670327 1670473
1670695 1670731
1670806 1670860
1671355 1671456
1671516 1671623
1671841 1671881
1671896 1672001
1672499 1672553
1672958 1673120
1673458 1673561
1674006 1674046
1674381 1674406
1674421 1674462
1674913 1675023
1675085 1675186
1675512 1675554
1675587 1675750
1676033 1676078
1676323 1676424
1676487 1676503
1676568 1676725
1676889 1676975
1677296 1677440
1677643 1677788
1677974 1678009
1678481 1678637
1678834 1678978
1679028 1679181
1679227 1679328
1679727 1679859
1680306 1680408
1680788 1680848
1681234 1681402
1681568 1681621
1682040 1682084
1682462 1682596
1683062 1683109
1683512 1683659
1683661 1683761
1684248 1684401
1684801 1684899
1685263 1685305
1685644 1685738
1685753 1685849
1685880 1686012
1686511 1686548
1686805 1686861
1687001 1687101
1687269 1687374
1687389 1687534
1687839 1687902
1688077 1688121
1688383 1688489
1688658 1688793
1688962 1689112
1689604 1689640
1689752 1689856
1690234 1690274
1690409 1690462
1690838 1690945
1691304 1691417
1691714 1691831
1692278 1692345
1692390 1692506
1692852 1693014
1693288 1693333
1693471 1693513
1693695 1693840
1693909 1694016
1694465 1694593
1694851 1694905
1695351 1695462
1695662 1695821
1696213 1696350
1696575 1696719
1697003 1697069
1697429 1697569
1698016 1698152
1698477 1698532
1698971 1699112
1699237 1699338
1699825 1699992
1700110 1700265
1700354 1700394
1700863 1701012
1701273 1701358
1701637 1701689
1701957 1702005
1702170 1702215
1702497 1702533
1702763 1702856
1703316 1703349
1703462 1703525
1703720 1703817
1703908 1704075
1704301 1704482
1704825 1704932
1705238 1705340
1705397 1705440
1705779 1705888
1706218 1706301
1706361 1706511
1706965 1707053
1707248 1707290
1707600 1707750
1707816 1707933
1708054 1708196
1708662 1708697
1708721 1708858
1708985 1709047
1709234 1709327
1709633 1709670
1710165 1710225
1710672 1710751
1711248 1711399
1711607 1711711
1711982 1712122
1712292 1712399
1712584 1712631
1712772 1712826
1712874 1712919
1712951 1713000
1713180 1713275
1713530 1713650
1714072 1714225
1714331 1714386
1714665 1714710
1715009 1715111
1715364 1715523
1715525 1715634
1715931 1715990
1716356 1716445
1716471 1716621
1716796 1716961
1717149 1717217
1717325 1717461
1717836 1717871
1718287 1718334
1718373 1718510
1718905 1718958
1719157 1719312
1719589 1719732
1719756 1719903
1719909 1719968
1720402 1720459
1720479 1720630
1720929 1721026
1721194 1721315
1721411 1721562
1722017 1722123
1722248 1722390
1722590 1722631
1723127 1723278
1723483 1723583
1723878 1723982
1724113 1724168
1724334 1724376
1724494 1724544
1725010 1725053
1725233 1725370
1725690 1725747
1726150 1726215
1726586 1726671
1726933 1726963
1727038 1727081
1727182 1727328
1727341 1727391
1727496 1727655
1727804 1727854
1728058 1728164
1728350 1728457
1728789 1728831
1728909 1728965
1729094 1729241
1729550 1729660
1729693 1729823
1730214 1730266
1730391 1730542
1730798 1730937
1731395 1731536
1731557 1731659
1731804 1731936
1732433 1732581
1733079 1733135
1733176 1733257
1733599 1733702
1733746 1733785
1734017 1734068
1734378 1734460
1734903 1734941
1735221 1735278
1735593 1735643
1735836 1735936
1736240 1736296
1736298 1736408
1736465 1736553
1736814 1736858
1736900 1737068
1737529 1737671
1738009 1738056
1738220 1738367
1738386 1738445
1738868 1739024
1739462 1739608
1739913 1739956
1740370 1740481
1740887 1740993
1741436 1741518
1741732 1741834
1742192 1742285
1742612 1742708
1742727 1742768
1743126 1743242
1743303 1743444
1743584 1743739
1743836 1743933
1744116 1744181
1744433 1744585
1744912 1745056
1745302 1745417
1745767 1745838
1746117 1746189
1746342 1746383
1746707 1746848
1747023 1747167
1747302 1747400
1747800 1747846
1747989 1748023
1748423 1748470
1748716 1748767
1749078 1749215
