400
90
432
81
236
86
349
123
174
141
275
127
294
93
262
73
440
135
153
74
240
117
256
112
421
96
340
132
56
50
192
59
169
90
24
105
175
83
264
104
205
96
16
87
256
103
471
78
458
102
264
89
291
95
103
88
381
135
10
77
106
93
72
119
478
88
18
88
149
115
445
86
421
98
463
83
179
82
388
74
353
74
496
77
101
117
66
141
266
82
451
99
380
106
305
128
288
99
321
126
296
109
404
67
31
112
42
99
340
103
215
85
291
98
303
70
423
98
297
91
192
133
164
121
148
104
375
111
468
43
119
85
357
108
129
116
68
84
414
84
17
84
467
86
106
140
467
88
172
99
340
92
132
102
495
123
14
84
335
69
113
146
479
144
209
67
444
90
96
110
402
75
124
107
282
100
340
68
33
104
98
121
290
110
466
85
168
119
473
66
11
114
391
90
301
112
421
85
224
108
306
88
361
128
142
108
135
108
138
93
456
106
151
95
470
100
19
96
120
100
325
108
275
72
14
82
141
94
480
99
96
90
282
121
162
106
198
116
364
93
124
109
81
79
468
69
95
122
103
111
388
100
337
103
67
104
379
89
148
98
73
109
32
89
438
93
102
96
300
113
98
98
143
111
296
140
218
116
110
77
421
46
425
68
478
140
44
118
242
70
225
120
450
127
78
100
114
83
195
109
450
120
398
73
388
92
235
135
160
74
409
84
22
97
429
76
97
114
461
72
330
73
274
106
40
118
447
112
281
108
344
97
43
68
235
101
485
102
478
112
479
113
173
110
246
105
440
129
274
89
66
130
100
135
50
123
143
86
447
97
124
144
160
110
428
105
67
73
113
92
41
96
39
85
20
121
354
75
312
74
137
85
463
133
410
82
427
87
432
77
6
86
434
115
100
96
308
115
81
129
390
123
59
132
350
92
206
98
100
97
335
128
357
81
226
73
415
103
197
100
372
99
387
83
400
91
495
121
60
89
272
121
273
92
360
112
489
71
385
88
312
123
380
79
375
112
224
83
471
76
98
80
381
77
366
85
382
98
262
94
361
92
61
119
155
97
149
89
303
110
44
139
376
125
351
90
52
129
248
104
167
100
7
93
162
101
311
113
383
96
90
92
97
81
4
65
238
127
123
93
269
93
5
79
98
110
62
105
408
71
194
124
465
118
129
132
160
70
437
96
150
92
89
59
252
99
248
74
411
101
321
91
28
118
490
106
254
115
222
94
468
113
195
96
313
146
171
89
174
96
438
72
163
107
28
99
65
117
284
110
205
117
384
105
232
66
42
93
292
118
382
96
76
130
416
102
31
102
334
54
161
62
141
117
380
127
248
130
218
89
208
69
193
96
72
68
152
73
398
119
420
87
281
99
116
84
280
112
393
80
247
105
62
101
350
83
63
104
145
69
57
91
10
96
226
93
234
117
303
125
446
129
187
121
76
98
226
104
259
138
263
84
156
60
154
76
403
92
392
103
222
92
456
105
356
121
296
100
340
97
62
99
7
113
35
99
266
68
364
144
140
89
16
123
246
71
382
97
171
113
190
131
199
44
150
96
87
111
126
137
62
118
486
114
68
150
306
86
217
128
497
138
211
117
415
85
322
98
123
114
381
78
469
85
124
116
90
78
346
104
293
104
244
117
360
86
210
117
492
87
398
77
139
76
285
125
465
61
27
88
442
108
40
80
264
106
41
115
255
134
119
87
234
99
244
109
278
98
371
109
485
61
142
70
130
50
222
89
49
63
62
106
157
108
225
104
221
93
130
90
436
92
354
93
407
98
427
99
13
65
198
155
62
123
105
121
59
87
313
93
79
75
235
64
161
91
427
68
371
137
177
70
417
76
414
78
126
103
282
93
426
80
144
79
274
112
236
88
54
61
284
137
138
88
348
107
390
119
306
53
325
81
285
106
465
59
404
103
239
118
399
136
250
86
199
65
24
88
243
123
233
100
323
128
134
67
345
100
213
63
339
94
61
95
39
100
118
69
27
67
353
103
240
86
428
104
355
67
380
82
441
133
493
112
251
99
150
97
147
126
183
93
129
86
395
91
496
125
410
114
95
63
171
108
65
92
398
105
407
103
437
77
77
118
218
72
180
63
177
130
310
127
363
66
314
106
354
107
400
106
222
92
337
65
309
94
429
91
88
117
157
71
24
84
149
107
309
93
306
102
219
101
305
58
39
92
76
107
213
111
275
100
387
98
184
111
397
71
86
132
330
123
266
88
18
129
16
114
110
99
302
81
245
122
318
102
241
120
395
111
446
82
73
122
174
90
253
99
133
127
400
125
206
88
121
92
196
108
54
73
189
79
66
98
331
100
231
121
48
91
266
102
484
99
146
70
86
106
244
113
48
56
189
89
313
110
236
88
387
111
464
81
438
66
293
71
112
85
469
105
376
103
384
94
390
85
155
76
36
112
67
95
79
124
402
145
429
96
30
84
449
87
405
111
397
82
346
71
255
126
90
110
375
111
1
99
169
107
120
102
290
78
246
110
18
99
331
96
212
57
300
105
287
96
454
57
164
79
337
121
128
86
287
60
92
87
230
113
76
75
31
84
291
94
475
108
15
62
344
110
324
122
219
94
242
91
103
89
299
87
376
85
373
95
65
61
376
75
6
89
434
84
394
109
319
125
118
78
458
157
346
85
357
105
24
99
334
114
268
121
230
124
218
110
288
104
210
89
228
75
255
104
494
95
324
95
231
90
260
104
455
130
195
41
106
99
215
80
373
93
226
65
248
113
366
120
442
109
462
137
288
101
391
93
148
107
133
87
483
99
326
97
411
89
152
137
227
120
438
110
387
92
229
120
368
115
243
106
448
116
81
84
39
95
188
95
261
86
52
83
207
99
241
106
170
112
218
77
432
104
271
110
374
90
17
103
186
89
480
116
223
139
31
109
329
115
124
72
437
124
207
102
295
92
128
86
43
88
41
140
478
96
170
104
21
101
372
87
359
133
13
136
333
140
400
121
446
87
295
99
338
81
406
115
45
90
125
92
183
82
227
92
3
102
2
104
431
91
167
100
308
91
391
112
397
110
380
88
415
79
354
97
17
77
470
124
223
79
241
79
473
97
58
83
392
63
269
74
492
123
120
112
10
89
485
74
481
87
104
81
468
95
221
64
410
93
117
145
441
75
450
112
67
111
42
77
272
86
310
109
71
93
402
103
276
122
446
70
289
100
420
119
264
106
442
101
269
106
206
126
393
92
124
121
222
78
270
66
415
83
346
109
98
142
484
58
186
86
141
82
256
116
118
119
341
115
72
65
327
113
258
87
442
123
41
108
159
113
445
101
156
112
192
91
359
116
487
101
125
89
484
82
465
98
325
78
238
103
234
88
353
95
70
118
259
88
368
81
460
91
388
108
105
82
489
114
145
97
113
79
263
114
282
76
194
88
39
78
367
96
377
89
220
147
480
79
256
92
15
100
388
96
391
76
139
84
439
89
119
97
173
104
483
87
46
119
422
109
456
123
180
70
456
141
482
134
400
88
237
87
357
116
448
120
55
124
150
104
79
81
135
65
341
124
367
76
480
116
1
134
408
108
139
130
166
107
176
126
368
111
304
97
148
106
471
83
153
80
472
116
156
103
206
90
368
130
296
97
309
126
220
124
153
58
478
102
154
86
200
132
370
129
342
103
150
112
34
127
325
80
429
90
23
104
404
111
347
106
493
124
428
65
58
56
358
115
30
103
177
148
39
104
227
98
65
113
245
127
101
101
173
77
461
104
295
93
61
87
349
104
47
73
36
105
450
100
18
106
50
112
64
66
258
132
128
124
100
80
390
96
104
142
197
108
377
105
170
84
306
129
73
93
34
111
304
137
76
81
12
95
55
111
230
99
86
129
12
108
3
115
356
87
404
112
135
131
29
111
408
86
216
140
182
84
347
106
64
83
484
151
384
102
13
103
383
72
33
114
202
122
171
125
245
72
235
115
335
105
173
89
443
93
405
111
297
115
287
87
233
111
158
123
355
99
141
95
257
108
254
104
98
84
190
120
214
111
154
88
253
79
234
136
130
124
18
81
336
91
388
60
347
136
188
116
387
71
157
90
428
104
124
73
453
74
41
139
20
70
206
108
339
83
133
84
279
73
178
138
403
94
253
126
430
112
261
131
351
59
305
109
248
116
90
100
377
66
446
98
185
90
110
77
287
145
475
131
435
88
19
111
319
117
416
98
41
110
41
76
132
109
232
97
23
108
177
96
13
101
192
88
464
97
161
123
30
120
274
123
365
59
328
109
191
80
132
90
379
97
434
146
62
109
112
97
97
95
243
104
267
86
280
123
61
89
221
99
293
126
105
89
294
55
494
82
491
137
142
106
391
98
479
132
437
87
299
100
179
86
205
92
219
137
109
95
416
77
472
124
302
120
256
93
243
71
212
128
285
38
459
89
1
63
235
88
46
112
483
71
317
103
483
111
377
97
453
107
16
116
62
85
385
72
437
128
220
68
417
94
80
80
16
105
378
82
306
126
72
94
446
100
72
102
412
82
486
95
174
96
336
92
190
132
457
111
12
77
200
79
357
89
296
100
194
81
110
129
313
89
35
69
389
98
311
103
167
113
11
55
475
118
39
133
271
104
17
85
227
87
475
91
367
129
467
79
49
119
364
144
426
98
438
89
92
73
199
89
123
94
393
64
99
103
214
98
273
121
379
92
106
136
280
99
70
88
328
79
256
103
51
92
95
105
177
76
186
86
116
112
486
126
167
110
98
117
468
82
222
82
343
127
104
101
81
46
68
111
243
95
51
81
264
82
102
109
439
118
37
112
135
105
409
96
111
109
315
95
329
110
253
137
412
100
37
102
6
78
143
86
239
78
191
98
286
108
182
120
145
95
322
90
445
115
67
56
298
102
499
112
19
116
96
101
400
88
323
140
121
87
247
128
335
100
480
107
213
76
492
97
393
119
407
102
198
128
216
103
297
73
26
120
299
81
65
115
315
120
492
98
191
85
421
145
424
112
71
133
433
87
28
79
323
90
188
93
455
86
250
110
413
110
207
145
231
106
495
110
413
110
389
82
272
62
247
87
183
115
227
137
266
59
106
135
391
67
40
78
42
106
33
73
82
111
212
119
151
114
43
83
386
96
316
114
367
112
267
86
389
76
344
106
127
84
234
117
45
78
475
107
180
93
81
78
441
118
473
121
55
80
370
88
488
103
396
92
174
90
212
74
428
71
8
83
416
107
218
99
454
96
357
71
52
77
340
141
303
59
88
121
15
74
455
89
83
93
21
91
133
103
287
116
428
103
319
99
17
117
409
80
266
108
177
121
141
88
370
107
441
121
8
122
409
103
299
101
39
105
92
116
378
83
308
95
216
56
189
78
432
110
41
108
58
72
51
91
268
109
342
104
403
86
477
121
334
152
78
101
419
111
300
82
181
88
5
84
159
86
455
97
56
131
63
88
157
92
67
64
79
129
338
46
244
89
437
103
75
125
388
134
239
62
320
82
90
117
379
83
116
122
392
96
68
100
317
148
373
105
474
126
400
102
112
101
404
126
248
106
146
84
340
56
168
100
419
94
339
78
422
91
484
87
47
92
73
98
138
108
44
94
376
125
221
67
198
114
303
94
85
108
5
120
344
120
216
115
169
91
33
72
345
80
444
104
354
115
224
102
183
118
329
66
414
111
90
128
98
79
241
83
307
116
68
105
188
87
21
76
398
73
97
135
430
116
321
114
468
114
363
115
475
131
15
92
244
69
332
118
256
125
76
88
275
116
368
96
398
106
120
102
435
103
158
101
417
135
160
109
262
93
325
107
314
93
287
116
424
87
89
121
343
118
330
47
162
102
451
84
433
84
432
102
152
92
473
108
227
75
154
100
199
66
174
86
424
83
218
82
461
126
20
139
459
94
245
86
304
109
470
51
262
117
378
95
172
93
482
94
324
109
349
82
142
97
185
76
140
114
58
88
490
84
141
135
467
72
259
77
388
103
291
114
263
106
352
80
381
65
344
57
447
104
109
120
277
95
465
96
388
109
192
95
418
93
86
111
428
80
158
103
196
101
291
98
37
102
35
71
380
105
54
109
173
125
159
86
124
88
308
127
402
79
428
117
232
78
388
104
167
115
194
58
486
76
298
84
147
84
416
83
477
96
360
90
372
117
426
84
469
67
319
69
358
99
234
105
411
83
97
93
108
86
89
55
53
112
183
104
24
91
65
113
139
107
463
92
285
113
414
108
54
106
43
121
35
54
280
86
237
89
435
82
261
120
478
103
321
99
54
97
40
96
219
119
391
73
253
127
115
111
494
115
66
97
128
85
203
59
494
105
75
98
12
100
235
112
69
100
300
109
219
100
253
116
422
143
313
107
373
106
42
94
55
69
266
143
455
105
278
109
139
88
52
92
469
104
195
76
61
106
363
108
92
93
58
101
437
114
498
109
363
86
475
101
405
122
52
97
255
92
68
100
133
83
77
71
205
54
199
98
336
108
261
90
146
78
474
99
265
78
314
81
135
119
124
75
20
88
448
102
429
110
407
120
267
72
103
120
370
135
58
84
341
99
65
104
450
126
394
97
91
90
238
92
385
110
160
165
375
84
188
89
2
138
384
93
314
84
369
118
73
109
320
89
383
81
395
67
365
85
100
117
62
81
361
83
317
63
438
110
450
88
86
140
42
101
148
93
295
121
132
104
194
114
374
92
346
92
214
112
491
88
286
96
250
116
271
89
205
65
68
106
478
128
10
89
261
112
81
129
53
77
486
120
310
97
134
98
369
95
295
71
78
119
306
73
374
74
317
52
72
136
409
143
118
99
148
93
314
75
341
108
47
119
14
87
433
109
436
96
274
111
457
81
25
112
360
69
105
101
444
78
176
121
256
104
94
104
140
82
485
116
399
98
441
78
240
75
355
74
316
87
316
110
98
123
472
113
57
74
378
81
111
53
270
93
296
85
491
86
370
96
27
129
197
64
418
106
251
57
146
83
72
102
371
113
324
109
138
131
32
139
362
97
226
131
28
89
462
114
175
107
481
128
441
81
417
84
95
91
239
111
177
83
185
123
315
96
192
98
59
111
392
105
314
83
65
108
431
90
420
115
147
109
89
121
55
105
448
126
74
135
330
97
11
93
287
114
233
97
292
98
355
88
82
113
310
113
329
91
471
103
323
98
108
103
293
98
352
69
358
132
6
157
403
100
299
110
135
115
190
116
278
52
115
81
435
71
481
132
417
87
68
135
231
85
57
94
79
82
241
79
308
110
311
104
6
136
443
107
290
95
407
108
268
129
421
66
314
104
261
80
239
110
416
75
16
58
56
63
436
102
11
116
18
130
188
149
432
91
34
80
36
98
144
112
466
69
338
66
56
82
420
112
414
107
376
94
376
69
424
94
186
123
60
92
462
99
464
90
12
67
53
96
450
118
245
124
145
67
346
104
215
83
67
84
24
120
372
84
51
131
485
96
178
76
9
50
414
126
268
78
217
76
433
109
75
73
375
102
414
63
392
107
389
86
294
65
39
81
136
111
401
104
273
82
473
74
107
94
190
122
247
123
319
100
140
110
39
49
362
103
153
71
481
104
489
85
337
125
225
69
77
114
400
81
303
108
26
111
62
94
334
108
79
74
471
101
204
75
28
108
224
103
114
95
70
118
88
95
287
73
189
124
459
66
349
79
238
119
214
74
111
80
67
85
484
80
44
137
314
80
476
117
67
141
114
89
368
131
493
89
383
86
28
126
483
85
265
97
319
73
268
91
257
100
351
47
382
115
62
77
450
68
437
136
359
75
475
79
339
77
63
101
338
129
30
91
322
63
60
101
223
85
451
79
380
125
398
74
434
74
38
85
174
114
221
78
181
101
268
107
11
116
308
97
239
113
201
107
231
98
228
95
493
87
34
85
118
82
131
90
218
113
155
41
324
91
141
104
323
56
237
119
446
93
48
97
62
120
109
125
452
92
14
93
5
128
499
93
311
76
181
84
170
98
179
122
241
104
476
80
281
113
468
83
492
93
199
73
89
108
138
96
137
115
36
130
444
83
392
42
23
92
206
84
422
108
234
80
257
138
190
99
278
84
53
110
87
59
209
119
86
81
344
114
159
124
467
93
223
91
6
94
248
101
158
107
421
32
420
117
439
107
18
74
8
117
485
73
206
122
347
95
41
91
58
133
370
84
473
139
249
84
296
120
457
143
7
105
210
107
201
107
230
123
242
120
149
101
231
66
261
74
103
117
391
108
373
120
348
105
203
85
112
100
446
94
323
95
451
105
421
116
271
88
94
90
98
77
250
111
31
74
169
83
258
108
143
90
286
116
138
75
68
107
441
97
171
110
95
121
223
90
291
100
340
96
94
82
493
87
208
81
488
103
30
85
1
48
45
102
178
65
467
134
334
93
39
53
354
113
127
100
280
95
341
128
451
118
194
100
301
116
192
76
232
94
130
105
273
94
179
133
58
90
37
95
50
117
11
105
199
129
284
109
197
100
223
122
455
83
486
107
92
145
316
122
428
101
317
90
24
118
32
93
223
144
368
89
350
115
421
117
424
143
78
117
118
82
191
76
268
104
351
124
405
137
494
75
434
118
496
99
44
109
158
90
165
128
26
110
269
131
179
78
488
100
9
113
490
89
478
108
240
121
470
109
183
111
428
132
320
48
69
97
494
109
351
113
90
91
34
125
440
90
428
84
363
108
83
119
213
82
94
105
26
98
119
81
413
56
464
75
119
81
372
124
287
98
357
69
488
103
171
68
186
89
464
110
338
70
204
86
95
101
494
103
377
82
230
94
137
129
102
108
434
77
477
96
110
88
316
107
470
91
1
101
76
104
474
103
118
125
412
76
67
75
190
87
76
71
233
117
84
56
215
105
74
77
349
100
229
84
197
105
497
66
373
106
196
107
243
93
412
85
114
96
43
92
156
91
246
89
110
114
289
88
459
97
365
81
3
93
305
116
369
87
310
113
308
110
107
118
129
89
186
78
280
114
330
74
22
127
384
114
43
116
244
83
379
136
306
85
398
96
352
91
44
79
155
61
224
133
10
78
18
95
53
79
299
85
427
79
340
77
473
93
389
73
288
113
128
121
125
94
263
83
152
106
398
124
411
99
349
115
266
78
293
84
433
78
60
101
217
117
107
123
458
110
44
124
164
74
340
116
322
105
40
127
446
86
211
98
86
95
444
103
250
84
9
115
119
63
492
103
490
93
497
101
493
113
223
103
465
148
460
77
119
95
140
115
345
81
113
113
459
58
287
84
412
100
57
93
108
116
45
118
323
108
364
109
489
138
88
122
301
99
138
57
425
98
165
73
270
110
332
108
192
83
202
73
390
119
197
113
305
123
254
79
353
89
259
98
257
87
39
131
142
77
81
90
304
130
382
68
394
136
196
68
148
104
9
118
374
65
346
93
121
79
413
85
389
77
166
70
75
109
415
132
243
117
11
68
489
67
360
110
311
110
429
94
416
132
415
96
304
88
44
70
298
83
467
45
480
87
338
106
177
96
30
65
457
81
241
87
312
125
436
87
490
106
257
108
44
106
419
88
197
74
144
96
404
95
127
73
228
120
343
105
336
118
324
50
138
99
49
92
325
91
353
102
176
85
428
100
325
124
419
124
467
106
178
101
381
114
490
65
252
144
456
98
380
104
269
85
155
106
205
104
419
95
492
88
433
91
97
84
136
86
496
110
247
138
405
78
421
102
303
89
135
84
441
98
443
108
226
134
464
91
407
84
10
121
49
90
163
85
206
93
126
131
175
73
461
78
178
103
431
129
372
100
49
104
80
84
417
67
157
148
260
110
193
87
306
90
38
145
144
119
376
95
84
116
137
78
73
73
7
118
123
84
331
92
231
125
250
79
204
108
33
89
430
102
4
115
473
100
459
96
46
116
396
119
249
114
182
103
108
106
156
135
445
74
297
98
347
76
392
104
387
130
474
79
421
103
173
115
192
81
223
67
332
98
345
81
72
64
47
70
207
146
17
76
275
84
122
88
332
106
470
128
324
101
334
131
441
86
219
75
234
95
473
103
239
95
436
99
440
97
464
101
384
121
83
77
104
112
366
112
483
116
335
90
249
102
197
91
152
67
374
106
323
92
474
99
481
101
101
122
165
83
136
104
111
119
419
119
110
95
384
110
33
106
164
122
319
94
99
101
279
107
4
112
252
90
185
94
322
131
467
101
406
90
144
81
439
75
30
76
445
144
78
110
435
72
461
75
12
77
477
123
238
101
42
132
362
118
185
120
172
120
243
53
397
97
211
96
490
119
168
79
77
102
159
83
378
131
205
97
428
90
71
50
410
97
479
131
327
122
10
91
191
88
280
76
70
112
58
66
215
125
454
157
331
108
309
67
94
113
418
114
310
119
148
113
260
106
167
87
256
93
400
75
329
70
89
85
101
94
59
58
423
105
305
120
1
128
448
114
257
87
291
91
472
101
24
119
204
123
55
120
314
78
21
64
346
94
209
118
379
86
5
71
419
96
434
119
149
94
230
94
342
117
415
94
122
113
463
131
450
150
20
105
60
105
485
126
150
78
120
95
331
90
43
61
44
128
188
103
464
103
221
92
100
84
252
81
277
93
157
79
375
79
12
132
75
104
53
125
282
92
94
113
147
65
91
55
309
75
168
96
138
94
96
117
179
104
96
88
25
99
459
41
322
118
480
82
438
106
38
135
21
83
341
102
314
137
316
117
442
105
165
96
188
76
360
125
468
107
97
87
196
129
25
84
338
96
291
115
320
90
380
104
184
73
78
84
325
112
478
115
446
106
329
105
395
122
41
100
249
80
416
107
469
74
364
107
485
81
221
107
4
70
220
103
444
108
387
83
477
121
8
101
98
100
155
87
77
134
217
129
74
108
126
109
52
96
479
90
171
124
316
90
250
118
400
112
383
113
498
115
140
105
35
85
4
72
390
79
68
70
473
105
408
86
26
116
129
85
301
131
3
105
434
128
438
118
148
100
359
126
136
99
279
57
481
103
345
94
293
110
170
133
174
133
362
92
439
90
491
115
1
106
282
83
421
56
53
77
266
80
392
71
134
70
135
97
249
59
139
129
469
78
296
88
244
117
60
65
208
66
3
122
330
100
140
86
151
106
432
84
330
131
416
107
49
95
372
115
491
110
147
109
9
99
100
119
61
95
367
150
488
108
24
103
338
104
106
88
347
76
333
113
95
103
363
89
318
105
97
88
223
108
422
121
9
96
453
94
131
91
336
95
450
116
217
121
217
105
117
78
440
56
447
68
116
126
84
131
74
98
171
116
304
110
400
86
375
124
51
99
134
126
345
93
11
68
353
99
174
110
198
134
39
86
206
103
407
125
401
105
424
69
183
114
335
92
240
70
173
78
143
96
464
105
27
89
389
108
173
125
300
82
278
104
174
110
175
85
444
116
299
115
490
131
388
86
185
101
491
100
146
68
222
119
337
97
281
144
198
107
293
94
479
95
243
98
161
71
70
114
84
111
474
102
449
147
149
84
391
120
124
96
159
69
341
106
219
113
257
71
363
127
15
77
132
120
390
105
339
132
71
75
364
60
454
83
356
85
414
95
458
81
312
59
104
89
397
84
155
118
450
114
102
108
129
103
64
69
419
78
305
114
369
137
322
124
446
85
280
87
245
74
272
74
7
109
163
111
393
96
173
101
120
93
134
69
485
125
72
88
47
105
89
130
397
120
372
85
456
86
420
78
296
87
127
137
151
84
50
113
212
61
187
109
235
111
452
131
104
80
495
86
153
83
351
70
406
122
132
72
36
64
348
113
361
150
200
95
412
88
28
136
297
116
409
110
80
117
321
134
77
95
250
109
404
84
206
104
391
108
178
133
418
106
211
116
471
92
119
100
286
99
94
102
231
99
425
134
306
102
212
90
46
127
207
74
315
109
257
113
440
91
299
82
423
77
238
105
276
92
336
81
486
63
432
80
65
100
376
114
382
122
181
88
37
96
35
116
395
84
115
95
180
69
62
91
131
90
444
119
416
109
266
120
431
120
8
66
94
109
266
119
164
106
363
105
51
118
117
116
43
88
449
98
211
87
246
82
184
74
214
81
160
77
356
75
67
115
379
118
457
108
165
71
228
89
364
51
119
84
294
75
60
66
188
110
146
63
37
100
261
167
154
82
57
136
133
139
212
63
296
109
213
122
218
112
23
96
499
83
257
130
407
85
400
119
413
98
367
110
97
103
423
72
119
91
201
109
332
111
40
147
464
66
475
99
277
105
195
116
235
113
407
85
300
128
327
21
427
75
3
108
440
137
137
119
323
95
377
82
86
106
220
109
254
78
24
105
263
124
334
71
263
80
44
97
226
94
426
57
475
89
484
99
201
104
25
102
373
104
56
130
418
85
60
48
349
120
441
130
90
95
13
92
248
85
403
97
146
74
188
114
490
71
271
132
137
89
497
108
142
107
5
114
440
72
453
101
125
113
44
90
357
97
104
119
191
97
394
140
397
91
328
60
223
58
20
73
106
105
8
95
135
128
169
82
355
128
221
98
4
153
94
94
19
93
37
96
402
103
400
99
368
105
26
116
360
110
402
119
103
78
358
79
498
92
308
59
441
112
368
103
434
132
355
119
196
80
486
103
360
88
302
142
111
113
374
86
78
73
273
116
434
88
401
109
441
100
472
84
80
96
464
100
110
152
455
104
414
117
162
102
468
119
207
69
186
96
400
96
238
52
376
136
193
94
497
115
332
77
199
124
35
130
449
95
13
103
258
106
238
117
351
97
462
115
128
107
301
107
256
144
147
89
231
88
158
100
452
110
328
87
401
136
480
84
427
134
133
145
72
142
366
106
69
94
89
117
302
119
417
53
494
120
90
91
485
103
120
89
156
113
391
108
294
110
391
143
182
123
121
67
266
121
484
93
354
103
30
122
374
112
41
88
424
109
289
106
405
110
454
98
72
103
103
63
476
93
322
95
349
84
141
67
341
92
490
81
430
86
445
83
185
123
469
103
479
106
175
116
138
151
436
81
131
103
28
118
280
84
81
103
416
102
417
142
321
104
49
112
182
73
95
95
481
107
309
89
447
117
276
114
492
105
105
93
382
87
23
137
77
122
269
99
177
56
240
103
84
91
89
99
492
104
476
105
156
99
392
100
200
94
150
90
492
95
297
117
465
95
267
77
117
92
427
58
286
92
188
113
382
97
256
88
231
103
179
113
27
105
154
129
140
101
58
95
406
96
319
92
457
101
65
135
376
66
284
106
409
96
288
65
345
81
97
101
196
66
115
106
62
119
453
91
338
100
208
155
470
132
398
100
67
120
459
116
150
96
318
128
444
124
250
92
10
66
104
79
201
118
344
115
336
101
59
88
51
72
171
145
414
101
474
86
339
110
375
57
382
117
498
113
405
126
440
103
348
98
439
79
478
93
416
107
283
82
175
91
182
105
15
94
210
123
358
126
314
113
379
90
360
79
371
93
62
117
282
79
427
118
374
87
427
65
166
110
329
80
323
109
176
88
350
90
191
53
183
69
430
92
215
131
497
116
472
134
384
97
212
87
343
137
400
115
296
83
496
113
473
106
317
73
286
130
257
56
269
113
93
101
429
56
470
107
112
113
38
118
112
79
148
86
29
66
386
60
330
121
209
106
214
87
484
90
100
124
440
95
185
91
99
73
211
101
53
97
381
100
188
87
300
113
3
128
423
130
111
89
447
128
421
116
180
114
164
122
290
87
251
117
464
113
335
126
231
76
157
124
459
104
21
100
1
96
466
89
345
121
483
81
209
124
406
108
26
107
363
100
52
93
9
101
335
90
115
127
137
148
34
91
306
91
98
117
37
105
362
94
460
88
78
79
297
60
497
99
350
114
172
86
289
79
334
79
410
69
387
134
386
98
371
106
419
88
146
126
341
63
28
82
301
93
272
78
401
87
119
91
118
110
75
108
471
104
19
81
440
89
493
87
260
55
326
106
486
111
28
89
341
116
287
84
473
66
240
108
123
80
480
106
239
88
214
117
83
110
474
111
297
104
53
107
150
95
53
100
55
69
408
105
228
99
53
101
168
104
61
85
336
106
481
84
90
95
310
86
360
122
144
138
467
104
327
119
254
120
449
93
214
92
368
104
417
102
228
108
277
90
427
122
478
89
321
117
331
72
477
84
495
94
354
130
414
113
38
122
119
79
445
127
432
63
294
105
366
104
224
108
3
105
367
109
163
102
259
76
16
116
33
116
248
96
111
104
107
74
141
83
337
98
273
152
290
83
239
96
120
117
190
124
346
119
134
102
425
138
245
125
205
103
155
124
482
66
295
108
46
83
230
95
424
97
51
62
167
62
423
92
46
124
348
103
20
85
37
121
42
125
409
80
48
83
127
113
145
74
290
104
189
97
390
79
93
107
148
91
339
97
177
118
208
101
107
107
164
101
191
111
289
99
448
84
233
96
264
105
59
108
175
99
352
69
101
132
319
124
243
85
120
113
263
119
212
147
113
78
409
146
154
105
31
120
73
117
338
118
28
108
298
113
485
100
349
81
118
126
269
86
365
131
299
98
21
54
153
99
408
81
347
121
73
77
340
87
374
63
30
120
158
92
378
78
217
129
402
104
295
81
123
96
207
126
447
106
295
115
156
125
308
81
203
98
167
122
302
96
490
108
391
125
184
128
395
58
65
117
404
65
152
85
351
61
48
101
377
105
478
101
285
81
302
82
86
87
231
99
55
90
326
143
491
72
168
103
133
105
50
108
433
139
379
115
311
110
375
87
305
107
59
92
235
120
158
98
92
80
280
114
21
89
308
87
77
81
426
110
320
126
289
96
461
99
71
93
310
136
366
102
299
84
124
91
115
55
464
142
112
86
453
132
268
101
396
97
138
103
9
97
24
88
5
94
449
83
410
95
293
81
82
97
475
76
196
104
237
121
302
145
388
110
11
110
251
95
272
79
469
108
147
121
218
127
31
88
35
79
462
104
375
75
424
89
414
112
273
158
51
93
339
111
233
98
188
95
382
112
482
89
351
100
292
72
129
81
68
93
65
96
45
122
80
132
476
98
353
90
460
92
35
80
287
116
108
87
216
92
27
76
489
66
416
98
389
87
157
84
56
102
312
137
328
64
322
133
340
82
430
98
201
122
53
96
5
133
217
58
479
104
252
95
15
73
128
128
16
69
221
121
108
70
388
98
460
91
478
130
369
127
276
88
411
80
337
67
136
58
21
99
368
93
457
84
458
85
440
141
125
84
405
74
484
125
475
63
358
145
86
122
419
116
194
85
83
101
422
102
142
55
127
131
18
99
439
110
419
134
237
74
108
73
280
112
413
122
383
102
445
106
271
115
69
116
398
103
252
53
325
79
462
68
233
101
294
122
173
75
378
96
62
122
354
110
315
110
322
113
416
113
237
118
52
125
414
93
186
96
159
92
231
59
196
109
295
90
261
119
429
90
2
105
428
124
252
76
446
111
323
116
225
111
302
115
234
98
193
115
444
89
76
109
290
109
443
111
457
118
140
110
466
93
93
96
42
103
298
98
164
99
286
115
438
112
258
105
254
102
373
91
340
104
126
106
22
116
493
88
174
88
367
90
326
74
91
111
269
66
94
113
333
76
258
130
272
129
1
79
227
104
290
83
348
106
278
77
414
135
282
118
74
89
35
74
489
113
189
62
68
114
150
106
332
88
139
111
138
108
425
109
139
111
428
119
60
86
134
90
352
122
222
90
250
78
250
119
122
129
497
118
29
106
136
81
265
123
255
75
340
122
369
99
254
89
155
98
109
79
275
123
203
102
414
91
411
104
229
71
196
108
396
107
363
113
189
87
420
124
415
128
41
68
353
100
358
139
61
104
62
82
22
130
283
78
204
120
124
94
458
63
402
92
15
118
4
117
472
112
363
65
187
97
371
96
332
102
497
93
388
129
5
115
418
93
388
115
389
68
70
91
471
108
457
151
51
110
15
92
98
93
323
106
494
84
497
64
312
93
202
95
194
119
12
114
162
99
405
81
462
97
402
99
141
79
362
97
342
92
486
87
474
120
325
112
202
55
377
69
312
82
100
101
294
122
115
104
36
97
91
109
127
113
496
114
466
107
116
117
405
92
56
62
433
104
288
84
330
71
487
95
11
110
474
85
132
100
330
105
461
113
390
96
485
75
429
89
490
115
445
82
488
97
266
117
84
103
374
105
243
80
344
66
48
132
5
105
43
100
214
100
317
90
347
95
283
138
239
122
192
122
450
116
443
68
280
82
277
104
205
92
267
101
302
112
146
71
115
113
172
67
376
127
468
71
8
64
137
106
323
121
451
78
18
78
82
85
475
75
35
108
192
128
98
113
29
79
461
102
391
84
222
59
316
105
62
79
29
84
59
98
441
121
119
106
204
94
498
76
427
88
111
117
79
115
182
90
433
81
206
82
21
101
306
86
103
117
316
79
363
91
32
126
23
88
288
110
84
97
372
120
63
114
148
123
56
63
289
107
380
88
54
73
51
122
123
94
433
88
455
99
75
136
365
113
327
83
176
73
298
79
111
82
197
120
257
93
173
98
290
114
338
133
403
126
308
117
197
63
315
92
354
85
98
129
265
97
446
94
281
125
219
96
380
81
394
107
50
95
45
94
4
58
261
96
425
84
202
108
90
73
202
115
149
105
62
70
206
115
225
114
81
101
313
94
423
89
303
92
399
55
398
104
449
86
157
112
246
73
339
46
336
71
34
87
57
108
424
95
275
87
81
95
30
53
165
40
350
129
193
110
215
98
249
107
15
96
244
130
94
60
25
109
345
101
184
71
290
114
431
85
187
78
76
116
162
86
158
134
194
71
293
94
105
147
123
79
482
137
442
82
463
81
422
83
463
138
218
109
343
123
336
89
270
70
149
107
243
109
248
102
120
132
204
84
261
108
489
139
278
99
458
80
462
111
237
114
90
84
270
75
439
76
95
70
95
94
217
104
326
93
222
151
56
91
399
103
138
102
420
124
111
90
477
126
261
109
31
101
264
126
367
63
210
122
183
143
454
133
338
97
409
90
140
76
337
101
151
115
278
152
18
71
83
123
268
126
109
121
3
118
4
123
380
128
382
82
7
93
389
71
58
115
447
99
135
103
23
51
258
93
271
94
461
96
238
95
124
92
427
72
189
73
321
110
460
148
36
105
222
115
358
136
379
83
341
88
72
106
177
83
241
126
174
78
360
119
23
111
466
81
330
78
353
75
377
115
123
97
163
98
212
116
334
100
271
114
451
131
490
116
286
125
492
105
415
110
144
101
481
104
203
82
376
98
120
91
133
103
100
99
63
108
37
104
69
71
327
81
15
111
455
88
382
83
362
72
88
82
439
81
302
143
5
56
342
105
229
143
159
72
58
84
3
81
478
79
173
71
387
117
479
75
497
95
442
92
329
66
337
71
486
108
463
117
271
109
213
95
288
100
207
73
322
113
402
89
143
123
431
73
177
68
457
122
482
129
37
84
95
95
155
130
202
76
384
70
492
118
27
69
151
92
172
86
147
87
470
115
224
110
59
101
238
105
255
72
22
125
316
81
391
82
111
93
41
120
148
102
491
94
322
110
295
92
255
71
120
103
123
80
385
91
471
116
379
90
275
86
235
127
86
114
474
96
319
86
94
96
366
102
289
132
73
75
463
85
467
79
217
124
340
126
75
112
298
110
234
92
81
103
375
97
172
103
328
88
184
102
457
109
170
67
71
99
209
85
348
120
462
59
239
89
366
101
342
76
246
62
29
59
141
58
162
108
18
109
88
118
220
84
335
101
14
114
93
90
225
67
116
122
163
120
486
118
337
87
28
69
6
74
183
107
258
97
359
91
106
94
245
74
157
100
375
89
246
88
84
112
425
94
496
62
421
128
125
124
279
99
209
72
286
153
83
84
356
66
206
119
260
120
37
74
79
112
341
85
245
92
238
86
7
112
211
114
462
104
178
107
12
88
326
96
209
89
165
83
76
96
281
106
442
109
258
97
388
112
89
90
351
77
323
98
255
72
314
65
217
97
61
125
289
92
76
91
338
114
92
92
162
60
16
84
89
104
202
94
59
121
414
100
380
130
418
76
136
109
153
98
160
98
463
87
488
120
258
90
397
94
122
128
488
103
114
121
469
125
321
94
258
125
449
125
300
124
92
96
104
138
198
61
162
136
121
110
158
69
58
87
214
72
187
110
9
66
215
101
22
154
387
89
408
84
245
123
227
102
248
96
299
82
420
106
308
80
124
76
203
136
379
79
129
49
338
114
206
120
211
82
293
108
375
89
459
129
411
95
360
92
315
78
99
79
319
79
56
75
73
94
126
99
14
129
302
101
119
89
182
89
255
72
70
114
156
87
340
117
341
69
262
78
200
83
419
93
271
119
423
60
233
94
345
119
88
141
480
85
191
44
455
77
491
113
494
122
111
103
339
130
55
74
350
125
347
67
416
71
85
98
82
109
87
87
365
90
321
101
369
119
472
96
223
72
329
79
459
73
324
112
396
119
298
123
82
93
367
128
32
76
340
74
262
91
404
93
372
106
281
123
162
105
414
112
250
101
403
69
308
93
341
93
443
101
472
104
238
93
333
67
290
140
120
121
372
101
316
72
261
86
444
91
173
96
462
89
424
125
269
113
330
83
226
112
246
100
134
108
313
97
307
90
156
92
498
97
266
71
158
88
265
83
318
43
174
100
269
114
316
74
124
88
480
50
251
94
64
74
121
75
169
83
99
110
128
93
31
72
215
98
404
112
206
119
235
119
182
104
476
92
403
71
101
123
23
91
350
108
137
98
371
108
412
97
414
105
222
111
78
120
289
119
122
125
398
86
390
57
53
93
350
60
238
93
39
89
284
137
448
118
288
96
292
71
69
102
163
100
422
89
173
76
21
110
456
132
241
86
231
91
98
64
2
73
58
93
347
83
464
112
431
61
431
76
275
74
136
102
133
111
129
81
255
111
125
126
475
94
6
129
393
107
102
81
229
99
247
84
302
123
476
109
206
84
43
89
313
104
467
81
416
158
465
127
245
103
37
93
114
110
269
93
478
96
232
108
398
64
29
100
19
133
6
125
122
76
94
61
228
115
177
98
99
111
108
84
23
91
125
95
47
106
146
112
366
122
93
94
98
98
432
84
329
36
4
102
415
147
214
98
291
88
494
96
489
77
368
111
256
114
454
125
289
67
80
97
121
84
308
85
225
108
355
101
320
113
89
71
290
73
172
130
432
40
68
86
179
97
334
93
251
86
206
88
56
100
311
70
439
76
49
137
213
111
108
119
356
109
170
118
364
110
331
90
161
87
19
110
181
67
219
103
487
116
411
121
466
140
301
110
328
91
228
99
24
95
175
101
66
79
240
112
340
83
358
150
232
78
172
101
89
99
69
88
371
106
365
80
436
106
496
91
121
124
94
116
337
88
494
112
316
120
2
79
234
115
211
108
277
88
123
93
287
89
185
115
493
79
277
89
376
60
164
64
124
104
493
71
149
76
195
100
404
103
242
90
56
106
18
95
452
109
143
116
249
93
16
91
420
90
437
103
372
68
50
82
493
138
8
106
236
95
494
114
181
67
331
80
94
93
341
106
428
115
133
139
396
116
277
100
237
82
371
120
230
88
379
61
304
65
110
92
107
90
404
116
426
128
286
113
350
78
451
93
276
108
203
72
417
103
378
101
247
88
92
45
494
115
433
68
413
81
463
68
72
113
212
110
133
87
43
75
141
73
104
105
263
125
207
90
498
92
436
92
117
78
275
91
220
98
158
49
407
54
112
132
125
75
154
68
280
84
384
94
58
106
274
150
29
90
418
97
287
95
4
108
360
89
109
98
413
110
446
114
268
121
217
87
237
117
228
55
262
86
204
104
73
111
159
125
486
85
466
81
288
49
29
110
407
127
161
93
474
92
365
92
100
106
371
77
36
99
295
106
354
66
83
74
29
89
285
83
470
110
247
87
161
82
133
136
216
67
456
93
400
113
99
77
349
94
214
55
244
110
148
76
37
67
209
112
258
83
313
140
19
91
494
78
201
64
171
109
425
63
456
95
79
135
58
93
494
121
83
148
236
126
86
99
204
85
278
103
182
125
84
148
137
112
189
86
235
64
124
63
300
102
463
112
225
57
168
39
246
69
97
126
434
129
487
93
337
103
457
79
65
107
306
82
198
84
136
112
344
106
80
79
268
98
23
129
451
115
130
63
167
53
175
89
427
91
312
109
275
115
225
105
82
75
25
99
468
108
488
70
280
68
180
101
86
118
485
129
146
83
177
84
234
162
414
82
476
101
166
103
111
70
262
80
113
87
393
107
70
80
102
82
143
108
346
87
392
101
419
113
421
80
420
101
219
136
219
81
222
95
21
82
394
96
23
112
145
120
395
113
148
107
344
114
460
126
423
77
277
98
152
117
244
106
275
118
61
78
78
102
214
67
462
70
103
139
309
101
168
139
431
72
404
79
20
107
74
79
374
105
292
126
74
122
169
86
340
110
331
124
2
115
111
130
103
107
205
111
320
136
265
110
363
111
347
97
436
65
470
87
106
89
319
103
63
127
331
110
484
77
336
115
390
84
160
76
150
122
115
104
212
61
363
97
360
108
438
112
284
90
63
116
433
131
238
102
74
113
323
106
459
132
415
109
48
106
315
102
474
66
98
121
470
89
21
77
91
98
71
87
330
67
12
134
257
82
334
103
211
88
347
126
350
106
127
101
300
63
166
86
326
112
2
90
378
80
106
80
396
71
40
96
383
91
132
145
277
84
324
71
246
100
438
114
394
97
82
102
215
93
284
91
462
79
143
121
190
110
171
92
196
92
84
129
190
106
299
119
105
108
392
125
210
111
301
131
476
91
208
106
407
142
364
89
385
103
487
83
174
153
426
126
365
125
450
72
328
126
95
113
202
87
123
90
395
111
368
119
200
111
29
95
259
80
277
114
26
106
180
131
481
83
441
83
485
94
430
101
329
108
7
110
22
108
376
95
214
102
49
88
335
140
380
83
9
76
185
95
48
101
435
118
144
93
293
79
8
135
491
86
142
85
453
111
474
114
457
78
386
99
55
88
145
127
310
90
284
109
179
100
441
113
422
118
295
103
400
111
54
78
196
89
456
106
418
106
221
110
236
101
31
127
11
75
4
75
108
115
103
96
153
103
167
92
277
77
226
80
407
78
127
115
429
79
8
129
41
83
478
124
351
70
441
127
267
58
473
121
90
135
133
97
262
116
11
101
419
99
365
94
482
79
194
137
165
88
48
139
106
119
181
136
499
108
287
103
122
130
289
81
230
75
109
119
282
82
82
123
356
101
310
108
114
103
209
76
369
108
90
88
409
109
287
96
61
105
67
76
363
70
177
98
280
92
106
112
483
119
373
80
409
100
146
73
230
112
451
89
381
103
48
86
458
88
195
95
347
114
237
70
21
78
161
91
258
115
356
96
272
135
29
88
349
102
4
119
343
104
397
115
288
89
210
106
155
110
388
104
22
96
158
116
235
93
271
114
173
131
225
108
213
133
338
130
253
95
85
88
356
116
231
108
35
130
279
102
211
128
277
104
403
71
482
127
181
117
231
99
423
99
392
113
224
84
269
95
38
121
154
86
116
98
184
125
236
111
314
99
312
124
26
113
310
66
233
108
373
116
387
84
370
74
246
74
107
94
100
115
441
84
89
94
321
77
22
125
461
106
476
72
434
85
160
63
179
125
320
64
73
83
359
68
142
88
101
111
260
94
159
84
79
98
240
126
142
84
447
109
96
89
472
103
497
45
52
88
387
106
142
99
56
103
84
52
371
121
456
113
366
105
300
122
174
123
489
82
449
45
347
109
241
91
151
108
341
103
258
120
361
102
411
70
165
88
405
71
311
78
80
150
110
88
157
71
26
85
311
88
203
118
320
63
5
59
223
146
359
156
156
81
222
117
485
118
333
73
171
109
318
106
275
76
285
115
212
84
27
127
482
104
293
108
258
96
101
101
134
103
181
62
454
122
232
91
14
89
415
77
224
93
148
120
351
122
482
92
135
125
26
92
225
111
348
111
454
64
184
104
156
104
361
110
444
86
353
91
426
111
326
79
88
93
416
95
9
84
218
130
5
98
50
103
332
123
142
105
482
94
311
86
257
72
201
123
163
61
369
95
104
104
370
87
388
78
163
91
41
96
228
122
238
106
43
99
413
109
119
100
201
113
209
60
372
98
171
129
423
91
310
90
257
86
83
73
196
56
468
95
31
101
308
113
418
88
190
115
104
91
238
120
355
69
492
99
281
108
428
149
390
98
290
56
384
90
298
79
96
105
105
109
211
118
181
136
195
89
481
94
326
81
311
120
38
108
493
112
45
86
357
107
386
92
419
109
163
62
446
95
340
68
169
97
426
134
244
96
311
114
56
102
496
111
33
92
412
98
115
92
304
87
79
134
68
126
363
86
483
77
1
89
305
98
467
125
325
90
393
109
242
137
95
123
31
100
459
135
6
100
99
84
385
92
227
63
270
125
373
76
71
116
177
95
427
105
306
104
149
89
234
82
72
94
188
109
482
87
292
103
197
74
249
112
475
104
315
103
440
94
391
79
400
83
36
93
96
84
206
62
344
74
375
141
200
105
101
69
104
93
230
93
462
95
439
88
417
92
491
82
144
107
