0.02 43.19250000
0.03 52.89510000
0.04 58.68540000
0.05 63.22380000
0.06 66.66670000
0.07 69.64010000
0.08 71.51800000
0.09 73.39590000
0.1 74.49140000
0.2 81.37720000
0.3 84.19410000
0.4 85.44600000
0.5 86.38500000
0.6 87.01100000
0.7 87.63690000
0.8 88.10640000
0.9 88.57590000
1 88.73240000
2 89.67140000
3 90.14080000
4 90.29730000
5 90.29730000
6 90.29730000
7 90.45380000
8 90.45380000
9 90.45380000
10 90.61030000
20 90.92330000
30 90.92330000
40 90.76680000
50 90.61030000
60 90.45380000
70 90.45380000
80 90.92330000
90 91.07980000
100 91.23630000
110 92.64480000
120 93.11420000
