429
489
706
679
449
233
189
112
112
16
109
138
199
364
402
156
379
532
701
873
1049
1285
1137
1079
1177
1131
1279
1148
1340
1272
1066
1227
1097
1119
1174
1141
921
681
777
737
787
848
840
1046
914
1120
991
775
528
547
362
519
609
607
373
321
455
508
373
552
782
669
610
850
954
1127
1226
1060
1300
1096
1186
1144
1249
1416
1216
1139
1374
1341
1334
1262
1364
1211
1231
1189
1188
963
880
881
1116
1090
882
1083
926
1080
1181
1243
1264
1414
1376
1153
1299
1262
1316
1165
1268
1131
1046
1185
1329
1303
1273
1127
1320
1152
910
693
733
906
1050
1226
1223
1293
1412
1553
1736
1906
1678
1746
1932
1727
1602
1356
1453
1350
1351
1113
1042
850
862
907
737
896
891
814
749
860
852
961
945
733
604
752
989
927
719
770
534
483
284
360
284
345
101
283
273
49
253
72
261
185
352
566
386
274
405
192
234
461
699
594
355
303
420
194
46
133
223
214
452
414
260
436
386
450
429
201
235
50
83
155
0
69
9
226
164
29
62
21
217
242
166
360
376
377
295
149
56
106
57
159
261
371
162
118
197
231
376
263
223
442
264
94
72
133
272
486
427
500
322
419
223
334
295
176
99
96
43
151
9
83
202
409
555
690
701
514
361
171
373
321
436
273
185
15
220
361
377
159
22
240
218
295
60
154
226
163
243
269
146
19
122
193
69
292
182
346
481
395
240
159
72
107
138
224
257
339
325
525
349
221
244
351
212
26
19
12
164
196
52
123
316
124
229
4
79
241
329
247
487
393
176
116
230
42
31
99
122
251
401
243
410
433
281
351
399
343
333
176
373
472
429
274
406
206
192
286
456
363
315
147
6
117
29
200
293
499
261
396
523
495
337
181
150
25
222
168
29
208
103
67
52
10
28
57
175
144
371
536
694
872
902
801
697
798
605
580
661
903
1069
1126
1269
1209
1448
1659
1644
1419
1238
1230
1160
1083
1078
1260
1119
1016
922
857
635
426
379
175
31
145
92
42
97
337
561
554
710
661
849
615
584
340
145
75
219
17
223
232
17
262
265
182
310
290
539
725
548
486
383
484
470
305
375
361
137
165
111
102
60
51
87
24
134
182
165
367
229
476
545
649
589
613
506
334
561
619
613
476
587
665
884
886
1047
1294
1260
1490
1292
1094
1180
1327
1568
1752
1799
1603
1760
1728
1900
2072
2138
2195
2363
2408
2414
2622
2679
2462
2680
2821
2870
2813
3025
3265
3128
3200
3058
3076
3039
3081
2865
2785
2735
2770
2698
2799
2989
2896
2692
2681
2714
2837
2731
2522
2574
2786
2991
2887
2953
3035
2900
2832
2874
2838
2709
2836
2894
2652
2467
2482
2484
2455
2687
2715
2697
2503
2673
2835
2858
2829
3058
2834
2817
2982
3153
3356
3258
3120
3267
3224
3301
3361
3305
3355
3165
3223
3340
3326
3429
3636
3788
3952
4187
4383
4500
4364
4539
4374
4566
4361
4159
4262
4060
4276
4180
3980
4041
3838
4070
4062
3904
3830
3948
4014
3879
3738
3512
3633
3624
3547
3732
3873
3925
4156
4393
4584
4568
4432
4601
4592
4641
4504
4731
4702
4661
4667
4630
4742
4682
4497
4548
4630
4703
4729
4575
4514
4433
4190
4344
4421
4208
4276
4459
4633
4514
4417
4294
4368
4413
4351
4229
4364
4458
4695
4868
4895
4933
5150
5322
5307
5084
5319
5283
5161
5067
4910
4720
4875
4878
4744
4853
4735
4608
4522
4602
4411
4310
4195
4261
4027
4181
4049
3835
3840
3931
3884
3943
4153
4055
4059
3872
3844
3821
3895
3773
3542
3738
3662
3858
4005
4199
4058
3938
4014
4051
3830
3669
3755
3535
3447
3246
3161
3094
3151
3325
3271
3123
3259
3305
3347
3280
3419
3444
3626
3621
3699
3500
3262
3043
3018
2796
2878
2645
2873
2765
2681
2457
2457
2219
2071
2259
2051
2130
2217
2126
2216
1987
2133
2179
2257
2116
2201
2157
2123
2178
2030
1847
1853
1786
1601
1833
1663
1828
1754
1641
1688
1772
1953
1963
2063
1842
1630
1499
1469
1628
1616
1710
1916
2164
2350
2531
2367
2129
2015
1977
2169
2374
2129
2092
1856
2028
1900
1729
1772
2006
1756
1996
1797
1769
1874
1836
1774
2003
1771
1624
1610
1850
2088
1930
1705
1697
1639
1659
1866
1697
1591
1629
1439
1422
1199
1037
1163
1003
1129
1290
1227
1094
1182
1141
1182
1256
1059
908
918
826
1018
1029
1085
990
1058
988
1221
1285
1484
1726
1653
1662
1555
1482
1464
1580
1742
1905
1850
1949
2100
2192
2281
2461
2452
2319
2162
2332
2409
2358
2581
2667
2666
2842
3081
3212
3385
3389
3346
3442
3471
3272
3107
3252
3169
3114
2928
2870
3028
3181
2995
2844
2906
2857
3097
3232
3238
3321
3485
3447
3505
3545
3368
3244
3073
3007
2903
2966
3044
2938
2719
2651
2830
2858
2745
2755
2705
2657
2788
2787
2844
2788
2573
2530
2570
2594
2431
2407
2198
2357
2344
2331
2525
2320
2284
2436
2621
2860
2638
2857
3065
2960
3040
3249
3226
3017
2987
2753
2921
2720
2774
2562
2796
2666
2441
2292
2235
2305
2411
2507
2356
2235
1996
2064
2059
2196
2277
2381
2615
2368
2536
2333
2418
2473
2310
2140
2290
2332
2333
2120
2097
2077
2035
1997
2056
2050
2258
2054
2018
2002
1994
2108
2322
2396
2624
2731
2625
2436
2316
2340
2111
1972
2076
1833
1894
1715
1665
1640
1450
1228
1112
864
664
794
569
371
598
831
1034
1024
984
875
928
848
643
797
1019
882
1105
1068
1213
1100
1138
970
1071
1006
897
1118
982
1221
1103
1024
864
744
801
809
642
665
621
674
478
656
889
660
881
1086
1242
1124
988
1151
1165
1344
1374
1355
1571
1818
1663
1823
1868
1741
1954
2100
1995
2046
2045
2192
2058
2207
2315
2264
2037
2200
2091
1959
2071
1869
1952
1863
1747
1652
1418
1408
1185
1243
1382
1150
996
812
975
1081
1269
1378
1155
1293
1123
1002
848
623
745
616
522
408
235
255
44
107
237
232
219
126
75
278
396
340
324
288
84
35
38
233
213
124
101
50
80
246
259
433
492
576
561
647
513
533
729
626
646
553
512
305
216
462
426
444
679
446
659
646
853
667
662
737
533
484
477
289
257
241
425
387
280
344
379
410
592
674
488
605
660
750
814
907
779
737
928
950
1021
1158
1345
1517
1730
1700
1675
1592
1718
1836
1773
1675
1907
1901
1757
1842
2068
1879
1633
1704
1696
1789
1781
1672
1810
1689
1719
1922
1715
1603
1658
1506
1667
1634
1534
1482
1544
1620
1613
1554
1616
1760
1748
1842
1723
1841
1771
1736
1624
1746
1508
1478
1599
1505
1588
1793
1688
1578
1660
1862
1975
1998
1891
1889
2024
1943
1930
1920
2075
2031
2202
2142
2059
2135
2294
2257
2449
2622
2813
3045
3215
3364
3527
3413
3424
3496
3653
3734
3732
3706
3659
3429
3516
3592
3686
3709
3674
3484
3560
3601
3737
3605
3642
3747
3611
3552
3383
3273
3067
3146
3289
3533
3782
3582
3461
3662
3845
3675
3918
3876
3772
3879
3676
3458
3289
3374
3610
3426
3242
3246
3364
3610
3452
3594
3372
3480
3342
3162
3315
3436
3283
3358
3146
3146
3103
3025
3080
3179
3106
3011
3036
3024
2786
2581
2411
2481
2365
2192
2031
2001
1961
2201
2368
2584
2367
2501
2491
2609
2503
2448
2609
2659
2798
2941
2767
2661
2616
2844
2867
2641
2536
2435
2645
2799
2933
2909
2680
2597
2375
2387
2319
2301
2374
2316
2447
2254
2480
2359
2525
2628
2847
2936
3139
2950
3152
3163
3062
3195
3121
3132
3182
2975
3124
3173
3073
3240
3322
3435
3408
3297
3061
2924
3055
2843
3034
3278
3273
3454
3274
3415
3652
3887
3858
3992
3843
3893
3845
4000
3813
3728
3645
3744
3970
3915
3900
3887
3974
4064
4026
3920
3834
3818
3773
3841
4056
3816
3652
3650
3838
3950
3995
4129
4120
4065
3933
3753
3920
4091
3856
4063
3945
4129
4257
4205
4130
4241
4469
4594
4777
4964
5157
5042
5248
5413
5203
5320
5157
5212
5119
5198
5414
5662
5600
5552
5722
5550
5706
5636
5779
5645
5753
5813
5577
5385
5511
5266
5403
5215
5207
5069
5274
5402
5327
5198
4982
4775
4714
4801
4975
5209
5133
5118
5354
5204
5148
4986
5060
5174
5215
5022
5193
5304
5146
5237
5006
5150
4961
5200
5433
5523
5443
5278
5203
5144
5046
4871
4986
5027
5012
5234
5479
5315
5297
5093
4850
4720
4595
4593
4545
4643
4406
4530
4469
4376
4320
4395
4479
4324
4153
3929
3899
3694
3704
3488
3381
3454
3485
3688
3527
3445
3310
3460
3396
3272
3390
3438
3367
3170
3002
3212
3370
3265
3104
3149
3239
3360
3113
3299
3174
3292
3447
3528
3436
3396
3577
3446
3325
3508
3734
3930
3706
3668
3711
3951
4014
3983
4145
4349
4335
4533
4667
4915
4690
4870
4767
4653
4443
4542
4392
4641
4612
4587
4495
4481
4542
4458
4550
4789
4789
4907
4713
4542
4720
4772
5019
4954
5104
5127
5325
5442
5419
5381
5406
5469
5365
5215
5178
5104
4981
4923
4789
4605
4806
4691
4696
4731
4903
4966
5214
4965
5015
5210
5116
5129
4920
4750
4990
5099
5113
5113
5137
5150
5087
4908
4883
4878
4881
5053
5216
5116
5217
5424
5550
5758
5549
5453
5259
5400
5554
5757
5849
6059
5844
5923
5909
5915
6012
5965
5803
5687
5924
5997
5978
6153
6330
6164
6271
6330
6453
6253
6418
6566
6617
6783
6873
6840
6643
6741
6535
6659
6472
6255
6469
6394
6466
6638
6580
6679
6505
6491
6670
6429
6535
6379
6485
6527
6428
6427
6615
6455
6687
6624
6771
6604
6572
6687
6489
6317
6257
6299
6419
6423
6312
6454
6689
6911
6677
6432
6268
6141
6331
6167
6402
6332
6268
6165
6218
6199
6426
6428
6608
6704
6872
6979
6782
6574
6595
6537
6662
6567
6687
6506
6297
6057
5896
5735
5692
5519
5327
5558
5624
5745
5983
5776
5648
5692
5736
5523
5653
5583
5626
5645
5828
6055
5816
5979
5971
6071
5966
5937
5786
5835
5806
5618
5487
5464
5622
5861
5794
5845
5752
5670
5546
5436
5416
5189
5043
4804
4799
5035
4791
4778
4985
4973
4992
5200
5389
5466
5365
5572
5588
5552
5632
5436
5586
5758
5563
5769
5524
5595
5407
5412
5402
5427
5460
5515
5308
5242
5353
5174
4998
5031
5039
4994
5054
5175
5211
5438
5402
5219
5144
4900
4733
4691
4588
4683
4824
4990
5003
4934
4929
4952
4798
4552
4400
4153
4379
4297
4061
4056
4139
4251
4472
4617
4482
4261
4493
4282
4181
4097
4020
3985
3790
3804
4047
3935
3820
4052
4057
3942
3943
3933
3925
3698
3621
3447
3659
3510
3382
3151
2981
2902
2762
2882
2644
2534
2702
2715
2467
2501
2368
2536
2580
2760
2774
2647
2783
2762
2965
3027
2804
2878
2882
2804
2758
2641
2507
2517
2376
2601
2748
2775
2716
2569
2488
2301
2215
2419
2592
2672
2652
2866
2909
2990
2756
2966
3081
3060
3205
3276
3180
3256
3169
2940
2866
2897
2818
2660
2500
2553
2332
2212
2456
2701
2853
2961
2957
3183
3129
3174
3364
3591
3623
3761
3702
3741
3492
3707
3503
3431
3621
3430
3604
3425
3638
3655
3816
3871
3647
3739
3661
3618
3804
3780
3806
3716
3772
3770
3775
3856
4015
3831
3685
3626
3775
3933
3937
4038
3881
3767
3771
3977
3861
3966
3741
3790
3822
3911
4077
4269
4085
3918
3843
3700
3649
3645
3551
3733
3828
3722
3930
3956
3896
4033
4015
4011
3908
4133
4166
4214
4181
3972
4172
4357
4191
4333
4281
4061
4092
4308
4402
4434
4541
4614
4697
4615
4612
4693
4721
4759
5004
5081
5147
5002
4822
4718
4763
4765
4934
4936
4882
5028
5249
5178
5239
5309
5274
5225
5301
5485
5240
5133
5009
4876
4719
4609
4635
4445
4677
4461
4694
4653
4672
4442
4257
4009
3945
4007
4180
4050
3903
4057
4197
4110
3886
4016
4221
4302
4521
4402
4435
4383
4606
4772
4928
4734
4497
4539
4635
4804
4572
4801
4964
4977
5049
5084
4888
4680
4739
4732
4715
4515
4356
4572
4449
4472
4286
4129
4349
4302
4158
4278
4111
4293
4073
4064
4096
4147
4046
3887
3849
4037
3973
3844
3848
4029
4187
4231
4145
4285
4508
4614
4590
4548
4461
4620
4539
4649
4461
4460
4238
4373
4505
4598
4482
4724
4823
4985
4846
4750
4645
4431
4458
4520
4733
4603
4794
4735
4835
4676
4724
4666
4648
4484
4679
4553
4564
4636
4549
4591
4600
4846
4983
5166
5124
5150
5263
5388
5247
5155
5392
5495
5569
5610
5497
5458
5336
5191
5037
5086
5316
5463
5236
5077
5102
5216
5320
5462
5528
5315
5191
5026
5017
5056
5294
5168
5275
5104
5207
5299
5384
5239
5333
5464
5448
5607
5440
5594
5501
5689
5537
5482
5261
5128
5363
5491
5307
5079
5105
4860
4665
4769
4796
5043
5283
5164
5368
5449
5618
5862
5992
5982
6032
6180
6384
6343
6377
6523
6750
6985
6786
6609
6732
6710
6818
6592
6643
6710
6746
6957
6872
7078
7074
6970
6922
6750
6651
6485
6434
6368
6248
6396
6249
6410
6621
6392
6204
6002
6066
5890
5672
5532
5526
5320
5076
5309
5281
5211
5426
5529
5652
5407
5451
5328
5510
5621
5712
5480
5626
5674
5631
5402
5253
5354
5430
5525
5771
5855
5665
5903
5687
5578
5343
5573
5458
5314
5064
5155
5207
5147
4943
4759
4606
4506
4700
4531
4693
4710
4556
4476
4532
4362
4203
4171
4252
4448
4274
4209
4377
4229
4084
3971
3784
3979
3754
3992
4021
3855
3758
3608
3841
4076
3868
3737
3579
3530
3475
3582
3585
3779
3669
3476
3556
3353
3345
3352
3504
3366
3362
3463
3403
3282
3202
3016
2909
2695
2716
2676
2655
2838
2606
2680
2523
2295
2193
2067
2071
2055
1842
1595
1539
1648
1788
2014
2116
2089
2250
2188
2380
2512
2357
2200
2099
1865
1793
1585
1492
1419
1538
1351
1518
1616
1864
2009
1999
2015
2196
2146
2003
1791
1987
1847
1730
1650
1610
1541
1339
1400
1284
1145
1211
1352
1531
1520
1639
1535
1390
1485
1339
1559
1652
1456
1366
1575
1595
1842
1787
2008
1789
1932
2038
1902
1708
1737
1508
1500
1487
1462
1600
1579
1783
1586
1741
1793
1710
1461
1322
1176
1140
1025
991
846
749
752
712
539
678
442
534
544
478
662
418
530
537
598
827
880
883
678
623
518
547
787
785
746
656
888
1107
1076
1053
1044
977
914
738
619
452
347
169
411
279
167
50
11
190
9
62
27
88
136
10
111
272
160
36
153
85
230
58
181
92
40
160
340
517
582
756
925
761
841
1077
1185
940
1092
1323
1365
1342
1129
1128
955
1041
921
756
792
660
834
669
733
594
563
477
376
130
330
158
44
66
262
55
172
65
181
118
198
205
180
343
200
303
514
291
260
371
221
149
57
114
175
234
274
331
162
110
118
110
100
21
181
310
432
350
159
279
157
339
395
248
138
125
353
178
234
306
492
596
825
621
722
852
666
747
768
632
671
449
390
301
539
551
688
740
779
642
471
251
107
227
12
102
335
178
105
130
216
264
282
284
502
270
48
162
409
178
12
66
265
304
319
195
226
24
199
11
44
1
167
268
150
62
89
31
80
19
204
31
2
152
128
109
141
271
480
602
543
586
791
918
1054
971
785
901
701
837
756
512
458
498
533
324
307
306
299
479
662
883
1100
1217
1438
1424
1508
1570
1700
1885
2061
1862
1804
1844
1630
1498
1732
1835
1885
2037
2142
2073
1888
2028
2196
2312
2356
2488
2564
2339
2219
2434
2382
2265
2348
2276
2452
2225
2445
2526
2470
2467
2394
2152
2048
2230
2002
2058
2273
2119
2027
2020
1807
1790
1610
1638
1517
1516
1465
1592
1616
1784
1660
1559
1540
1452
1312
1066
1309
1549
1387
1540
1615
1723
1636
1858
1778
1871
1881
1868
1771
1893
2054
2031
2071
1954
1877
1944
2061
2054
2234
2050
2112
2163
2151
2356
2394
2152
1988
2195
2300
2120
2047
1864
1884
1946
1878
2001
1820
1951
2155
1907
2137
2305
2432
2397
2627
2560
2770
2734
2615
2688
2637
2759
2817
2872
3095
3026
2867
2700
2450
2477
2547
2554
2512
2462
2491
2503
2392
2481
2515
2677
2580
2659
2474
2693
2475
2579
2339
2298
2362
2482
2392
2156
2388
2467
2686
2856
2873
2823
3043
3036
2943
3054
2964
2970
2733
2831
2600
2794
2605
2495
2400
2178
2198
2205
2303
2447
2605
2590
2494
2726
2535
2768
2913
2865
3031
2934
2727
2601
2373
2152
2334
2566
2478
2257
2043
1947
2188
2230
2090
2085
2299
2051
2283
2438
2371
2121
2068
1925
1991
1848
1670
1715
1706
1935
1875
2086
2188
2357
2336
2332
2542
2537
2589
2553
2699
2773
2601
2353
2290
2218
2315
2530
2577
2355
2111
2283
2120
2280
2238
2263
2235
2475
2442
2528
2607
2594
2634
2502
2600
2423
2518
2392
2269
2056
2215
2001
1925
1988
1923
1895
2094
2223
2088
2062
2250
2425
2432
2520
2313
2446
2421
2529
2639
2688
2513
2516
2574
2522
2285
2055
1858
1934
1706
1859
1749
1624
1788
1692
1563
1669
1668
1633
1744
1891
1860
1804
1632
1696
1774
1886
1781
1690
1510
1731
1514
1715
1644
1459
1307
1482
1381
1186
947
714
706
577
734
765
614
398
541
299
503
645
709
554
750
626
645
804
715
672
715
728
533
563
586
729
665
632
501
288
319
254
12
97
263
205
347
170
404
531
462
386
299
354
297
186
141
203
165
361
233
306
336
326
359
158
21
182
401
459
401
269
384
498
592
638
497
381
215
432
503
505
414
358
127
63
146
43
108
276
326
425
206
413
290
238
308
431
676
910
687
684
442
655
693
892
1122
1120
999
972
1085
985
1001
1210
1394
1318
1135
1095
1323
1572
1759
1646
1450
1271
1071
833
627
712
511
333
186
265
176
170
375
155
306
536
290
517
458
213
247
332
165
184
202
220
303
339
142
216
429
592
586
546
523
466
584
477
688
796
1025
1048
1208
1362
1473
1710
1588
1661
1550
1685
1858
1979
1763
1695
1522
1523
1762
1933
1877
1740
1879
1726
1671
1730
1592
1755
1542
1528
1715
1853
1826
1997
2043
2041
2023
2038
2091
2070
2130
2219
2362
2516
2382
2421
2585
2380
2308
2336
2203
2284
2273
2026
1799
1889
1902
1718
1846
1982
1896
1835
1833
1814
1587
1565
1797
1588
1803
1617
1856
1617
1845
1946
2044
1799
1646
1713
1641
1825
1575
1540
1585
1759
1968
2047
1890
1657
1683
1861
1873
2115
2117
1960
2193
2008
2076
2216
2227
2017
1823
1616
1484
1665
1499
1327
1218
1084
868
1075
1107
891
1021
1205
1269
1072
1191
1222
978
841
689
706
466
312
400
186
152
36
117
106
42
133
116
73
37
41
59
148
91
86
101
203
132
311
222
282
150
87
5
162
371
360
475
677
559
524
481
580
745
911
673
767
793
594
829
741
515
344
368
433
271
89
277
180
135
177
17
73
95
59
181
266
503
433
321
200
308
140
347
458
447
356
582
803
631
603
678
741
555
444
567
525
394
246
43
174
212
0
87
53
164
366
422
280
73
288
501
525
504
261
82
49
297
283
157
366
221
58
80
83
154
81
111
95
184
413
538
747
808
824
979
927
1060
1200
1121
997
937
966
1173
1014
890
988
1168
1190
1117
943
1091
1100
1178
1113
1333
1466
1503
1542
1459
1621
1546
1595
1744
1698
1633
1836
1924
2055
1838
2028
2050
2038
2082
2268
2464
2586
2346
2411
2598
2360
2493
2551
2536
2384
2369
2445
2351
2593
2586
2727
2508
2581
2396
2632
2659
2648
2803
2951
2727
2723
2706
2476
2567
2713
2801
2970
3109
3207
3020
3193
3349
3125
3249
3210
3111
3352
3410
3166
3394
3339
3560
3657
3879
3790
3730
3602
3504
3561
3657
3767
3936
3875
4076
4224
4044
4083
4068
4204
3983
4158
3944
4188
3946
4030
3910
4094
3911
3741
3768
3957
3827
3759
3951
3914
3701
3740
3888
3693
3837
4079
4219
4418
4526
4557
4472
4554
4598
4838
5030
5105
5164
5348
5397
5616
5607
5800
5823
5834
5866
5903
6125
6069
6183
6300
6083
5912
6087
5923
5772
5804
5781
5678
5737
5753
5623
5572
5346
5236
5392
5556
5669
5549
5474
5237
5033
5179
4986
5029
5209
5301
5081
5001
5132
5143
4966
4771
4787
4808
4846
4909
5095
4881
4695
4673
4809
4785
4817
4844
4846
4648
4615
4667
4427
4476
4358
4278
4328
4383
4146
4026
3790
3870
3863
3639
3491
3390
3415
3195
3081
2973
2733
2700
2777
2563
2634
2407
2631
2751
2513
2284
2522
2281
2435
2496
2675
2608
2496
2447
2494
2285
2258
2145
2124
2272
2196
2364
2427
2231
2406
2363
2278
2500
2642
2862
2752
2817
2609
2686
2833
2722
2661
2686
2862
2780
2930
2873
3116
2984
2901
3049
3237
2996
2950
2805
2788
2627
2656
2485
2639
2487
2551
2736
2650
2525
2530
2374
2139
2383
2508
2478
2239
2078
1906
1851
1715
1963
2164
2324
2555
2605
2710
2589
2804
2727
2684
2682
2721
2657
2769
2980
2845
2615
2417
2448
2425
2431
2638
2462
2421
2471
2319
2388
2498
2501
2635
2858
2953
2978
3169
3033
2799
2928
3000
2926
3000
3095
3160
3059
3086
2936
3184
3106
3082
2867
3115
3221
3356
3112
3151
3330
3170
3396
3622
3415
3336
3409
3573
3455
3575
3718
3738
3612
3649
3853
3661
3569
3552
3385
3510
3260
3098
3095
3280
3264
3134
3284
3501
3659
3478
3548
3599
3608
3672
3437
3586
3662
3887
3654
3863
3743
3813
3714
3512
3718
3799
3662
3889
4046
3958
4020
3897
3734
3783
3548
3600
3795
3888
4089
4018
4094
4337
4290
4367
4479
4451
4260
4247
4002
3900
4011
3919
3759
3564
3677
3771
3983
3910
4157
4284
4266
4321
4518
4761
4641
4882
5081
5228
5081
4948
4733
4860
4991
5110
5201
5080
5126
4952
5043
5081
5251
5109
4969
4773
4854
4922
4978
4988
4767
5014
4783
4711
4526
4681
4870
4955
5182
5422
5560
5765
5831
5814
6037
5809
5711
5501
5378
5305
5281
5277
5197
5135
5176
5068
4998
4758
4756
4690
4683
4669
4771
4869
4639
4860
4976
4849
5022
5064
5198
5114
5243
5090
5147
4946
5189
5049
5160
5344
5474
5319
5459
5630
5828
5746
5702
5726
5740
5960
5775
5800
5945
5729
5699
5677
5454
5443
5337
5546
5322
5235
5277
5149
5013
4924
5059
5042
4875
5112
4952
4902
4934
4747
4584
4452
4632
4466
4403
4220
4254
4009
4074
4126
4027
3893
3874
3855
3620
3789
3864
3929
3945
4095
3915
4143
3953
4015
4172
3959
3769
3798
3671
3493
3481
3389
3574
3457
3487
3725
3788
3972
3907
3924
4165
4231
4264
4336
4119
4339
4556
4535
4676
4780
4613
4805
4770
4800
4965
4734
4583
4658
4480
4647
4727
4563
4725
4949
4737
4849
4691
4841
4824
4923
4996
5075
5180
5416
5180
5235
5125
5208
5199
5224
5254
5271
5208
5309
5289
5461
5678
5665
5905
5705
5826
5838
6018
5873
5726
5772
5796
5662
5670
5598
5631
5456
5544
5750
5930
6039
6245
6489
6355
6153
5905
5718
5541
5304
5202
5064
5037
5180
4955
4869
5043
5141
5051
4964
4827
4893
4964
5166
4959
5151
5167
5300
5282
5519
5538
5697
5703
5755
5647
5742
5746
5583
5359
5134
5213
5344
5363
5237
5387
5247
5018
5210
4978
5099
5048
4977
4976
5010
5144
5137
4924
4920
4892
5052
5082
5215
5244
5026
5043
5188
5437
5243
5407
5501
5436
5336
5318
5499
5584
5619
5735
5660
5771
5928
5789
5778
5571
5674
5459
5316
5243
5273
5405
5566
5641
5831
5697
5859
5801
5651
5514
5366
5227
5047
4894
4763
4996
4986
4905
5048
5181
5430
5236
5386
5176
4966
4981
5178
5358
5119
5196
5123
4924
5162
5285
5471
5246
5332
5180
5131
5295
5284
5368
5605
5499
5395
5240
5252
5298
5345
5486
5495
5507
5299
5251
5317
5404
5343
5260
5443
5646
5698
5922
5858
5955
5733
5805
6035
6063
5869
5792
6036
6244
6455
6354
6219
6252
6138
6087
6237
6032
6045
5802
5983
5884
5690
5674
5563
5410
5659
5516
5605
5683
5498
5722
5697
5786
6022
6241
6349
6306
6077
5845
5878
5696
5611
5767
5523
5478
5597
5584
5647
5443
5369
5425
5250
5454
5467
5423
5432
5423
5454
5611
5769
5998
6144
6082
5980
5776
5625
5713
5698
5886
5695
5864
5948
5927
5996
5824
5882
5855
5746
5718
5593
5466
5560
5340
5327
5437
5242
5250
5269
5242
5068
5110
5205
4985
4929
4976
5027
5262
5312
5198
5256
5039
4949
4980
4764
4774
4744
4576
4700
4733
4824
4707
4890
4925
4943
5121
5338
5343
5450
5290
5118
5121
5344
5558
5560
5720
5964
6020
5882
5664
5882
5891
5879
6004
6104
6297
6524
6346
6533
6473
6422
6213
6225
6181
6063
5953
5925
5744
5793
5555
5531
5514
5647
5729
5703
5676
5614
5782
5882
5984
5976
5853
5816
6052
5921
5870
6079
6277
6153
6246
6359
6242
6299
6420
6357
6200
6097
6266
6074
6242
6195
6315
6227
6161
6062
6082
6287
6394
6518
6721
6840
6742
6832
6907
7084
7234
7219
7073
6859
6749
6953
7056
7018
7233
7449
7669
7575
7328
7259
7332
7516
7577
7369
7489
7670
7597
7802
7860
7777
7810
7909
8076
8237
8345
8454
8391
8214
8113
8044
8034
8125
8015
8127
8201
8325
8080
8185
8370
8379
8532
8706
8753
8676
8443
8506
8328
8088
7897
7855
7707
7647
7525
7499
7585
7568
7349
7277
7248
7242
7393
7536
7635
7872
7746
7662
7412
7475
7675
7791
7985
8143
8116
8071
8184
8121
8146
7960
8155
8288
8439
8559
8348
8450
8566
8748
8808
8915
9098
9217
9068
8874
9120
9054
9028
8945
8812
8585
8402
8542
8482
8476
8709
8864
8898
8757
8649
8420
8513
8629
8782
8997
8862
9004
8802
9005
8783
8658
8592
8477
8592
8551
8327
8414
8293
8438
8487
8701
8596
8355
8340
8487
8258
8304
8109
7873
8025
8204
8173
8035
7931
7853
8026
7925
7915
7823
7712
7720
7947
7835
7947
7836
7655
7594
7646
7655
7767
7987
8054
8184
8146
8206
8374
8254
8297
8154
8052
8265
8378
8180
8245
8455
8406
8477
8555
8613
8730
8785
8946
8927
8719
8476
8471
8274
8186
8086
8171
8349
8586
8521
8601
8665
8867
9045
8852
9054
9269
9456
9348
9125
8882
8743
8684
8547
8557
8381
8471
8629
8571
8737
8969
9146
9008
9177
9033
9255
9362
9194
9376
9162
9111
9249
9172
9041
8887
8668
8427
8291
8196
8147
8072
8255
8053
8177
8258
8268
8466
8560
8629
8576
8404
8642
8792
8938
8903
8792
8954
8986
8825
8745
8582
8468
8661
8560
8746
8984
9167
9215
9355
9295
9384
9441
9615
9583
9736
9682
9440
9209
9391
9438
9440
9624
9810
9629
9510
9511
9635
9725
9844
9751
9941
9886
9673
9737
9972
9773
9787
9952
10136
9917
10042
10228
10245
10346
10385
10221
10280
10400
10292
10211
10211
10148
10255
10111
10075
10063
10057
10191
10387
10306
10298
10296
10486
10276
10119
9922
10084
9857
9740
9750
9552
9561
9505
9734
9734
9770
9613
9431
9594
9724
9951
10145
10102
10275
10164
10064
10284
10205
10016
9789
9677
9574
9326
9490
9329
9302
9433
9195
9337
9517
9346
9464
9660
9749
9770
9535
9527
9685
9786
9623
9673
9740
9552
9445
9230
9057
9013
9161
9052
8848
9030
9268
9345
9497
9543
9535
9649
9414
9510
9283
9208
9039
9218
9144
9065
8965
9195
9356
9488
9669
9770
9607
9386
9251
9118
8881
9119
9000
8762
8619
8425
8286
8355
8330
8373
8440
8674
8636
8803
8791
8563
8415
8520
8697
8776
8771
8976
9088
9270
9231
9170
9264
9333
9280
9161
9262
9193
9166
9406
9519
9717
9753
9993
9801
9839
9915
10048
10019
10158
9961
10027
9924
9785
9874
10008
10201
10055
9952
10186
10274
10085
10197
10347
10247
10132
10129
10249
10323
10121
9935
10175
10374
10323
10354
10306
10517
10716
10667
10557
10622
10810
10921
11003
11109
10971
10784
10745
10777
10983
10905
10970
10841
10731
10905
11103
11270
11087
11320
11070
11119
10949
10901
10793
10931
10898
11116
11328
11410
11576
11750
11955
11925
11927
12077
11886
11727
11863
12099
12214
12248
12063
11833
11865
12070
12010
12255
12436
12574
12382
12580
12457
12659
12450
12323
12511
12579
12412
12272
12270
12204
12407
12525
12493
12571
12534
12640
12422
12179
11970
12205
12454
12676
12493
12345
12396
12565
12742
12725
12519
12715
12846
12817
13048
13184
13289
13391
13209
13033
13210
13014
12993
12823
12677
12439
12564
12560
12678
12528
12602
12642
12800
12794
13013
