12
2
27
12
20
8
43
48
73
50
62
22
1
43
6
35
45
18
1
37
5
13
54
15
49
56
48
89
60
82
122
90
139
116
73
44
84
55
79
86
83
130
94
67
79
73
82
88
113
96
83
78
117
116
163
170
122
80
99
66
80
127
163
123
107
121
165
212
238
256
302
268
232
210
207
186
224
268
228
277
270
284
330
351
381
390
417
412
460
452
472
436
440
400
413
411
409
396
401
429
473
478
516
555
541
558
517
536
528
508
553
534
492
480
455
427
470
447
411
369
410
377
374
334
353
390
397
365
365
370
369
385
372
340
377
328
367
333
344
331
283
313
303
272
291
336
322
312
299
340
326
299
275
295
289
249
239
270
227
237
253
221
231
213
200
164
209
200
181
181
144
182
182
156
179
160
128
143
104
105
83
110
106
98
125
151
148
99
51
22
34
69
118
150
164
166
204
220
264
238
222
182
169
123
164
169
157
148
126
146
147
128
105
88
85
71
69
63
71
66
96
65
37
85
72
95
81
64
65
92
111
61
43
17
31
58
52
33
49
11
37
85
63
49
31
5
5
16
26
57
49
93
108
73
119
152
136
118
77
87
114
74
103
111
143
130
107
59
79
100
117
132
113
71
38
69
84
123
150
157
139
119
112
110
148
137
125
93
119
139
184
181
166
191
193
221
254
292
312
280
230
276
239
215
172
131
119
94
115
85
73
39
28
72
62
47
46
16
8
5
14
23
49
97
139
107
98
98
103
113
127
101
52
100
148
196
225
259
302
278
231
191
236
206
234
247
291
323
362
384
354
381
403
416
385
335
349
324
275
276
307
344
373
377
329
367
356
395
376
387
400
364
363
347
299
295
330
338
289
250
253
289
251
293
259
270
297
289
329
304
317
284
243
290
333
381
404
406
433
421
464
427
384
391
432
434
409
422
420
403
360
311
356
355
338
334
356
375
371
409
458
431
446
396
404
390
343
319
352
364
356
359
312
293
243
259
266
299
286
302
342
345
314
342
385
405
371
410
400
405
389
354
331
375
334
302
293
303
280
281
282
258
230
270
316
335
380
363
346
368
375
356
374
382
363
354
321
285
276
238
271
264
252
210
169
161
131
102
86
110
111
81
72
83
127
81
116
139
98
75
52
7
17
34
33
48
56
45
71
83
60
63
47
15
52
62
37
85
128
159
114
93
135
135
120
94
131
158
193
177
172
163
138
177
215
181
187
194
159
134
177
173
156
166
116
71
73
50
53
67
113
129
134
151
114
151
122
74
105
141
164
136
127
82
40
47
37
44
2
18
8
47
32
44
42
31
0
23
67
94
110
136
87
116
69
71
75
109
61
35
62
79
116
91
94
109
149
140
121
166
127
78
39
66
43
74
45
42
63
23
26
69
67
90
124
126
94
95
137
87
111
118
112
125
145
132
137
102
128
124
76
69
72
91
45
22
23
36
80
124
83
51
4
32
69
71
77
27
13
9
12
30
3
27
56
30
21
2
22
30
58
22
6
24
16
44
69
70
110
79
66
39
54
83
35
60
90
46
51
44
67
47
57
65
93
69
99
134
110
151
177
144
128
129
127
166
208
159
208
220
219
177
224
201
159
157
151
107
137
106
149
104
152
143
165
157
168
140
92
70
110
148
167
184
182
162
160
141
152
122
139
144
106
101
110
128
112
69
34
11
23
51
54
27
12
24
15
6
55
33
35
42
0
24
25
69
107
69
28
18
2
40
71
49
25
27
20
44
47
50
39
73
103
69
76
44
19
52
40
61
54
10
7
35
13
35
53
85
125
129
177
209
227
198
227
184
160
186
188
191
183
165
204
211
250
234
226
262
238
199
180
199
240
274
252
275
246
204
203
208
207
199
177
149
153
166
205
214
227
269
317
355
338
332
310
297
320
309
333
380
384
416
439
426
392
435
426
462
426
387
348
303
317
275
306
264
301
274
253
300
279
299
328
335
326
303
351
397
358
356
341
356
350
328
323
282
258
231
220
241
206
192
190
205
224
188
230
249
292
251
271
222
194
227
261
268
262
300
317
333
317
297
286
305
350
378
394
402
419
400
370
324
275
253
262
281
313
313
320
273
274
317
346
304
272
288
265
252
222
220
170
209
223
195
212
237
248
266
297
307
302
257
220
254
257
261
306
301
279
240
233
272
297
331
284
311
313
349
318
351
319
346
314
328
313
354
395
355
396
355
382
411
460
456
498
491
447
408
448
468
448
411
410
421
429
436
410
396
407
449
413
390
422
402
363
339
328
294
297
276
240
210
231
271
250
202
198
187
138
157
177
219
247
263
312
287
329
352
313
310
316
320
358
366
380
399
352
324
345
358
406
386
420
459
505
530
502
507
524
486
490
517
479
454
498
469
501
545
539
496
482
506
510
468
475
433
418
393
356
344
322
324
300
279
270
295
253
269
300
288
256
294
336
323
354
335
315
292
338
338
305
299
320
320
314
279
238
252
272
253
263
291
331
303
315
301
291
245
214
263
283
326
368
407
417
412
362
358
308
275
324
357
335
360
349
361
334
364
324
287
290
327
358
337
361
314
317
272
261
233
203
244
233
220
219
179
219
240
225
185
146
105
118
76
110
108
131
94
140
119
93
100
137
101
123
142
177
177
210
242
242
223
214
262
241
191
230
206
233
186
154
111
107
115
78
115
65
98
53
3
44
11
8
0
3
21
17
17
17
59
74
97
140
114
143
160
115
71
22
15
36
21
5
32
75
47
70
28
65
88
82
78
60
85
111
74
68
102
127
129
97
64
42
10
8
29
64
82
119
122
137
161
127
161
143
112
119
133
175
166
162
121
100
78
83
84
101
113
146
124
171
216
171
219
196
226
240
190
160
130
100
68
75
121
137
89
91
76
77
56
24
24
69
65
45
4
31
7
36
72
103
78
101
91
82
58
31
29
14
33
15
18
48
21
59
76
44
43
0
36
12
3
9
31
70
114
104
55
62
27
5
38
79
57
87
63
62
56
38
1
14
45
27
8
35
56
38
23
22
27
18
25
13
3
33
2
3
4
44
40
10
28
19
3
35
82
80
97
111
65
22
62
104
110
152
184
196
237
253
238
233
249
259
306
284
275
301
321
370
339
335
380
409
422
425
473
471
470
438
436
458
470
447
432
404
355
341
351
372
415
406
384
404
375
378
398
374
415
452
457
473
505
506
524
552
550
501
517
510
543
534
569
572
579
572
614
579
613
585
567
581
550
516
477
470
455
421
448
400
382
378
398
426
403
428
466
419
461
481
514
553
505
550
568
594
612
651
643
630
649
668
691
710
670
682
637
619
585
611
632
632
669
694
724
688
733
765
739
716
759
755
787
797
823
789
763
753
757
728
717
753
715
711
707
704
711
746
696
745
745
725
742
748
732
742
694
666
680
726
716
738
701
707
662
633
638
645
689
712
697
660
647
618
652
680
703
720
679
657
646
649
679
728
696
675
724
756
729
753
784
734
768
816
794
793
799
767
760
720
676
667
659
687
675
685
685
708
691
659
643
655
620
645
651
642
685
648
659
631
622
606
646
654
686
734
734
718
721
732
733
718
747
748
725
755
738
766
738
786
743
752
784
765
787
770
793
749
702
671
625
578
577
590
545
576
565
608
607
648
611
630
670
695
685
635
645
656
607
630
663
656
679
714
674
692
647
600
578
576
623
669
694
703
694
706
664
657
610
619
601
629
656
664
667
705
721
746
702
664
621
601
626
618
590
613
635
633
658
707
727
722
718
756
805
802
847
838
830
805
825
870
907
861
906
936
931
921
962
914
889
912
866
898
871
904
914
865
883
869
838
886
895
942
944
899
912
869
918
955
945
896
856
894
922
905
935
901
932
893
846
838
804
756
783
766
786
767
750
787
789
780
800
794
750
786
748
737
749
777
764
739
755
707
663
667
624
621
601
555
600
576
534
528
557
520
535
510
555
604
597
551
549
569
605
632
675
708
735
736
767
811
817
848
816
793
821
773
776
769
735
784
744
705
660
632
595
573
605
573
538
505
541
515
530
512
527
545
534
547
501
459
438
484
459
438
454
422
396
394
351
372
384
374
383
402
451
500
494
444
459
462
508
466
445
402
397
369
324
343
358
384
345
377
389
393
365
407
402
365
371
394
350
351
382
407
407
386
379
348
315
354
335
312
291
306
305
326
290
264
274
270
318
310
307
305
340
326
283
304
327
287
273
250
239
284
281
321
274
255
280
297
318
360
336
350
351
311
274
274
241
259
222
182
175
183
151
155
164
144
99
123
139
145
148
196
235
201
213
186
226
251
209
189
150
152
181
157
186
173
159
172
132
134
124
148
192
147
192
169
172
126
158
187
188
158
201
166
125
80
72
94
90
40
43
86
85
88
46
12
9
0
5
43
3
24
47
7
3
4
42
89
96
142
137
178
194
187
151
124
144
141
161
142
135
140
173
214
240
255
276
302
265
237
259
216
232
268
261
248
204
213
238
263
280
275
254
280
287
242
230
216
239
240
262
293
264
286
270
260
282
324
330
303
270
246
243
214
192
189
152
138
165
168
142
165
189
232
224
216
222
192
232
266
280
312
273
239
275
225
248
216
214
195
160
192
199
208
195
225
253
256
292
314
328
339
308
302
270
273
308
276
264
239
245
197
230
219
200
239
245
201
202
191
141
153
124
75
46
59
24
71
87
103
53
100
144
170
187
208
202
238
189
187
194
229
221
176
186
219
213
222
203
153
140
167
167
126
168
183
159
122
122
161
174
213
221
198
227
226
269
314
275
280
328
360
324
342
357
330
345
337
325
300
253
213
196
146
104
142
161
166
177
154
109
71
59
46
20
54
36
4
23
69
49
68
111
136
181
201
200
215
203
178
172
126
84
100
82
72
69
95
95
61
57
32
36
74
82
48
4
45
27
28
22
18
59
108
128
78
64
75
50
78
97
124
168
123
108
108
121
136
112
142
113
83
90
56
76
49
8
44
86
131
112
77
125
117
98
94
110
65
91
128
112
137
109
109
101
136
134
159
146
168
166
184
140
114
67
64
85
100
70
66
30
7
1
47
1
41
63
59
67
72
33
10
17
49
83
111
116
100
88
75
41
40
83
103
93
115
65
31
45
58
23
45
2
1
26
1
44
16
62
62
72
39
11
16
24
72
78
69
110
122
77
61
40
12
58
11
31
9
4
53
69
95
74
70
94
81
99
145
138
181
142
162
192
178
139
158
181
173
197
241
197
205
228
221
206
235
259
280
237
254
239
262
302
330
352
323
371
412
385
366
348
377
357
377
404
358
326
276
324
355
335
356
343
334
361
324
315
297
298
344
296
277
229
267
270
270
319
309
327
374
407
390
366
324
298
343
338
306
282
299
330
288
303
335
332
336
361
366
384
334
366
374
327
286
282
236
259
296
275
295
302
342
375
337
364
325
329
345
320
368
388
380
423
459
446
443
439
465
444
448
436
457
485
442
457
430
443
453
496
466
469
428
463
507
524
561
536
565
602
600
564
601
633
665
657
613
617
606
644
623
612
587
537
580
588
630
638
589
567
537
492
446
452
416
438
424
457
503
536
498
540
502
510
496
460
464
508
519
519
471
451
471
515
480
448
434
460
433
424
400
381
375
392
374
378
357
395
440
430
427
416
396
414
429
476
497
467
484
443
480
479
484
468
453
484
450
438
403
449
448
415
405
371
339
309
319
364
353
393
416
430
388
351
330
353
377
329
362
383
395
409
396
419
427
473
514
560
532
538
495
498
467
457
503
522
499
529
533
501
500
520
558
558
518
478
471
492
531
515
510
536
551
506
509
538
497
451
444
418
430
466
477
429
478
505
480
455
496
541
508
537
567
585
587
541
504
532
572
560
608
622
577
530
480
444
412
436
422
420
462
486
475
442
446
403
369
414
378
376
414
388
354
360
391
370
343
310
345
325
279
306
277
261
222
189
215
202
167
138
99
55
19
5
47
68
49
59
38
45
1
21
25
50
60
14
22
29
41
44
85
74
67
103
130
168
200
247
272
224
239
251
299
253
279
296
288
283
239
256
223
272
252
295
245
236
222
179
146
129
90
73
67
37
8
34
68
24
58
18
37
45
0
4
35
36
20
53
51
12
36
63
70
79
103
143
178
138
112
119
119
81
81
82
125
117
154
134
171
203
216
245
283
252
215
261
261
279
229
206
218
196
208
238
234
202
233
269
276
300
327
303
347
368
363
328
349
353
303
352
348
309
310
265
301
346
321
362
395
406
443
434
397
408
417
431
419
403
353
395
432
420
460
501
521
518
509
557
600
561
563
610
635
603
645
644
629
620
584
569
565
601
644
643
649
647
664
688
686
668
703
674
660
676
636
649
630
625
597
565
593
569
571
552
558
598
639
683
690
693
687
735
715
706
682
652
695
697
683
654
686
692
669
649
603
641
654
611
619
666
627
630
606
577
581
564
600
611
614
636
615
650
629
662
672
662
709
693
684
693
709
751
711
726
774
741
692
672
635
647
659
648
613
623
661
657
675
663
661
640
618
615
640
674
628
676
725
700
736
764
760
725
686
693
721
705
740
716
712
692
650
635
664
693
727
679
680
687
723
760
766
792
753
748
792
779
789
749
792
781
731
708
661
691
670
645
599
557
556
562
532
546
577
562
532
555
557
507
463
450
402
443
433
409
368
340
375
347
346
312
350
334
351
370
329
334
287
251
293
254
264
264
257
224
185
205
250
220
189
187
230
222
265
215
194
176
225
241
193
212
225
250
264
223
265
285
288
241
269
254
215
169
178
177
161
198
236
219
181
184
195
166
135
159
203
208
159
139
150
125
133
179
163
158
114
119
93
124
95
109
110
115
104
145
99
118
78
32
36
26
1
10
16
54
11
0
3
15
64
18
61
22
37
35
32
9
16
28
4
14
56
63
46
5
45
45
75
39
64
62
83
59
48
41
46
8
32
37
40
79
57
94
121
133
110
89
100
63
84
76
56
35
1
44
5
46
15
38
8
37
78
122
120
100
85
105
56
37
10
28
75
49
79
46
76
73
37
28
22
22
49
72
86
118
79
44
0
16
28
31
70
109
130
162
180
216
255
243
279
230
223
252
300
266
312
279
250
283
289
319
312
355
325
343
354
360
355
404
367
401
354
340
360
311
331
350
326
280
290
296
255
257
276
265
312
313
286
238
227
269
305
312
280
323
295
324
359
314
350
312
356
338
327
325
279
278
291
243
286
252
283
245
223
227
235
270
298
318
280
267
314
321
284
239
283
320
328
357
368
400
354
391
373
415
394
390
409
421
420
444
408
425
443
424
420
394
346
310
323
299
337
359
374
378
415
387
397
405
381
382
352
319
356
322
339
368
328
331
347
387
370
397
366
350
347
392
386
424
468
445
412
410
381
388
383
405
446
405
439
431
430
446
483
530
553
580
585
587
601
634
589
616
624
641
662
648
622
611
654
697
676
664
644
608
640
615
612
604
607
639
616
591
543
502
530
499
494
495
480
458
453
425
454
451
482
435
441
407
377
340
294
341
332
335
307
333
350
377
411
435
473
469
501
518
555
574
555
561
592
596
639
614
646
640
672
713
669
639
610
568
600
574
580
578
618
581
576
560
590
635
632
629
621
621
611
660
612
615
575
528
499
479
515
512
477
462
488
474
488
502
496
482
443
459
491
520
494
494
539
562
579
544
506
491
526
575
567
609
638
680
709
689
689
667
635
619
654
680
648
636
661
705
704
680
668
647
676
657
655
636
670
716
666
652
669
703
701
731
779
815
857
820
835
817
775
783
733
698
721
675
679
645
665
624
591
616
651
610
573
603
642
594
619
587
608
621
598
584
570
536
572
604
626
591
633
584
540
514
511
522
511
534
543
494
484
511
537
505
496
538
545
507
533
578
626
628
594
555
595
622
624
668
703
694
704
713
707
742
693
714
753
786
778
743
785
779
792
818
829
798
805
770
801
818
786
737
731
778
744
777
751
756
801
760
719
764
743
719
697
681
667
676
704
721
707
733
689
707
732
698
681
725
692
731
712
718
723
711
710
694
735
694
684
723
700
746
779
765
742
789
761
727
771
746
739
726
739
781
821
774
795
779
757
738
782
744
752
717
687
697
675
656
675
676
664
659
645
683
633
621
622
638
638
600
554
541
578
555
526
510
470
516
520
476
498
545
545
592
564
535
525
558
572
603
582
595
614
595
585
630
601
570
542
519
536
519
480
447
431
407
398
409
376
338
378
365
335
352
377
336
330
359
356
340
357
400
439
442
456
411
411
362
362
337
292
260
307
269
236
263
256
219
252
227
236
265
299
254
264
214
227
209
213
173
151
156
194
220
258
224
234
220
196
161
206
252
258
244
273
302
311
326
371
390
409
391
385
370
322
324
307
270
242
267
275
320
361
374
388
398
375
388
435
436
481
522
504
467
514
535
541
500
456
491
500
489
511
559
588
595
584
591
604
572
567
599
557
578
533
556
534
542
549
536
543
563
547
595
563
600
625
649
610
631
609
657
627
662
687
711
713
687
707
663
633
618
657
680
721
707
734
750
744
768
736
717
751
745
790
793
785
812
807
824
858
868
905
913
951
995
1044
1026
1075
1092
1044
1040
1007
995
1016
1020
998
1011
1000
1021
1033
1008
1035
1077
1035
1043
998
954
914
895
911
928
905
952
914
881
884
834
833
836
812
826
839
867
842
861
900
890
926
941
962
942
898
928
975
953
912
939
907
943
970
1014
1032
1030
1059
1086
1117
1143
1151
1127
1145
1172
1217
1185
1135
1155
1112
1151
1193
1152
1158
1176
1217
1203
1203
1250
1250
1294
1340
1366
1329
1355
1372
1412
1392
1398
1437
1441
1474
1494
1445
1414
1384
1400
1437
1418
1398
1417
1367
1359
1321
1290
1275
1275
1250
1294
1284
1281
1234
1184
1188
1202
1200
1155
1138
1120
1077
1082
1076
1109
1111
1116
1140
1178
1178
1144
1129
1168
1190
1151
1141
1095
1071
1080
1037
1006
1014
1033
1012
1027
1062
1015
1003
964
992
951
974
933
952
956
958
935
938
918
966
943
928
922
966
943
940
960
967
1000
1021
979
1027
1020
1030
985
970
991
942
914
890
870
916
949
924
966
987
994
1029
993
993
1025
1043
1011
1034
1058
1023
1019
1028
1015
1019
1033
1019
975
1014
1055
1012
1030
1062
1039
1066
1064
1020
1005
1012
966
990
1018
1035
993
989
968
934
979
976
987
1015
1007
975
1021
1053
1010
1031
1055
1044
1021
983
980
1003
983
958
972
990
1021
1015
975
957
1003
1051
1067
1071
1115
1120
1111
1112
1091
1138
1103
1112
1080
1037
998
1029
990
941
963
983
941
942
900
865
892
852
880
904
875
880
901
927
958
954
996
1030
1076
1114
1116
1086
1104
1062
1105
1132
1130
1132
1147
1183
1218
1180
1218
1232
1251
1235
1249
1237
1285
1263
1225
1215
1170
1148
1153
1182
1171
1147
1134
1098
1066
1050
1049
1043
1054
1011
1058
1070
1103
1063
1072
1025
985
974
990
1019
1028
1036
1060
1104
1146
1106
1069
1077
1036
1027
986
983
949
955
910
904
889
876
835
849
804
794
816
796
818
814
834
831
871
824
802
814
846
799
762
731
779
817
851
850
836
800
837
876
892
903
923
927
966
988
1035
1047
1047
1087
1066
1099
1128
1110
1078
1090
1139
1181
1154
1145
1102
1141
1100
1130
1162
1197
1187
1157
1151
1113
1155
1121
1114
1074
1098
1091
1113
1159
1130
1094
1086
1090
1076
1054
1050
1010
1023
1007
984
971
987
1003
957
1001
1025
1074
1074
1046
1042
1024
1004
994
957
934
969
1014
996
950
969
987
974
976
991
959
957
987
959
923
940
956
971
976
966
928
891
924
882
926
943
941
983
998
1005
1044
1078
1074
1113
1083
1123
1131
1081
1051
1038
1000
1003
1050
1014
1048
1039
1021
1011
1000
1029
1039
990
1021
983
1000
986
941
900
893
849
881
911
951
939
905
864
913
887
856
821
777
806
813
821
849
838
817
779
777
822
816
785
749
717
694
719
757
710
664
703
745
737
701
734
759
724
713
735
781
799
795
749
758
731
717
669
708
690
651
684
682
707
710
683
649
685
640
680
702
683
635
636
663
617
575
612
582
533
580
584
589
580
627
650
648
636
619
616
611
635
640
593
604
650
608
609
598
599
583
603
650
669
674
672
669
643
629
674
684
645
647
614
615
590
634
623
583
571
522
565
574
621
660
611
579
577
585
560
580
600
608
601
610
641
690
675
663
635
648
652
621
618
652
633
617
662
627
643
691
736
717
743
736
699
722
756
754
794
770
776
805
770
793
842
804
853
818
843
875
915
964
919
908
935
915
899
861
846
832
876
843
872
904
909
929
931
937
952
1000
981
1012
1052
1047
1001
969
999
992
992
1012
974
927
909
939
899
864
906
920
872
916
878
865
861
870
862
908
901
945
907
860
850
810
855
823
806
848
875
853
831
791
752
720
736
761
809
779
729
692
703
702
703
750
709
692
736
770
756
795
835
858
904
907
903
909
893
927
946
971
936
956
974
947
954
937
923
965
1013
1061
1069
1025
1001
1002
968
971
977
987
1002
955
996
1040
1000
1029
1031
1053
1060
1054
1070
1023
1035
1016
1050
1000
977
929
939
984
995
996
990
1032
999
987
954
991
1016
967
975
1020
1045
1029
1024
983
1024
1003
1033
1061
1039
1070
1044
995
1010
978
1018
1009
1057
1089
1046
1056
1076
1031
1010
1020
1035
1075
1038
1066
1063
1043
1081
1033
1035
1010
997
978
1000
974
931
962
1007
1012
965
985
965
979
959
992
1017
1019
994
953
909
919
917
872
858
852
899
897
883
893
874
892
900
884
843
794
800
804
773
773
806
851
823
777
792
817
809
858
838
842
806
823
835
791
791
784
751
777
781
768
796
748
773
808
835
850
845
798
831
820
811
792
805
759
734
724
764
809
854
830
852
824
802
831
801
841
813
785
803
849
879
925
951
937
932
928
925
948
931
975
932
938
940
892
909
865
863
860
859
836
854
830
833
784
772
789
749
716
694
712
744
737
741
750
768
729
771
797
791
833
846
850
878
857
829
863
902
912
875
860
868
867
904
918
904
866
823
807
795
756
721
723
730
699
662
680
650
644
608
571
577
606
593
598
564
551
520
473
432
415
389
375
365
316
326
325
307
330
341
347
380
339
299
268
288
316
320
301
288
244
194
172
196
154
120
106
152
192
177
218
230
272
295
287
277
234
204
211
171
148
171
172
142
105
88
123
83
120
134
121
108
140
157
154
122
83
38
79
64
104
61
102
140
170
168
143
172
209
174
169
119
100
136
138
97
143
93
81
31
78
63
72
66
59
67
48
66
64
84
109
91
49
7
45
67
79
96
103
126
124
129
144
152
160
127
135
110
136
90
99
134
162
181
157
151
103
68
51
37
59
102
72
92
94
139
183
172
162
170
168
204
169
169
151
164
201
180
186
137
129
178
148
112
151
193
154
159
120
149
185
176
130
102
111
97
140
115
88
56
66
89
64
62
109
120
130
135
150
162
200
245
288
240
233
255
278
287
319
292
297
309
342
292
296
265
297
265
220
249
201
213
201
238
197
227
261
277
325
318
333
365
354
363
315
360
320
274
233
273
236
276
280
288
264
236
264
225
207
244
226
236
243
258
