429
12
489
2
706
27
679
12
449
20
233
8
189
43
112
48
112
73
16
50
109
62
138
22
199
1
364
43
402
6
156
35
379
45
532
18
701
1
873
37
1049
5
1285
13
1137
54
1079
15
1177
49
1131
56
1279
48
1148
89
1340
60
1272
82
1066
122
1227
90
1097
139
1119
116
1174
73
1141
44
921
84
681
55
777
79
737
86
787
83
848
130
840
94
1046
67
914
79
1120
73
991
82
775
88
528
113
547
96
362
83
519
78
609
117
607
116
373
163
321
170
455
122
508
80
373
99
552
66
782
80
669
127
610
163
850
123
954
107
1127
121
1226
165
1060
212
1300
238
1096
256
1186
302
1144
268
1249
232
1416
210
1216
207
1139
186
1374
224
1341
268
1334
228
1262
277
1364
270
1211
284
1231
330
1189
351
1188
381
963
390
880
417
881
412
1116
460
1090
452
882
472
1083
436
926
440
1080
400
1181
413
1243
411
1264
409
1414
396
1376
401
1153
429
1299
473
1262
478
1316
516
1165
555
1268
541
1131
558
1046
517
1185
536
1329
528
1303
508
1273
553
1127
534
1320
492
1152
480
910
455
693
427
733
470
906
447
1050
411
1226
369
1223
410
1293
377
1412
374
1553
334
1736
353
1906
390
1678
397
1746
365
1932
365
1727
370
1602
369
1356
385
1453
372
1350
340
1351
377
1113
328
1042
367
850
333
862
344
907
331
737
283
896
313
891
303
814
272
749
291
860
336
852
322
961
312
945
299
733
340
604
326
752
299
989
275
927
295
719
289
770
249
534
239
483
270
284
227
360
237
284
253
345
221
101
231
283
213
273
200
49
164
253
209
72
200
261
181
185
181
352
144
566
182
386
182
274
156
405
179
192
160
234
128
461
143
699
104
594
105
355
83
303
110
420
106
194
98
46
125
133
151
223
148
214
99
452
51
414
22
260
34
436
69
386
118
450
150
429
164
201
166
235
204
50
220
83
264
155
238
0
222
69
182
9
169
226
123
164
164
29
169
62
157
21
148
217
126
242
146
166
147
360
128
376
105
377
88
295
85
149
71
56
69
106
63
57
71
159
66
261
96
371
65
162
37
118
85
197
72
231
95
376
81
263
64
223
65
442
92
264
111
94
61
72
43
133
17
272
31
486
58
427
52
500
33
322
49
419
11
223
37
334
85
295
63
176
49
99
31
96
5
43
5
151
16
9
26
83
57
202
49
409
93
555
108
690
73
701
119
514
152
361
136
171
118
373
77
321
87
436
114
273
74
185
103
15
111
220
143
361
130
377
107
159
59
22
79
240
100
218
117
295
132
60
113
154
71
226
38
163
69
243
84
269
123
146
150
19
157
122
139
193
119
69
112
292
110
182
148
346
137
481
125
395
93
240
119
159
139
72
184
107
181
138
166
224
191
257
193
339
221
325
254
525
292
349
312
221
280
244
230
351
276
212
239
26
215
19
172
12
131
164
119
196
94
52
115
123
85
316
73
124
39
229
28
4
72
79
62
241
47
329
46
247
16
487
8
393
5
176
14
116
23
230
49
42
97
31
139
99
107
122
98
251
98
401
103
243
113
410
127
433
101
281
52
351
100
399
148
343
196
333
225
176
259
373
302
472
278
429
231
274
191
406
236
206
206
192
234
286
247
456
291
363
323
315
362
147
384
6
354
117
381
29
403
200
416
293
385
499
335
261
349
396
324
523
275
495
276
337
307
181
344
150
373
25
377
222
329
168
367
29
356
208
395
103
376
67
387
52
400
10
364
28
363
57
347
175
299
144
295
371
330
536
338
694
289
872
250
902
253
801
289
697
251
798
293
605
259
580
270
661
297
903
289
1069
329
1126
304
1269
317
1209
284
1448
243
1659
290
1644
333
1419
381
1238
404
1230
406
1160
433
1083
421
1078
464
1260
427
1119
384
1016
391
922
432
857
434
635
409
426
422
379
420
175
403
31
360
145
311
92
356
42
355
97
338
337
334
561
356
554
375
710
371
661
409
849
458
615
431
584
446
340
396
145
404
75
390
219
343
17
319
223
352
232
364
17
356
262
359
265
312
182
293
310
243
290
259
539
266
725
299
548
286
486
302
383
342
484
345
470
314
305
342
375
385
361
405
137
371
165
410
111
400
102
405
60
389
51
354
87
331
24
375
134
334
182
302
165
293
367
303
229
280
476
281
545
282
649
258
589
230
613
270
506
316
334
335
561
380
619
363
613
346
476
368
587
375
665
356
884
374
886
382
1047
363
1294
354
1260
321
1490
285
1292
276
1094
238
1180
271
1327
264
1568
252
1752
210
1799
169
1603
161
1760
131
1728
102
1900
86
2072
110
2138
111
2195
81
2363
72
2408
83
2414
127
2622
81
2679
116
2462
139
2680
98
2821
75
2870
52
2813
7
3025
17
3265
34
3128
33
3200
48
3058
56
3076
45
3039
71
3081
83
2865
60
2785
63
2735
47
2770
15
2698
52
2799
62
2989
37
2896
85
2692
128
2681
159
2714
114
2837
93
2731
135
2522
135
2574
120
2786
94
2991
131
2887
158
2953
193
3035
177
2900
172
2832
163
2874
138
2838
177
2709
215
2836
181
2894
187
2652
194
2467
159
2482
134
2484
177
2455
173
2687
156
2715
166
2697
116
2503
71
2673
73
2835
50
2858
53
2829
67
3058
113
2834
129
2817
134
2982
151
3153
114
3356
151
3258
122
3120
74
3267
105
3224
141
3301
164
3361
136
3305
127
3355
82
3165
40
3223
47
3340
37
3326
44
3429
2
3636
18
3788
8
3952
47
4187
32
4383
44
4500
42
4364
31
4539
0
4374
23
4566
67
4361
94
4159
110
4262
136
4060
87
4276
116
4180
69
3980
71
4041
75
3838
109
4070
61
4062
35
3904
62
3830
79
3948
116
4014
91
3879
94
3738
109
3512
149
3633
140
3624
121
3547
166
3732
127
3873
78
3925
39
4156
66
4393
43
4584
74
4568
45
4432
42
4601
63
4592
23
4641
26
4504
69
4731
67
4702
90
4661
124
4667
126
4630
94
4742
95
4682
137
4497
87
4548
111
4630
118
4703
112
4729
125
4575
145
4514
132
4433
137
4190
102
4344
128
4421
124
4208
76
4276
69
4459
72
4633
91
4514
45
4417
22
4294
23
4368
36
4413
80
4351
124
4229
83
4364
51
4458
4
4695
32
4868
69
4895
71
4933
77
5150
27
5322
13
5307
9
5084
12
5319
30
5283
3
5161
27
5067
56
4910
30
4720
21
4875
2
4878
22
4744
30
4853
58
4735
22
4608
6
4522
24
4602
16
4411
44
4310
69
4195
70
4261
110
4027
79
4181
66
4049
39
3835
54
3840
83
3931
35
3884
60
3943
90
4153
46
4055
51
4059
44
3872
67
3844
47
3821
57
3895
65
3773
93
3542
69
3738
99
3662
134
3858
110
4005
151
4199
177
4058
144
3938
128
4014
129
4051
127
3830
166
3669
208
3755
159
3535
208
3447
220
3246
219
3161
177
3094
224
3151
201
3325
159
3271
157
3123
151
3259
107
3305
137
3347
106
3280
149
3419
104
3444
152
3626
143
3621
165
3699
157
3500
168
3262
140
3043
92
3018
70
2796
110
2878
148
2645
167
2873
184
2765
182
2681
162
2457
160
2457
141
2219
152
2071
122
2259
139
2051
144
2130
106
2217
101
2126
110
2216
128
1987
112
2133
69
2179
34
2257
11
2116
23
2201
51
2157
54
2123
27
2178
12
2030
24
1847
15
1853
6
1786
55
1601
33
1833
35
1663
42
1828
0
1754
24
1641
25
1688
69
1772
107
1953
69
1963
28
2063
18
1842
2
1630
40
1499
71
1469
49
1628
25
1616
27
1710
20
1916
44
2164
47
2350
50
2531
39
2367
73
2129
103
2015
69
1977
76
2169
44
2374
19
2129
52
2092
40
1856
61
2028
54
1900
10
1729
7
1772
35
2006
13
1756
35
1996
53
1797
85
1769
125
1874
129
1836
177
1774
209
2003
227
1771
198
1624
227
1610
184
1850
160
2088
186
1930
188
1705
191
1697
183
1639
165
1659
204
1866
211
1697
250
1591
234
1629
226
1439
262
1422
238
1199
199
1037
180
1163
199
1003
240
1129
274
1290
252
1227
275
1094
246
1182
204
1141
203
1182
208
1256
207
1059
199
908
177
918
149
826
153
1018
166
1029
205
1085
214
990
227
1058
269
988
317
1221
355
1285
338
1484
332
1726
310
1653
297
1662
320
1555
309
1482
333
1464
380
1580
384
1742
416
1905
439
1850
426
1949
392
2100
435
2192
426
2281
462
2461
426
2452
387
2319
348
2162
303
2332
317
2409
275
2358
306
2581
264
2667
301
2666
274
2842
253
3081
300
3212
279
3385
299
3389
328
3346
335
3442
326
3471
303
3272
351
3107
397
3252
358
3169
356
3114
341
2928
356
2870
350
3028
328
3181
323
2995
282
2844
258
2906
231
2857
220
3097
241
3232
206
3238
192
3321
190
3485
205
3447
224
3505
188
3545
230
3368
249
3244
292
3073
251
3007
271
2903
222
2966
194
3044
227
2938
261
2719
268
2651
262
2830
300
2858
317
2745
333
2755
317
2705
297
2657
286
2788
305
2787
350
2844
378
2788
394
2573
402
2530
419
2570
400
2594
370
2431
324
2407
275
2198
253
2357
262
2344
281
2331
313
2525
313
2320
320
2284
273
2436
274
2621
317
2860
346
2638
304
2857
272
3065
288
2960
265
3040
252
3249
222
3226
220
3017
170
2987
209
2753
223
2921
195
2720
212
2774
237
2562
248
2796
266
2666
297
2441
307
2292
302
2235
257
2305
220
2411
254
2507
257
2356
261
2235
306
1996
301
2064
279
2059
240
2196
233
2277
272
2381
297
2615
331
2368
284
2536
311
2333
313
2418
349
2473
318
2310
351
2140
319
2290
346
2332
314
2333
328
2120
313
2097
354
2077
395
2035
355
1997
396
2056
355
2050
382
2258
411
2054
460
2018
456
2002
498
1994
491
2108
447
2322
408
2396
448
2624
468
2731
448
2625
411
2436
410
2316
421
2340
429
2111
436
1972
410
2076
396
1833
407
1894
449
1715
413
1665
390
1640
422
1450
402
1228
363
1112
339
864
328
664
294
794
297
569
276
371
240
598
210
831
231
1034
271
1024
250
984
202
875
198
928
187
848
138
643
157
797
177
1019
219
882
247
1105
263
1068
312
1213
287
1100
329
1138
352
970
313
1071
310
1006
316
897
320
1118
358
982
366
1221
380
1103
399
1024
352
864
324
744
345
801
358
809
406
642
386
665
420
621
459
674
505
478
530
656
502
889
507
660
524
881
486
1086
490
1242
517
1124
479
988
454
1151
498
1165
469
1344
501
1374
545
1355
539
1571
496
1818
482
1663
506
1823
510
1868
468
1741
475
1954
433
2100
418
1995
393
2046
356
2045
344
2192
322
2058
324
2207
300
2315
279
2264
270
2037
295
2200
253
2091
269
1959
300
2071
288
1869
256
1952
294
1863
336
1747
323
1652
354
1418
335
1408
315
1185
292
1243
338
1382
338
1150
305
996
299
812
320
975
320
1081
314
1269
279
1378
238
1155
252
1293
272
1123
253
1002
263
848
291
623
331
745
303
616
315
522
301
408
291
235
245
255
214
44
263
107
283
237
326
232
368
219
407
126
417
75
412
278
362
396
358
340
308
324
275
288
324
84
357
35
335
38
360
233
349
213
361
124
334
101
364
50
324
80
287
246
290
259
327
433
358
492
337
576
361
561
314
647
317
513
272
533
261
729
233
626
203
646
244
553
233
512
220
305
219
216
179
462
219
426
240
444
225
679
185
446
146
659
105
646
118
853
76
667
110
662
108
737
131
533
94
484
140
477
119
289
93
257
100
241
137
425
101
387
123
280
142
344
177
379
177
410
210
592
242
674
242
488
223
605
214
660
262
750
241
814
191
907
230
779
206
737
233
928
186
950
154
1021
111
1158
107
1345
115
1517
78
1730
115
1700
65
1675
98
1592
53
1718
3
1836
44
1773
11
1675
8
1907
0
1901
3
1757
21
1842
17
2068
17
1879
17
1633
59
1704
74
1696
97
1789
140
1781
114
1672
143
1810
160
1689
115
1719
71
1922
22
1715
15
1603
36
1658
21
1506
5
1667
32
1634
75
1534
47
1482
70
1544
28
1620
65
1613
88
1554
82
1616
78
1760
60
1748
85
1842
111
1723
74
1841
68
1771
102
1736
127
1624
129
1746
97
1508
64
1478
42
1599
10
1505
8
1588
29
1793
64
1688
82
1578
119
1660
122
1862
137
1975
161
1998
127
1891
161
1889
143
2024
112
1943
119
1930
133
1920
175
2075
166
2031
162
2202
121
2142
100
2059
78
2135
83
2294
84
2257
101
2449
113
2622
146
2813
124
3045
171
3215
216
3364
171
3527
219
3413
196
3424
226
3496
240
3653
190
3734
160
3732
130
3706
100
3659
68
3429
75
3516
121
3592
137
3686
89
3709
91
3674
76
3484
77
3560
56
3601
24
3737
24
3605
69
3642
65
3747
45
3611
4
3552
31
3383
7
3273
36
3067
72
3146
103
3289
78
3533
101
3782
91
3582
82
3461
58
3662
31
3845
29
3675
14
3918
33
3876
15
3772
18
3879
48
3676
21
3458
59
3289
76
3374
44
3610
43
3426
0
3242
36
3246
12
3364
3
3610
9
3452
31
3594
70
3372
114
3480
104
3342
55
3162
62
3315
27
3436
5
3283
38
3358
79
3146
57
3146
87
3103
63
3025
62
3080
56
3179
38
3106
1
3011
14
3036
45
3024
27
2786
8
2581
35
2411
56
2481
38
2365
23
2192
22
2031
27
2001
18
1961
25
2201
13
2368
3
2584
33
2367
2
2501
3
2491
4
2609
44
2503
40
2448
10
2609
28
2659
19
2798
3
2941
35
2767
82
2661
80
2616
97
2844
111
2867
65
2641
22
2536
62
2435
104
2645
110
2799
152
2933
184
2909
196
2680
237
2597
253
2375
238
2387
233
2319
249
2301
259
2374
306
2316
284
2447
275
2254
301
2480
321
2359
370
2525
339
2628
335
2847
380
2936
409
3139
422
2950
425
3152
473
3163
471
3062
470
3195
438
3121
436
3132
458
3182
470
2975
447
3124
432
3173
404
3073
355
3240
341
3322
351
3435
372
3408
415
3297
406
3061
384
2924
404
3055
375
2843
378
3034
398
3278
374
3273
415
3454
452
3274
457
3415
473
3652
505
3887
506
3858
524
3992
552
3843
550
3893
501
3845
517
4000
510
3813
543
3728
534
3645
569
3744
572
3970
579
3915
572
3900
614
3887
579
3974
613
4064
585
4026
567
3920
581
3834
550
3818
516
3773
477
3841
470
4056
455
3816
421
3652
448
3650
400
3838
382
3950
378
3995
398
4129
426
4120
403
4065
428
3933
466
3753
419
3920
461
4091
481
3856
514
4063
553
3945
505
4129
550
4257
568
4205
594
4130
612
4241
651
4469
643
4594
630
4777
649
4964
668
5157
691
5042
710
5248
670
5413
682
5203
637
5320
619
5157
585
5212
611
5119
632
5198
632
5414
669
5662
694
5600
724
5552
688
5722
733
5550
765
5706
739
5636
716
5779
759
5645
755
5753
787
5813
797
5577
823
5385
789
5511
763
5266
753
5403
757
5215
728
5207
717
5069
753
5274
715
5402
711
5327
707
5198
704
4982
711
4775
746
4714
696
4801
745
4975
745
5209
725
5133
742
5118
748
5354
732
5204
742
5148
694
4986
666
5060
680
5174
726
5215
716
5022
738
5193
701
5304
707
5146
662
5237
633
5006
638
5150
645
4961
689
5200
712
5433
697
5523
660
5443
647
5278
618
5203
652
5144
680
5046
703
4871
720
4986
679
5027
657
5012
646
5234
649
5479
679
5315
728
5297
696
5093
675
4850
724
4720
756
4595
729
4593
753
4545
784
4643
734
4406
768
4530
816
4469
794
4376
793
4320
799
4395
767
4479
760
4324
720
4153
676
3929
667
3899
659
3694
687
3704
675
3488
685
3381
685
3454
708
3485
691
3688
659
3527
643
3445
655
3310
620
3460
645
3396
651
3272
642
3390
685
3438
648
3367
659
3170
631
3002
622
3212
606
3370
646
3265
654
3104
686
3149
734
3239
734
3360
718
3113
721
3299
732
3174
733
3292
718
3447
747
3528
748
3436
725
3396
755
3577
738
3446
766
3325
738
3508
786
3734
743
3930
752
3706
784
3668
765
3711
787
3951
770
4014
793
3983
749
4145
702
4349
671
4335
625
4533
578
4667
577
4915
590
4690
545
4870
576
4767
565
4653
608
4443
607
4542
648
4392
611
4641
630
4612
670
4587
695
4495
685
4481
635
4542
645
4458
656
4550
607
4789
630
4789
663
4907
656
4713
679
4542
714
4720
674
4772
692
5019
647
4954
600
5104
578
5127
576
5325
623
5442
669
5419
694
5381
703
5406
694
5469
706
5365
664
5215
657
5178
610
5104
619
4981
601
4923
629
4789
656
4605
664
4806
667
4691
705
4696
721
4731
746
4903
702
4966
664
5214
621
4965
601
5015
626
5210
618
5116
590
5129
613
4920
635
4750
633
4990
658
5099
707
5113
727
5113
722
5137
718
5150
756
5087
805
4908
802
4883
847
4878
838
4881
830
5053
805
5216
825
5116
870
5217
907
5424
861
5550
906
5758
936
5549
931
5453
921
5259
962
5400
914
5554
889
5757
912
5849
866
6059
898
5844
871
5923
904
5909
914
5915
865
6012
883
5965
869
5803
838
5687
886
5924
895
5997
942
5978
944
6153
899
6330
912
6164
869
6271
918
6330
955
6453
945
6253
896
6418
856
6566
894
6617
922
6783
905
6873
935
6840
901
6643
932
6741
893
6535
846
6659
838
6472
804
6255
756
6469
783
6394
766
6466
786
6638
767
6580
750
6679
787
6505
789
6491
780
6670
800
6429
794
6535
750
6379
786
6485
748
6527
737
6428
749
6427
777
6615
764
6455
739
6687
755
6624
707
6771
663
6604
667
6572
624
6687
621
6489
601
6317
555
6257
600
6299
576
6419
534
6423
528
6312
557
6454
520
6689
535
6911
510
6677
555
6432
604
6268
597
6141
551
6331
549
6167
569
6402
605
6332
632
6268
675
6165
708
6218
735
6199
736
6426
767
6428
811
6608
817
6704
848
6872
816
6979
793
6782
821
6574
773
6595
776
6537
769
6662
735
6567
784
6687
744
6506
705
6297
660
6057
632
5896
595
5735
573
5692
605
5519
573
5327
538
5558
505
5624
541
5745
515
5983
530
5776
512
5648
527
5692
545
5736
534
5523
547
5653
501
5583
459
5626
438
5645
484
5828
459
6055
438
5816
454
5979
422
5971
396
6071
394
5966
351
5937
372
5786
384
5835
374
5806
383
5618
402
5487
451
5464
500
5622
494
5861
444
5794
459
5845
462
5752
508
5670
466
5546
445
5436
402
5416
397
5189
369
5043
324
4804
343
4799
358
5035
384
4791
345
4778
377
4985
389
4973
393
4992
365
5200
407
5389
402
5466
365
5365
371
5572
394
5588
350
5552
351
5632
382
5436
407
5586
407
5758
386
5563
379
5769
348
5524
315
5595
354
5407
335
5412
312
5402
291
5427
306
5460
305
5515
326
5308
290
5242
264
5353
274
5174
270
4998
318
5031
310
5039
307
4994
305
5054
340
5175
326
5211
283
5438
304
5402
327
5219
287
5144
273
4900
250
4733
239
4691
284
4588
281
4683
321
4824
274
4990
255
5003
280
4934
297
4929
318
4952
360
4798
336
4552
350
4400
351
4153
311
4379
274
4297
274
4061
241
4056
259
4139
222
4251
182
4472
175
4617
183
4482
151
4261
155
4493
164
4282
144
4181
99
4097
123
4020
139
3985
145
3790
148
3804
196
4047
235
3935
201
3820
213
4052
186
4057
226
3942
251
3943
209
3933
189
3925
150
3698
152
3621
181
3447
157
3659
186
3510
173
3382
159
3151
172
2981
132
2902
134
2762
124
2882
148
2644
192
2534
147
2702
192
2715
169
2467
172
2501
126
2368
158
2536
187
2580
188
2760
158
2774
201
2647
166
2783
125
2762
80
2965
72
3027
94
2804
90
2878
40
2882
43
2804
86
2758
85
2641
88
2507
46
2517
12
2376
9
2601
0
2748
5
2775
43
2716
3
2569
24
2488
47
2301
7
2215
3
2419
4
2592
42
2672
89
2652
96
2866
142
2909
137
2990
178
2756
194
2966
187
3081
151
3060
124
3205
144
3276
141
3180
161
3256
142
3169
135
2940
140
2866
173
2897
214
2818
240
2660
255
2500
276
2553
302
2332
265
2212
237
2456
259
2701
216
2853
232
2961
268
2957
261
3183
248
3129
204
3174
213
3364
238
3591
263
3623
280
3761
275
3702
254
3741
280
3492
287
3707
242
3503
230
3431
216
3621
239
3430
240
3604
262
3425
293
3638
264
3655
286
3816
270
3871
260
3647
282
3739
324
3661
330
3618
303
3804
270
3780
246
3806
243
3716
214
3772
192
3770
189
3775
152
3856
138
4015
165
3831
168
3685
142
3626
165
3775
189
3933
232
3937
224
4038
216
3881
222
3767
192
3771
232
3977
266
3861
280
3966
312
3741
273
3790
239
3822
275
3911
225
4077
248
4269
216
4085
214
3918
195
3843
160
3700
192
3649
199
3645
208
3551
195
3733
225
3828
253
3722
256
3930
292
3956
314
3896
328
4033
339
4015
308
4011
302
3908
270
4133
273
4166
308
4214
276
4181
264
3972
239
4172
245
4357
197
4191
230
4333
219
4281
200
4061
239
4092
245
4308
201
4402
202
4434
191
4541
141
4614
153
4697
124
4615
75
4612
46
4693
59
4721
24
4759
71
5004
87
5081
103
5147
53
5002
100
4822
144
4718
170
4763
187
4765
208
4934
202
4936
238
4882
189
5028
187
5249
194
5178
229
5239
221
5309
176
5274
186
5225
219
5301
213
5485
222
5240
203
5133
153
5009
140
4876
167
4719
167
4609
126
4635
168
4445
183
4677
159
4461
122
4694
122
4653
161
4672
174
4442
213
4257
221
4009
198
3945
227
4007
226
4180
269
4050
314
3903
275
4057
280
4197
328
4110
360
3886
324
4016
342
4221
357
4302
330
4521
345
4402
337
4435
325
4383
300
4606
253
4772
213
4928
196
4734
146
4497
104
4539
142
4635
161
4804
166
4572
177
4801
154
4964
109
4977
71
5049
59
5084
46
4888
20
4680
54
4739
36
4732
4
4715
23
4515
69
4356
49
4572
68
4449
111
4472
136
4286
181
4129
201
4349
200
4302
215
4158
203
4278
178
4111
172
4293
126
4073
84
4064
100
4096
82
4147
72
4046
69
3887
95
3849
95
4037
61
3973
57
3844
32
3848
36
4029
74
4187
82
4231
48
4145
4
4285
45
4508
27
4614
28
4590
22
4548
18
4461
59
4620
108
4539
128
4649
78
4461
64
4460
75
4238
50
4373
78
4505
97
4598
124
4482
168
4724
123
4823
108
4985
108
4846
121
4750
136
4645
112
4431
142
4458
113
4520
83
4733
90
4603
56
4794
76
4735
49
4835
8
4676
44
4724
86
4666
131
4648
112
4484
77
4679
125
4553
117
4564
98
4636
94
4549
110
4591
65
4600
91
4846
128
4983
112
5166
137
5124
109
5150
109
5263
101
5388
136
5247
134
5155
159
5392
146
5495
168
5569
166
5610
184
5497
140
5458
114
5336
67
5191
64
5037
85
5086
100
5316
70
5463
66
5236
30
5077
7
5102
1
5216
47
5320
1
5462
41
5528
63
5315
59
5191
67
5026
72
5017
33
5056
10
5294
17
5168
49
5275
83
5104
111
5207
116
5299
100
5384
88
5239
75
5333
41
5464
40
5448
83
5607
103
5440
93
5594
115
5501
65
5689
31
5537
45
5482
58
5261
23
5128
45
5363
2
5491
1
5307
26
5079
1
5105
44
4860
16
4665
62
4769
62
4796
72
5043
39
5283
11
5164
16
5368
24
5449
72
5618
78
5862
69
5992
110
5982
122
6032
77
6180
61
6384
40
6343
12
6377
58
6523
11
6750
31
6985
9
6786
4
6609
53
6732
69
6710
95
6818
74
6592
70
6643
94
6710
81
6746
99
6957
145
6872
138
7078
181
7074
142
6970
162
6922
192
6750
178
6651
139
6485
158
6434
181
6368
173
6248
197
6396
241
6249
197
6410
205
6621
228
6392
221
6204
206
6002
235
6066
259
5890
280
5672
237
5532
254
5526
239
5320
262
5076
302
5309
330
5281
352
5211
323
5426
371
5529
412
5652
385
5407
366
5451
348
5328
377
5510
357
5621
377
5712
404
5480
358
5626
326
5674
276
5631
324
5402
355
5253
335
5354
356
5430
343
5525
334
5771
361
5855
324
5665
315
5903
297
5687
298
5578
344
5343
296
5573
277
5458
229
5314
267
5064
270
5155
270
5207
319
5147
309
4943
327
4759
374
4606
407
4506
390
4700
366
4531
324
4693
298
4710
343
4556
338
4476
306
4532
282
4362
299
4203
330
4171
288
4252
303
4448
335
4274
332
4209
336
4377
361
4229
366
4084
384
3971
334
3784
366
3979
374
3754
327
3992
286
4021
282
3855
236
3758
259
3608
296
3841
275
4076
295
3868
302
3737
342
3579
375
3530
337
3475
364
3582
325
3585
329
3779
345
3669
320
3476
368
3556
388
3353
380
3345
423
3352
459
3504
446
3366
443
3362
439
3463
465
3403
444
3282
448
3202
436
3016
457
2909
485
2695
442
2716
457
2676
430
2655
443
2838
453
2606
496
2680
466
2523
469
2295
428
2193
463
2067
507
2071
524
2055
561
1842
536
1595
565
1539
602
1648
600
1788
564
2014
601
2116
633
2089
665
2250
657
2188
613
2380
617
2512
606
2357
644
2200
623
2099
612
1865
587
1793
537
1585
580
1492
588
1419
630
1538
638
1351
589
1518
567
1616
537
1864
492
2009
446
1999
452
2015
416
2196
438
2146
424
2003
457
1791
503
1987
536
1847
498
1730
540
1650
502
1610
510
1541
496
1339
460
1400
464
1284
508
1145
519
1211
519
1352
471
1531
451
1520
471
1639
515
1535
480
1390
448
1485
434
1339
460
1559
433
1652
424
1456
400
1366
381
1575
375
1595
392
1842
374
1787
378
2008
357
1789
395
1932
440
2038
430
1902
427
1708
416
1737
396
1508
414
1500
429
1487
476
1462
497
1600
467
1579
484
1783
443
1586
480
1741
479
1793
484
1710
468
1461
453
1322
484
1176
450
1140
438
1025
403
991
449
846
448
749
415
752
405
712
371
539
339
678
309
442
319
534
364
544
353
478
393
662
416
418
430
530
388
537
351
598
330
827
353
880
377
883
329
678
362
623
383
518
395
547
409
787
396
785
419
746
427
656
473
888
514
1107
560
1076
532
1053
538
1044
495
977
498
914
467
738
457
619
503
452
522
347
499
169
529
411
533
279
501
167
500
50
520
11
558
190
558
9
518
62
478
27
471
88
492
136
531
10
515
111
510
272
536
160
551
36
506
153
509
85
538
230
497
58
451
181
444
92
418
40
430
160
466
340
477
517
429
582
478
756
505
925
480
761
455
841
496
1077
541
1185
508
940
537
1092
567
1323
585
1365
587
1342
541
1129
504
1128
532
955
572
1041
560
921
608
756
622
792
577
660
530
834
480
669
444
733
412
594
436
563
422
477
420
376
462
130
486
330
475
158
442
44
446
66
403
262
369
55
414
172
378
65
376
181
414
118
388
198
354
205
360
180
391
343
370
200
343
303
310
514
345
291
325
260
279
371
306
221
277
149
261
57
222
114
189
175
215
234
202
274
167
331
138
162
99
110
55
118
19
110
5
100
47
21
68
181
49
310
59
432
38
350
45
159
1
279
21
157
25
339
50
395
60
248
14
138
22
125
29
353
41
178
44
234
85
306
74
492
67
596
103
825
130
621
168
722
200
852
247
666
272
747
224
768
239
632
251
671
299
449
253
390
279
301
296
539
288
551
283
688
239
740
256
779
223
642
272
471
252
251
295
107
245
227
236
12
222
102
179
335
146
178
129
105
90
130
73
216
67
264
37
282
8
284
34
502
68
270
24
48
58
162
18
409
37
178
45
12
0
66
4
265
35
304
36
319
20
195
53
226
51
24
12
199
36
11
63
44
70
1
79
167
103
268
143
150
178
62
138
89
112
31
119
80
119
19
81
204
81
31
82
2
125
152
117
128
154
109
134
141
171
271
203
480
216
602
245
543
283
586
252
791
215
918
261
1054
261
971
279
785
229
901
206
701
218
837
196
756
208
512
238
458
234
498
202
533
233
324
269
307
276
306
300
299
327
479
303
662
347
883
368
1100
363
1217
328
1438
349
1424
353
1508
303
1570
352
1700
348
1885
309
2061
310
1862
265
1804
301
1844
346
1630
321
1498
362
1732
395
1835
406
1885
443
2037
434
2142
397
2073
408
1888
417
2028
431
2196
419
2312
403
2356
353
2488
395
2564
432
2339
420
2219
460
2434
501
2382
521
2265
518
2348
509
2276
557
2452
600
2225
561
2445
563
2526
610
2470
635
2467
603
2394
645
2152
644
2048
629
2230
620
2002
584
2058
569
2273
565
2119
601
2027
644
2020
643
1807
649
1790
647
1610
664
1638
688
1517
686
1516
668
1465
703
1592
674
1616
660
1784
676
1660
636
1559
649
1540
630
1452
625
1312
597
1066
565
1309
593
1549
569
1387
571
1540
552
1615
558
1723
598
1636
639
1858
683
1778
690
1871
693
1881
687
1868
735
1771
715
1893
706
2054
682
2031
652
2071
695
1954
697
1877
683
1944
654
2061
686
2054
692
2234
669
2050
649
2112
603
2163
641
2151
654
2356
611
2394
619
2152
666
1988
627
2195
630
2300
606
2120
577
2047
581
1864
564
1884
600
1946
611
1878
614
2001
636
1820
615
1951
650
2155
629
1907
662
2137
672
2305
662
2432
709
2397
693
2627
684
2560
693
2770
709
2734
751
2615
711
2688
726
2637
774
2759
741
2817
692
2872
672
3095
635
3026
647
2867
659
2700
648
2450
613
2477
623
2547
661
2554
657
2512
675
2462
663
2491
661
2503
640
2392
618
2481
615
2515
640
2677
674
2580
628
2659
676
2474
725
2693
700
2475
736
2579
764
2339
760
2298
725
2362
686
2482
693
2392
721
2156
705
2388
740
2467
716
2686
712
2856
692
2873
650
2823
635
3043
664
3036
693
2943
727
3054
679
2964
680
2970
687
2733
723
2831
760
2600
766
2794
792
2605
753
2495
748
2400
792
2178
779
2198
789
2205
749
2303
792
2447
781
2605
731
2590
708
2494
661
2726
691
2535
670
2768
645
2913
599
2865
557
3031
556
2934
562
2727
532
2601
546
2373
577
2152
562
2334
532
2566
555
2478
557
2257
507
2043
463
1947
450
2188
402
2230
443
2090
433
2085
409
2299
368
2051
340
2283
375
2438
347
2371
346
2121
312
2068
350
1925
334
1991
351
1848
370
1670
329
1715
334
1706
287
1935
251
1875
293
2086
254
2188
264
2357
264
2336
257
2332
224
2542
185
2537
205
2589
250
2553
220
2699
189
2773
187
2601
230
2353
222
2290
265
2218
215
2315
194
2530
176
2577
225
2355
241
2111
193
2283
212
2120
225
2280
250
2238
264
2263
223
2235
265
2475
285
2442
288
2528
241
2607
269
2594
254
2634
215
2502
169
2600
178
2423
177
2518
161
2392
198
2269
236
2056
219
2215
181
2001
184
1925
195
1988
166
1923
135
1895
159
2094
203
2223
208
2088
159
2062
139
2250
150
2425
125
2432
133
2520
179
2313
163
2446
158
2421
114
2529
119
2639
93
2688
124
2513
95
2516
109
2574
110
2522
115
2285
104
2055
145
1858
99
1934
118
1706
78
1859
32
1749
36
1624
26
1788
1
1692
10
1563
16
1669
54
1668
11
1633
0
1744
3
1891
15
1860
64
1804
18
1632
61
1696
22
1774
37
1886
35
1781
32
1690
9
1510
16
1731
28
1514
4
1715
14
1644
56
1459
63
1307
46
1482
5
1381
45
1186
45
947
75
714
39
706
64
577
62
734
83
765
59
614
48
398
41
541
46
299
8
503
32
645
37
709
40
554
79
750
57
626
94
645
121
804
133
715
110
672
89
715
100
728
63
533
84
563
76
586
56
729
35
665
1
632
44
501
5
288
46
319
15
254
38
12
8
97
37
263
78
205
122
347
120
170
100
404
85
531
105
462
56
386
37
299
10
354
28
297
75
186
49
141
79
203
46
165
76
361
73
233
37
306
28
336
22
326
22
359
49
158
72
21
86
182
118
401
79
459
44
401
0
269
16
384
28
498
31
592
70
638
109
497
130
381
162
215
180
432
216
503
255
505
243
414
279
358
230
127
223
63
252
146
300
43
266
108
312
276
279
326
250
425
283
206
289
413
319
290
312
238
355
308
325
431
343
676
354
910
360
687
355
684
404
442
367
655
401
693
354
892
340
1122
360
1120
311
999
331
972
350
1085
326
985
280
1001
290
1210
296
1394
255
1318
257
1135
276
1095
265
1323
312
1572
313
1759
286
1646
238
1450
227
1271
269
1071
305
833
312
627
280
712
323
511
295
333
324
186
359
265
314
176
350
170
312
375
356
155
338
306
327
536
325
290
279
517
278
458
291
213
243
247
286
332
252
165
283
184
245
202
223
220
227
303
235
339
270
142
298
216
318
429
280
592
267
586
314
546
321
523
284
466
239
584
283
477
320
688
328
796
357
1025
368
1048
400
1208
354
1362
391
1473
373
1710
415
1588
394
1661
390
1550
409
1685
421
1858
420
1979
444
1763
408
1695
425
1522
443
1523
424
1762
420
1933
394
1877
346
1740
310
1879
323
1726
299
1671
337
1730
359
1592
374
1755
378
1542
415
1528
387
1715
397
1853
405
1826
381
1997
382
2043
352
2041
319
2023
356
2038
322
2091
339
2070
368
2130
328
2219
331
2362
347
2516
387
2382
370
2421
397
2585
366
2380
350
2308
347
2336
392
2203
386
2284
424
2273
468
2026
445
1799
412
1889
410
1902
381
1718
388
1846
383
1982
405
1896
446
1835
405
1833
439
1814
431
1587
430
1565
446
1797
483
1588
530
1803
553
1617
580
1856
585
1617
587
1845
601
1946
634
2044
589
1799
616
1646
624
1713
641
1641
662
1825
648
1575
622
1540
611
1585
654
1759
697
1968
676
2047
664
1890
644
1657
608
1683
640
1861
615
1873
612
2115
604
2117
607
1960
639
2193
616
2008
591
2076
543
2216
502
2227
530
2017
499
1823
494
1616
495
1484
480
1665
458
1499
453
1327
425
1218
454
1084
451
868
482
1075
435
1107
441
891
407
1021
377
1205
340
1269
294
1072
341
1191
332
1222
335
978
307
841
333
689
350
706
377
466
411
312
435
400
473
186
469
152
501
36
518
117
555
106
574
42
555
133
561
116
592
73
596
37
639
41
614
59
646
148
640
91
672
86
713
101
669
203
639
132
610
311
568
222
600
282
574
150
580
87
578
5
618
162
581
371
576
360
560
475
590
677
635
559
632
524
629
481
621
580
621
745
611
911
660
673
612
767
615
793
575
594
528
829
499
741
479
515
515
344
512
368
477
433
462
271
488
89
474
277
488
180
502
135
496
177
482
17
443
73
459
95
491
59
520
181
494
266
494
503
539
433
562
321
579
200
544
308
506
140
491
347
526
458
575
447
567
356
609
582
638
803
680
631
709
603
689
678
689
741
667
555
635
444
619
567
654
525
680
394
648
246
636
43
661
174
705
212
704
0
680
87
668
53
647
164
676
366
657
422
655
280
636
73
670
288
716
501
666
525
652
504
669
261
703
82
701
49
731
297
779
283
815
157
857
366
820
221
835
58
817
80
775
83
783
154
733
81
698
111
721
95
675
184
679
413
645
538
665
747
624
808
591
824
616
979
651
927
610
1060
573
1200
603
1121
642
997
594
937
619
966
587
1173
608
1014
621
890
598
988
584
1168
570
1190
536
1117
572
943
604
1091
626
1100
591
1178
633
1113
584
1333
540
1466
514
1503
511
1542
522
1459
511
1621
534
1546
543
1595
494
1744
484
1698
511
1633
537
1836
505
1924
496
2055
538
1838
545
2028
507
2050
533
2038
578
2082
626
2268
628
2464
594
2586
555
2346
595
2411
622
2598
624
2360
668
2493
703
2551
694
2536
704
2384
713
2369
707
2445
742
2351
693
2593
714
2586
753
2727
786
2508
778
2581
743
2396
785
2632
779
2659
792
2648
818
2803
829
2951
798
2727
805
2723
770
2706
801
2476
818
2567
786
2713
737
2801
731
2970
778
3109
744
3207
777
3020
751
3193
756
3349
801
3125
760
3249
719
3210
764
3111
743
3352
719
3410
697
3166
681
3394
667
3339
676
3560
704
3657
721
3879
707
3790
733
3730
689
3602
707
3504
732
3561
698
3657
681
3767
725
3936
692
3875
731
4076
712
4224
718
4044
723
4083
711
4068
710
4204
694
3983
735
4158
694
3944
684
4188
723
3946
700
4030
746
3910
779
4094
765
3911
742
3741
789
3768
761
3957
727
3827
771
3759
746
3951
739
3914
726
3701
739
3740
781
3888
821
3693
774
3837
795
4079
779
4219
757
4418
738
4526
782
4557
744
4472
752
4554
717
4598
687
4838
697
5030
675
5105
656
5164
675
5348
676
5397
664
5616
659
5607
645
5800
683
5823
633
5834
621
5866
622
5903
638
6125
638
6069
600
6183
554
6300
541
6083
578
5912
555
6087
526
5923
510
5772
470
5804
516
5781
520
5678
476
5737
498
5753
545
5623
545
5572
592
5346
564
5236
535
5392
525
5556
558
5669
572
5549
603
5474
582
5237
595
5033
614
5179
595
4986
585
5029
630
5209
601
5301
570
5081
542
5001
519
5132
536
5143
519
4966
480
4771
447
4787
431
4808
407
4846
398
4909
409
5095
376
4881
338
4695
378
4673
365
4809
335
4785
352
4817
377
4844
336
4846
330
4648
359
4615
356
4667
340
4427
357
4476
400
4358
439
4278
442
4328
456
4383
411
4146
411
4026
362
3790
362
3870
337
3863
292
3639
260
3491
307
3390
269
3415
236
3195
263
3081
256
2973
219
2733
252
2700
227
2777
236
2563
265
2634
299
2407
254
2631
264
2751
214
2513
227
2284
209
2522
213
2281
173
2435
151
2496
156
2675
194
2608
220
2496
258
2447
224
2494
234
2285
220
2258
196
2145
161
2124
206
2272
252
2196
258
2364
244
2427
273
2231
302
2406
311
2363
326
2278
371
2500
390
2642
409
2862
391
2752
385
2817
370
2609
322
2686
324
2833
307
2722
270
2661
242
2686
267
2862
275
2780
320
2930
361
2873
374
3116
388
2984
398
2901
375
3049
388
3237
435
2996
436
2950
481
2805
522
2788
504
2627
467
2656
514
2485
535
2639
541
2487
500
2551
456
2736
491
2650
500
2525
489
2530
511
2374
559
2139
588
2383
595
2508
584
2478
591
2239
604
2078
572
1906
567
1851
599
1715
557
1963
578
2164
533
2324
556
2555
534
2605
542
2710
549
2589
536
2804
543
2727
563
2684
547
2682
595
2721
563
2657
600
2769
625
2980
649
2845
610
2615
631
2417
609
2448
657
2425
627
2431
662
2638
687
2462
711
2421
713
2471
687
2319
707
2388
663
2498
633
2501
618
2635
657
2858
680
2953
721
2978
707
3169
734
3033
750
2799
744
2928
768
3000
736
2926
717
3000
751
3095
745
3160
790
3059
793
3086
785
2936
812
3184
807
3106
824
3082
858
2867
868
3115
905
3221
913
3356
951
3112
995
3151
1044
3330
1026
3170
1075
3396
1092
3622
1044
3415
1040
3336
1007
3409
995
3573
1016
3455
1020
3575
998
3718
1011
3738
1000
3612
1021
3649
1033
3853
1008
3661
1035
3569
1077
3552
1035
3385
1043
3510
998
3260
954
3098
914
3095
895
3280
911
3264
928
3134
905
3284
952
3501
914
3659
881
3478
884
3548
834
3599
833
3608
836
3672
812
3437
826
3586
839
3662
867
3887
842
3654
861
3863
900
3743
890
3813
926
3714
941
3512
962
3718
942
3799
898
3662
928
3889
975
4046
953
3958
912
4020
939
3897
907
3734
943
3783
970
3548
1014
3600
1032
3795
1030
3888
1059
4089
1086
4018
1117
4094
1143
4337
1151
4290
1127
4367
1145
4479
1172
4451
1217
4260
1185
4247
1135
4002
1155
3900
1112
4011
1151
3919
1193
3759
1152
3564
1158
3677
1176
3771
1217
3983
1203
3910
1203
4157
1250
4284
1250
4266
1294
4321
1340
4518
1366
4761
1329
4641
1355
4882
1372
5081
1412
5228
1392
5081
1398
4948
1437
4733
1441
4860
1474
4991
1494
5110
1445
5201
1414
5080
1384
5126
1400
4952
1437
5043
1418
5081
1398
5251
1417
5109
1367
4969
1359
4773
1321
4854
1290
4922
1275
4978
1275
4988
1250
4767
1294
5014
1284
4783
1281
4711
1234
4526
1184
4681
1188
4870
1202
4955
1200
5182
1155
5422
1138
5560
1120
5765
1077
5831
1082
5814
1076
6037
1109
5809
1111
5711
1116
5501
1140
5378
1178
5305
1178
5281
1144
5277
1129
5197
1168
5135
1190
5176
1151
5068
1141
4998
1095
4758
1071
4756
1080
4690
1037
4683
1006
4669
1014
4771
1033
4869
1012
4639
1027
4860
1062
4976
1015
4849
1003
5022
964
5064
992
5198
951
5114
974
5243
933
5090
952
5147
956
4946
958
5189
935
5049
938
5160
918
5344
966
5474
943
5319
928
5459
922
5630
966
5828
943
5746
940
5702
960
5726
967
5740
1000
5960
1021
5775
979
5800
1027
5945
1020
5729
1030
5699
985
5677
970
5454
991
5443
942
5337
914
5546
890
5322
870
5235
916
5277
949
5149
924
5013
966
4924
987
5059
994
5042
1029
4875
993
5112
993
4952
1025
4902
1043
4934
1011
4747
1034
4584
1058
4452
1023
4632
1019
4466
1028
4403
1015
4220
1019
4254
1033
4009
1019
4074
975
4126
1014
4027
1055
3893
1012
3874
1030
3855
1062
3620
1039
3789
1066
3864
1064
3929
1020
3945
1005
4095
1012
3915
966
4143
990
3953
1018
4015
1035
4172
993
3959
989
3769
968
3798
934
3671
979
3493
976
3481
987
3389
1015
3574
1007
3457
975
3487
1021
3725
1053
3788
1010
3972
1031
3907
1055
3924
1044
4165
1021
4231
983
4264
980
4336
1003
4119
983
4339
958
4556
972
4535
990
4676
1021
4780
1015
4613
975
4805
957
4770
1003
4800
1051
4965
1067
4734
1071
4583
1115
4658
1120
4480
1111
4647
1112
4727
1091
4563
1138
4725
1103
4949
1112
4737
1080
4849
1037
4691
998
4841
1029
4824
990
4923
941
4996
963
5075
983
5180
941
5416
942
5180
900
5235
865
5125
892
5208
852
5199
880
5224
904
5254
875
5271
880
5208
901
5309
927
5289
958
5461
954
5678
996
5665
1030
5905
1076
5705
1114
5826
1116
5838
1086
6018
1104
5873
1062
5726
1105
5772
1132
5796
1130
5662
1132
5670
1147
5598
1183
5631
1218
5456
1180
5544
1218
5750
1232
5930
1251
6039
1235
6245
1249
6489
1237
6355
1285
6153
1263
5905
1225
5718
1215
5541
1170
5304
1148
5202
1153
5064
1182
5037
1171
5180
1147
4955
1134
4869
1098
5043
1066
5141
1050
5051
1049
4964
1043
4827
1054
4893
1011
4964
1058
5166
1070
4959
1103
5151
1063
5167
1072
5300
1025
5282
985
5519
974
5538
990
5697
1019
5703
1028
5755
1036
5647
1060
5742
1104
5746
1146
5583
1106
5359
1069
5134
1077
5213
1036
5344
1027
5363
986
5237
983
5387
949
5247
955
5018
910
5210
904
4978
889
5099
876
5048
835
4977
849
4976
804
5010
794
5144
816
5137
796
4924
818
4920
814
4892
834
5052
831
5082
871
5215
824
5244
802
5026
814
5043
846
5188
799
5437
762
5243
731
5407
779
5501
817
5436
851
5336
850
5318
836
5499
800
5584
837
5619
876
5735
892
5660
903
5771
923
5928
927
5789
966
5778
988
5571
1035
5674
1047
5459
1047
5316
1087
5243
1066
5273
1099
5405
1128
5566
1110
5641
1078
5831
1090
5697
1139
5859
1181
5801
1154
5651
1145
5514
1102
5366
1141
5227
1100
5047
1130
4894
1162
4763
1197
4996
1187
4986
1157
4905
1151
5048
1113
5181
1155
5430
1121
5236
1114
5386
1074
5176
1098
4966
1091
4981
1113
5178
1159
5358
1130
5119
1094
5196
1086
5123
1090
4924
1076
5162
1054
5285
1050
5471
1010
5246
1023
5332
1007
5180
984
5131
971
5295
987
5284
1003
5368
957
5605
1001
5499
1025
5395
1074
5240
1074
5252
1046
5298
1042
5345
1024
5486
1004
5495
994
5507
957
5299
934
5251
969
5317
1014
5404
996
5343
950
5260
969
5443
987
5646
974
5698
976
5922
991
5858
959
5955
957
5733
987
5805
959
6035
923
6063
940
5869
956
5792
971
6036
976
6244
966
6455
928
6354
891
6219
924
6252
882
6138
926
6087
943
6237
941
6032
983
6045
998
5802
1005
5983
1044
5884
1078
5690
1074
5674
1113
5563
1083
5410
1123
5659
1131
5516
1081
5605
1051
5683
1038
5498
1000
5722
1003
5697
1050
5786
1014
6022
1048
6241
1039
6349
1021
6306
1011
6077
1000
5845
1029
5878
1039
5696
990
5611
1021
5767
983
5523
1000
5478
986
5597
941
5584
900
5647
893
5443
849
5369
881
5425
911
5250
951
5454
939
5467
905
5423
864
5432
913
5423
887
5454
856
5611
821
5769
777
5998
806
6144
813
6082
821
5980
849
5776
838
5625
817
5713
779
5698
777
5886
822
5695
816
5864
785
5948
749
5927
717
5996
694
5824
719
5882
757
5855
710
5746
664
5718
703
5593
745
5466
737
5560
701
5340
734
5327
759
5437
724
5242
713
5250
735
5269
781
5242
799
5068
795
5110
749
5205
758
4985
731
4929
717
4976
669
5027
708
5262
690
5312
651
5198
684
5256
682
5039
707
4949
710
4980
683
4764
649
4774
685
4744
640
4576
680
4700
702
4733
683
4824
635
4707
636
4890
663
4925
617
4943
575
5121
612
5338
582
5343
533
5450
580
5290
584
5118
589
5121
580
5344
627
5558
650
5560
648
5720
636
5964
619
6020
616
5882
611
5664
635
5882
640
5891
593
5879
604
6004
650
6104
608
6297
609
6524
598
6346
599
6533
583
6473
603
6422
650
6213
669
6225
674
6181
672
6063
669
5953
643
5925
629
5744
674
5793
684
5555
645
5531
647
5514
614
5647
615
5729
590
5703
634
5676
623
5614
583
5782
571
5882
522
5984
565
5976
574
5853
621
5816
660
6052
611
5921
579
5870
577
6079
585
6277
560
6153
580
6246
600
6359
608
6242
601
6299
610
6420
641
6357
690
6200
675
6097
663
6266
635
6074
648
6242
652
6195
621
6315
618
6227
652
6161
633
6062
617
6082
662
6287
627
6394
643
6518
691
6721
736
6840
717
6742
743
6832
736
6907
699
7084
722
7234
756
7219
754
7073
794
6859
770
6749
776
6953
805
7056
770
7018
793
7233
842
7449
804
7669
853
7575
818
7328
843
7259
875
7332
915
7516
964
7577
919
7369
908
7489
935
7670
915
7597
899
7802
861
7860
846
7777
832
7810
876
7909
843
8076
872
8237
904
8345
909
8454
929
8391
931
8214
937
8113
952
8044
1000
8034
981
8125
1012
8015
1052
8127
1047
8201
1001
8325
969
8080
999
8185
992
8370
992
8379
1012
8532
974
8706
927
8753
909
8676
939
8443
899
8506
864
8328
906
8088
920
7897
872
7855
916
7707
878
7647
865
7525
861
7499
870
7585
862
7568
908
7349
901
7277
945
7248
907
7242
860
7393
850
7536
810
7635
855
7872
823
7746
806
7662
848
7412
875
7475
853
7675
831
7791
791
7985
752
8143
720
8116
736
8071
761
8184
809
8121
779
8146
729
7960
692
8155
703
8288
702
8439
703
8559
750
8348
709
8450
692
8566
736
8748
770
8808
756
8915
795
9098
835
9217
858
9068
904
8874
907
9120
903
9054
909
9028
893
8945
927
8812
946
8585
971
8402
936
8542
956
8482
974
8476
947
8709
954
8864
937
8898
923
8757
965
8649
1013
8420
1061
8513
1069
8629
1025
8782
1001
8997
1002
8862
968
9004
971
8802
977
9005
987
8783
1002
8658
955
8592
996
8477
1040
8592
1000
8551
1029
8327
1031
8414
1053
8293
1060
8438
1054
8487
1070
8701
1023
8596
1035
8355
1016
8340
1050
8487
1000
8258
977
8304
929
8109
939
7873
984
8025
995
8204
996
8173
990
8035
1032
7931
999
7853
987
8026
954
7925
991
7915
1016
7823
967
7712
975
7720
1020
7947
1045
7835
1029
7947
1024
7836
983
7655
1024
7594
1003
7646
1033
7655
1061
7767
1039
7987
1070
8054
1044
8184
995
8146
1010
8206
978
8374
1018
8254
1009
8297
1057
8154
1089
8052
1046
8265
1056
8378
1076
8180
1031
8245
1010
8455
1020
8406
1035
8477
1075
8555
1038
8613
1066
8730
1063
8785
1043
8946
1081
8927
1033
8719
1035
8476
1010
8471
997
8274
978
8186
1000
8086
974
8171
931
8349
962
8586
1007
8521
1012
8601
965
8665
985
8867
965
9045
979
8852
959
9054
992
9269
1017
9456
1019
9348
994
9125
953
8882
909
8743
919
8684
917
8547
872
8557
858
8381
852
8471
899
8629
897
8571
883
8737
893
8969
874
9146
892
9008
900
9177
884
9033
843
9255
794
9362
800
9194
804
9376
773
9162
773
9111
806
9249
851
9172
823
9041
777
8887
792
8668
817
8427
809
8291
858
8196
838
8147
842
8072
806
8255
823
8053
835
8177
791
8258
791
8268
784
8466
751
8560
777
8629
781
8576
768
8404
796
8642
748
8792
773
8938
808
8903
835
8792
850
8954
845
8986
798
8825
831
8745
820
8582
811
8468
792
8661
805
8560
759
8746
734
8984
724
9167
764
9215
809
9355
854
9295
830
9384
852
9441
824
9615
802
9583
831
9736
801
9682
841
9440
813
9209
785
9391
803
9438
849
9440
879
9624
925
9810
951
9629
937
9510
932
9511
928
9635
925
9725
948
9844
931
9751
975
9941
932
9886
938
9673
940
9737
892
9972
909
9773
865
9787
863
9952
860
10136
859
9917
836
10042
854
10228
830
10245
833
10346
784
10385
772
10221
789
10280
749
10400
716
10292
694
10211
712
10211
744
10148
737
10255
741
10111
750
10075
768
10063
729
10057
771
10191
797
10387
791
10306
833
10298
846
10296
850
10486
878
10276
857
10119
829
9922
863
10084
902
9857
912
9740
875
9750
860
9552
868
9561
867
9505
904
9734
918
9734
904
9770
866
9613
823
9431
807
9594
795
9724
756
9951
721
10145
723
10102
730
10275
699
10164
662
10064
680
10284
650
10205
644
10016
608
9789
571
9677
577
9574
606
9326
593
9490
598
9329
564
9302
551
9433
520
9195
473
9337
432
9517
415
9346
389
9464
375
9660
365
9749
316
9770
326
9535
325
9527
307
9685
330
9786
341
9623
347
9673
380
9740
339
9552
299
9445
268
9230
288
9057
316
9013
320
9161
301
9052
288
8848
244
9030
194
9268
172
9345
196
9497
154
9543
120
9535
106
9649
152
9414
192
9510
177
9283
218
9208
230
9039
272
9218
295
9144
287
9065
277
8965
234
9195
204
9356
211
9488
171
9669
148
9770
171
9607
172
9386
142
9251
105
9118
88
8881
123
9119
83
9000
120
8762
134
8619
121
8425
108
8286
140
8355
157
8330
154
8373
122
8440
83
8674
38
8636
79
8803
64
8791
104
8563
61
8415
102
8520
140
8697
170
8776
168
8771
143
8976
172
9088
209
9270
174
9231
169
9170
119
9264
100
9333
136
9280
138
9161
97
9262
143
9193
93
9166
81
9406
31
9519
78
9717
63
9753
72
9993
66
9801
59
9839
67
9915
48
10048
66
10019
64
10158
84
9961
109
10027
91
9924
49
9785
7
9874
45
10008
67
10201
79
10055
96
9952
103
10186
126
10274
124
10085
129
10197
144
10347
152
10247
160
10132
127
10129
135
10249
110
10323
136
10121
90
9935
99
10175
134
10374
162
10323
181
10354
157
10306
151
10517
103
10716
68
10667
51
10557
37
10622
59
10810
102
10921
72
11003
92
11109
94
10971
139
10784
183
10745
172
10777
162
10983
170
10905
168
10970
204
10841
169
10731
169
10905
151
11103
164
11270
201
11087
180
11320
186
11070
137
11119
129
10949
178
10901
148
10793
112
10931
151
10898
193
11116
154
11328
159
11410
120
11576
149
11750
185
11955
176
11925
130
11927
102
12077
111
11886
97
11727
140
11863
115
12099
88
12214
56
12248
66
12063
89
11833
64
11865
62
12070
109
12010
120
12255
130
12436
135
12574
150
12382
162
12580
200
12457
245
12659
288
12450
240
12323
233
12511
255
12579
278
12412
287
12272
319
12270
292
12204
297
12407
309
12525
342
12493
292
12571
296
12534
265
12640
297
12422
265
12179
220
11970
249
12205
201
12454
213
12676
201
12493
238
12345
197
12396
227
12565
261
12742
277
12725
325
12519
318
12715
333
12846
365
12817
354
13048
363
13184
315
13289
360
13391
320
13209
274
13033
233
13210
273
13014
236
12993
276
12823
280
12677
288
12439
264
12564
236
12560
264
12678
225
12528
207
12602
244
12642
226
12800
236
12794
243
13013
258
