429 441
930 932
1638 1665
2344 2356
2805 2825
3058 3066
3255 3298
3410 3458
3570 3643
3659 3709
3818 3880
4018 4040
4239 4240
4604 4647
5049 5055
5211 5246
5625 5670
6202 6220
6921 6922
7795 7832
8881 8886
10171 10184
11321 11375
12454 12469
13646 13695
14826 14882
16161 16209
17357 17446
18786 18846
20118 20200
21266 21388
22615 22705
23802 23941
25060 25176
26350 26423
27564 27608
28529 28613
29294 29349
30126 30205
30942 31028
31815 31898
32746 32876
33716 33810
34856 34923
35837 35916
37036 37109
38100 38182
38957 39045
39573 39686
40233 40329
40691 40774
41293 41371
41980 42097
42704 42820
43193 43356
43677 43847
44302 44424
44932 45012
45385 45484
46036 46102
46884 46964
47633 47760
48370 48533
49383 49506
50460 50567
51694 51815
53041 53206
54266 54478
55778 56016
57112 57368
58554 58856
60000 60268
61517 61749
63165 63375
64591 64798
65937 66123
67497 67721
69062 69330
70664 70892
72154 72431
73795 74065
75276 75560
76791 77121
78310 78661
79849 80230
81193 81583
82463 82880
83761 84173
85289 85749
86839 87291
88173 88645
89728 90164
91090 91530
92610 93010
94191 94604
95847 96258
97522 97931
99345 99741
101117 101518
102671 103100
104399 104872
106134 106612
107928 108444
109609 110164
111432 111973
113104 113662
114708 115225
116410 116946
118275 118803
120106 120614
121887 122440
123567 124101
125421 125913
127065 127545
128455 128910
129603 130030
130763 131233
132139 132586
133636 134047
135273 135642
136865 137275
138568 138945
140357 140731
142284 142618
144354 144707
146613 147003
148681 149078
150824 151189
153121 153486
155213 155583
157185 157554
158910 159295
160748 161120
162470 162810
164161 164538
165651 165979
167021 167388
168238 168571
169433 169777
170684 171015
171752 172035
172931 173244
174135 174438
175252 175524
176273 176564
177424 177760
178612 178934
179895 180207
181152 181451
182184 182524
183128 183454
184206 184505
185494 185769
186696 186991
187710 187999
188769 189018
189552 189791
190274 190544
190828 191055
191415 191652
191936 192189
192534 192755
192856 193087
193370 193583
193856 194056
194105 194269
194522 194731
194803 195003
195264 195445
195630 195811
196163 196307
196873 197055
197441 197623
197897 198053
198458 198637
198829 198989
199223 199351
199812 199955
200654 200758
201352 201457
201812 201895
202198 202308
202728 202834
203028 203126
203172 203297
203430 203581
203804 203952
204166 204265
204717 204768
205182 205204
205464 205498
205934 206003
206389 206507
206957 207107
207536 207700
207901 208067
208302 208506
208556 208776
208859 209123
209278 209516
209516 209738
209807 209989
209998 210167
210393 210516
210680 210844
210873 211042
211104 211261
211282 211430
211647 211773
212015 212161
212327 212474
212834 212962
213338 213443
213820 213908
214203 214288
214437 214508
214564 214633
214739 214802
214859 214930
215089 215155
215416 215512
215883 215948
216110 216147
216265 216350
216547 216619
216850 216945
217321 217402
217665 217729
217952 218017
218459 218551
218815 218926
219020 219081
219153 219196
219329 219346
219618 219649
220135 220193
220620 220672
221172 221205
221527 221576
221995 222006
222229 222266
222600 222685
222980 223043
223219 223268
223367 223398
223494 223499
223542 223547
223698 223714
223723 223749
223832 223889
224091 224140
224549 224642
225197 225305
225995 226068
226769 226888
227402 227554
227915 228051
228222 228340
228713 228790
229111 229198
229634 229748
230021 230095
230280 230383
230398 230509
230729 230872
231233 231363
231740 231847
232006 232065
232087 232166
232406 232506
232724 232841
233136 233268
233328 233441
233595 233666
233892 233930
234093 234162
234405 234489
234758 234881
235027 235177
235196 235353
235475 235614
235807 235926
235995 236107
236399 236509
236691 236839
237185 237322
237803 237928
238323 238416
238656 238775
238934 239073
239145 239329
239436 239617
239755 239921
240145 240336
240593 240786
241125 241346
241671 241925
242450 242742
243091 243403
243624 243904
244148 244378
244729 245005
245217 245456
245482 245697
245716 245888
245900 246031
246195 246314
246510 246604
246656 246771
246894 246979
247295 247368
247492 247531
247760 247788
247792 247864
247943 248005
248246 248293
248622 248668
248915 248931
249418 249426
249819 249824
250000 250014
250130 250153
250383 250432
250474 250571
250602 250741
250840 250947
251069 251167
251418 251516
251917 252020
252263 252376
252786 252913
253346 253447
253728 253780
254131 254231
254630 254778
255121 255317
255650 255875
256051 256310
256683 256985
257457 257735
258164 258395
258669 258860
259266 259502
259708 259914
260106 260340
260626 260873
261329 261620
261983 262306
262621 262983
263130 263514
263520 263874
263991 264372
264401 264804
265004 265420
265713 266098
266597 266932
267193 267542
267938 268262
268785 269060
269555 269831
270168 270475
270656 271000
271150 271523
271548 271925
272147 272476
272644 273011
273040 273396
273604 273999
274102 274478
274545 274932
274984 275384
275394 275758
275786 276149
276206 276553
276728 277027
277171 277466
277837 278167
278703 279041
279735 280024
280896 281146
282048 282301
283102 283391
284088 284339
285137 285430
286035 286294
286874 287144
287805 288102
289005 289294
290363 290692
291818 292122
293391 293708
294917 295201
296649 296892
298551 298841
300485 300818
302237 302618
303856 304260
305490 305896
307056 307489
308572 308993
310071 310535
311795 312222
313341 313725
314741 315132
316054 316486
317343 317777
318412 318821
319247 319669
320048 320468
320643 321046
321077 321437
321582 321893
321985 322341
322383 322738
322835 323173
323510 323844
324405 324761
325315 325690
326400 326771
327432 327841
328690 329148
329763 330194
330778 331224
331564 331960
332105 332509
332584 332974
333193 333536
333553 333872
334095 334447
334679 335043
335060 335416
335678 336037
336302 336614
336796 337089
337399 337642
337932 338191
338730 338996
339721 340020
340568 340854
341340 341642
342025 342367
342851 343196
343666 343980
344285 344627
345002 345387
345748 346153
346290 346661
346826 347236
347347 347747
347849 348254
348314 348703
348754 349108
349195 349526
349550 349925
350059 350393
350575 350877
351042 351335
351702 352005
352234 352514
352990 353271
353816 354098
354747 355005
355594 355824
356437 356707
357213 357529
357863 358198
358759 359139
359758 360121
360734 361080
361556 361924
362511 362886
363551 363907
364791 365165
366051 366433
367480 367843
369137 369491
370751 371072
372562 372847
374139 374415
375509 375747
376927 377198
378525 378789
380357 380609
382361 382571
384370 384539
386142 386303
388063 388194
389922 390024
391924 392010
394082 394192
396330 396441
398636 398717
401080 401152
403560 403643
406057 406184
408806 408887
411566 411682
414144 414283
416963 417061
419882 419957
422827 422879
425692 425699
428724 428741
432006 432040
435168 435201
438401 438449
441507 441563
444639 444684
447723 447794
450875 450958
453823 453883
456668 456731
459466 459513
462283 462298
464996 465048
467847 467909
470898 470935
473831 473916
476608 476736
479417 479576
482290 482404
485241 485334
488065 488200
490722 490857
493431 493551
496337 496431
499422 499553
502440 502598
505551 505744
508779 508956
511856 512028
514860 515023
517897 518035
520873 521050
523759 523974
526810 526991
529885 530072
532724 532918
535385 535544
538026 538160
540644 540821
543276 543449
546136 546292
549007 549173
551870 551986
554489 554560
557233 557306
560141 560191
563049 563102
565931 565998
569056 569169
572003 572132
574949 575083
578065 578216
581369 581483
584839 584990
588248 588370
591490 591564
594831 594936
598160 598301
601602 601766
605127 605263
608568 608695
612050 612132
615297 615337
618560 618607
621947 621984
625310 625354
628783 628785
632421 632439
636227 636235
640187 640234
644421 644453
648836 648880
653380 653422
657786 657817
662356 662356
666730 666753
671319 671386
675747 675841
680000 680110
684372 684508
688568 688655
692931 693047
697227 697296
701276 701347
705388 705463
709301 709410
713480 713541
717603 717638
721542 721604
725434 725513
729461 729577
733591 733682
737561 737655
741393 741502
745014 745163
748796 748936
752560 752681
756228 756394
760126 760253
764126 764204
768129 768168
772324 772390
776783 776826
781410 781484
786052 786097
790529 790571
795172 795235
799827 799850
804491 804517
809021 809090
813821 813888
818590 818680
823341 823465
828132 828258
832888 832982
837724 837819
842501 842638
847135 847222
851770 851881
856511 856629
861332 861444
866173 866298
870873 871018
875532 875664
880097 880234
884424 884526
888870 888998
893419 893543
897751 897827
902103 902172
906631 906703
911336 911427
915941 915986
920403 920425
924719 924742
929110 929146
933559 933639
937990 938114
942343 942426
946790 946841
951299 951303
955998 956030
960898 960967
965862 965933
970866 970943
976093 976120
981442 981455
986762 986771
991855 991867
997186 997216
1002499 1002502
1007663 1007690
1012757 1012813
1017723 1017753
1022473 1022494
1027369 1027371
1032249 1032271
1037015 1037045
1041898 1041956
1046691 1046713
1051321 1051327
1055849 1055873
1060475 1060491
1064902 1064946
1069256 1069325
1073520 1073590
1077851 1077961
1081988 1082067
1086248 1086314
1090363 1090402
1094237 1094291
1098131 1098214
1102145 1102180
1106064 1106124
1110067 1110157
1114310 1114356
1118411 1118462
1122521 1122565
1126437 1126504
1130348 1130395
1134216 1134273
1138168 1138233
1142006 1142099
1145641 1145710
1149448 1149547
1153209 1153343
1157201 1157311
1161316 1161467
1165666 1165843
1169901 1170045
1173983 1174111
1178125 1178254
1182305 1182432
1186262 1186428
1190097 1190305
1194060 1194219
1197754 1197962
1201409 1201629
1204875 1205094
1208255 1208432
1211526 1211750
1214901 1215102
1218427 1218586
1221857 1222014
1225137 1225288
1228547 1228654
1231959 1232096
1235443 1235549
1238829 1238978
1242397 1242501
1245945 1246097
1249723 1249866
1253487 1253652
1257351 1257508
1261008 1261176
1264438 1264578
1267621 1267713
1270731 1270801
1273597 1273707
1276585 1276733
1279378 1279545
1282418 1282602
1285367 1285549
1288230 1288392
1290849 1291009
1293466 1293607
1295826 1295978
1298049 1298171
1300430 1300569
1302620 1302764
1304894 1305000
1307217 1307318
1309444 1309554
1311770 1311898
1313885 1313997
1316130 1316199
1318378 1318412
1320669 1320680
1322796 1322819
1325020 1325071
1327228 1327282
1329405 1329432
1331610 1331622
1333652 1333676
1335523 1335538
1337391 1337397
1339183 1339238
1340839 1340872
1342705 1342740
1344403 1344445
1346273 1346273
1348027 1348051
1349692 1349717
1351405 1351474
1353246 1353353
1355306 1355375
1357338 1357366
1359429 1359447
1361289 1361291
1362921 1362961
1364460 1364531
1366000 1366049
1367677 1367702
1369318 1369345
1371055 1371075
1372991 1373035
1375199 1375246
1377596 1377646
1380177 1380216
1382583 1382656
1384785 1384888
1386903 1386972
1388949 1389025
1391194 1391238
1393612 1393631
1395760 1395812
1397904 1397944
1399800 1399861
1401889 1401943
1403843 1403853
1405582 1405589
1407361 1407396
1409402 1409415
1411171 1411206
1413202 1413255
1415052 1415137
1416906 1417031
1418905 1419034
1420870 1421047
1422821 1423030
1425033 1425260
1427031 1427229
1428853 1429080
1430690 1430874
1432724 1432884
1434972 1435158
1437088 1437276
1438981 1439172
1440869 1441052
1442691 1442856
1444515 1444719
1446585 1446796
1448493 1448743
1450334 1450568
1452197 1452423
1453862 1454124
1455546 1455784
1456983 1457182
1458219 1458399
1459562 1459761
1460764 1461004
1462133 1462407
1463697 1463949
1465176 1465451
1466545 1466791
1467973 1468177
1469318 1469521
1470703 1470911
1472167 1472374
1473433 1473632
1474540 1474717
1475635 1475784
1476610 1476763
1477781 1477947
1478976 1479181
1480266 1480480
1481470 1481697
1482755 1483024
1484012 1484329
1485550 1485905
1487190 1487528
1489012 1489344
1491070 1491380
1493033 1493330
1494992 1495312
1496867 1497176
1498658 1498991
1500455 1500835
1502415 1502799
1504541 1504957
1506862 1507301
1509151 1509577
1511526 1511918
1514018 1514453
1516645 1517071
1519352 1519814
1522275 1522701
1525153 1525540
1527859 1528207
1530369 1530672
1533004 1533321
1535730 1536005
1538363 1538669
1541250 1541514
1544181 1544482
1547148 1547422
1550264 1550517
1553598 1553898
1557110 1557389
1560774 1561073
1564462 1564790
1568136 1568471
1571913 1572239
1575710 1576013
1579285 1579636
1582743 1583140
1586392 1586750
1589919 1590275
1593389 1593730
1596658 1597014
1599884 1600234
1603262 1603590
1606771 1607094
1610089 1610371
1613215 1613473
1616379 1616610
1619467 1619687
1622784 1623025
1626257 1626463
1629701 1629893
1633214 1633404
1636889 1637094
1640541 1640765
1644270 1644458
1648003 1648233
1651601 1651850
1655094 1655386
1658459 1658710
1661717 1661988
1664891 1665113
1668079 1668273
1671317 1671544
1674482 1674743
1677462 1677730
1680381 1680643
1683473 1683773
1686631 1686948
1689693 1690026
1692781 1693098
1695803 1696100
1698757 1699043
1701831 1702136
1704923 1705273
1708117 1708495
1711283 1711677
1714250 1714652
1717182 1717601
1720171 1720571
1723165 1723535
1725966 1726290
1728697 1728972
1731170 1731423
1733780 1734042
1736386 1736667
1738998 1739311
1741836 1742149
1744469 1744789
1747073 1747346
1749782 1750056
1752677 1752994
1755854 1756200
1758838 1759142
1761999 1762271
1765336 1765624
1768584 1768849
1771889 1772141
1775390 1775612
1778838 1779058
1782075 1782245
1785232 1785441
1788194 1788417
1791338 1791533
1794253 1794465
1797239 1797476
1800038 1800286
1803082 1803348
1806014 1806311
1808752 1809059
1811351 1811653
1813888 1814145
1816450 1816670
1819081 1819335
1821842 1822099
1824455 1824716
1826951 1827257
1829253 1829554
1831618 1831897
1833956 1834196
1836392 1836625
1838902 1839174
1841555 1841852
1844467 1844798
1847166 1847450
1849986 1850297
1852630 1852943
1855361 1855710
1858183 1858501
1860811 1861162
1863302 1863621
1865911 1866257
1868589 1868903
1871236 1871564
1873684 1873997
1876094 1876448
1878525 1878920
1880955 1881310
1883307 1883703
1885759 1886114
1888164 1888546
1890804 1891215
1893269 1893729
1895747 1896203
1898205 1898703
1900697 1901188
1903296 1903743
1906065 1906473
1908869 1909317
1911941 1912409
1915140 1915588
1918213 1918624
1921060 1921470
1923786 1924207
1926547 1926976
1929087 1929523
1931495 1931905
1933981 1934377
1936210 1936617
1938511 1938960
1940675 1941088
1942753 1943143
1944783 1945205
1946655 1947057
1948285 1948648
1949760 1950099
1950963 1951291
1951955 1952249
1953043 1953340
1953909 1954185
1954556 1954796
1955394 1955604
1956435 1956666
1957700 1957971
1958995 1959245
1960229 1960431
1961306 1961504
1962432 1962619
1963467 1963605
1964248 1964405
1965202 1965379
1966398 1966617
1967499 1967746
1968851 1969114
1970182 1970494
1971707 1971994
1973094 1973423
1974561 1974913
1975883 1976196
1977267 1977577
1978583 1978899
1979796 1980116
1981234 1981592
1982574 1982940
1984161 1984541
1985644 1986043
1987067 1987419
1988283 1988607
1989351 1989696
1990497 1990855
1991664 1992070
1992712 1993098
1993763 1994183
1994804 1995263
1995937 1996442
1996920 1997450
1998106 1998608
1999497 2000004
2000664 2001188
2002069 2002555
2003641 2004131
2005373 2005890
2007014 2007493
2008481 2008935
2010086 2010584
2011749 2012218
2013562 2014063
2015437 2015982
2017337 2017876
2019447 2019943
2021761 2022243
2023906 2024412
2026235 2026745
2028613 2029081
2030822 2031297
2033251 2033684
2035784 2036202
2038197 2038590
2040636 2040992
2043037 2043381
2045573 2045895
2047953 2048277
2050484 2050784
2053099 2053378
2055642 2055912
2057949 2058244
2060444 2060697
2062788 2063057
2065016 2065316
2067387 2067675
2069544 2069800
2071752 2072046
2073909 2074245
2075992 2076315
2077967 2078321
2079739 2080074
2081482 2081797
2082982 2083274
2084517 2084855
2086237 2086575
2087725 2088030
2089026 2089325
2090137 2090457
2091432 2091752
2092833 2093147
2094416 2094695
2096073 2096311
2097466 2097718
2099011 2099283
2100406 2100659
2101661 2101924
2102772 2103063
2103686 2104017
2104762 2105065
2105681 2105996
2106518 2106819
2107227 2107518
2107753 2107998
2108253 2108467
2108511 2108774
2108881 2109164
2109401 2109727
2109959 2110327
2110546 2110953
2111079 2111496
2111571 2111983
2112261 2112623
2113019 2113377
2113717 2114025
2114349 2114624
2114912 2115236
2115320 2115677
2115712 2116047
2116085 2116445
2116678 2117027
2117240 2117601
2117725 2118059
2118160 2118524
2118574 2118898
2118978 2119265
2119511 2119801
2120060 2120387
2120820 2121178
2121670 2122007
2122583 2122944
2123505 2123819
2124466 2124783
2125296 2125568
2126101 2126362
2127091 2127324
2127950 2128153
2128799 2129043
2129596 2129829
2130341 2130561
2130866 2131085
2131301 2131480
2131942 2132161
2132587 2132827
2133271 2133496
2134175 2134360
2134806 2134952
2135611 2135716
2136362 2136480
2137333 2137409
2138076 2138186
2138848 2138956
2139693 2139824
2140357 2140451
2140935 2141075
2141552 2141671
2141960 2142053
2142310 2142410
2142651 2142788
2143213 2143314
2143701 2143824
2144104 2144246
2144590 2144767
2145146 2145323
2145733 2145943
2146535 2146777
2147451 2147693
2148181 2148404
2149009 2149223
2149883 2150145
2150895 2151136
2151950 2152141
2153048 2153278
2154057 2154263
2155000 2155233
2156161 2156347
2157297 2157451
2158472 2158583
2159741 2159848
2161193 2161308
2162825 2162903
2164633 2164748
2166448 2166513
2168188 2168286
2169878 2169931
2171649 2171652
2173488 2173532
2175305 2175316
2176991 2176999
2178906 2178906
2180807 2180810
2182567 2182588
2184430 2184447
2186515 2186532
2188411 2188428
2190061 2190120
2191824 2191898
2193594 2193691
2195480 2195620
2197401 2197515
2199187 2199330
2201140 2201300
2202989 2203104
2204823 2204894
2206816 2206838
2208553 2208568
2210171 2210207
2211865 2211886
2213392 2213397
2215064 2215096
2216730 2216805
2218339 2218386
2219868 2219938
2221482 2221510
2223130 2223195
2224808 2224896
2226450 2226532
2228148 2228226
2229986 2230046
2231794 2231879
2233721 2233832
2235555 2235629
2237470 2237538
2239309 2239411
2241147 2241274
2242898 2243027
2244773 2244870
2246378 2246442
2247920 2247962
2249561 2249571
2251076 2251084
2252672 2252701
2254494 2254558
2256246 2256328
2257906 2258025
2259685 2259807
2261669 2261806
2263781 2263942
2265940 2266067
2267958 2268119
2270008 2270151
2272175 2272287
2274230 2274349
2276279 2276412
2278332 2278507
2280582 2280748
2282779 2282941
2285143 2285264
2287406 2287506
2289565 2289643
2291778 2291861
2294155 2294239
2296496 2296597
2299046 2299159
2301781 2301927
2304740 2304864
2307909 2308080
2311295 2311511
2314875 2315046
2318573 2318792
2322205 2322401
2325825 2326051
2329547 2329787
2333440 2333630
2337364 2337524
2341256 2341386
2345092 2345192
2348851 2348919
2352348 2352423
2355939 2356060
2359652 2359789
2363475 2363564
2367273 2367364
2371038 2371114
2374598 2374675
2378235 2378291
2381892 2381916
2385653 2385677
2389282 2389351
2392993 2393058
2396805 2396850
2400461 2400465
2404017 2404048
2407431 2407438
2410711 2410747
2413814 2413886
2417032 2417135
2420424 2420502
2424035 2424136
2427918 2428009
2431591 2431673
2435134 2435192
2438854 2438885
2442730 2442759
2446434 2446448
2450366 2450399
2454275 2454290
2458062 2458080
2461959 2462007
2465683 2465704
2469162 2469221
2472510 2472586
2475960 2476004
2479614 2479657
2483083 2483083
2486325 2486361
2489607 2489619
2492983 2492986
2496596 2496605
2500057 2500088
2503682 2503752
2507124 2507238
2510718 2510822
2514164 2514219
2517381 2517443
2520758 2520785
2524221 2524226
2527509 2527547
2530905 2530984
2534130 2534187
2537333 2537420
2540523 2540586
2543611 2543673
2546753 2546809
2549988 2550026
2553132 2553133
2556144 2556158
2559194 2559239
2562263 2562290
2565076 2565084
2567665 2567700
2570111 2570167
2572648 2572686
2575051 2575074
2577266 2577288
2579319 2579346
2581347 2581365
2583326 2583351
2585552 2585565
2587933 2587936
2590520 2590553
2592920 2592922
2595423 2595426
2597917 2597921
2600530 2600574
2603077 2603117
2605565 2605575
2608184 2608212
2610871 2610890
2613688 2613691
2616632 2616667
2619434 2619516
2622177 2622257
2624873 2624970
2627814 2627925
2630792 2630857
2633498 2633520
2636056 2636118
2638553 2638657
2641302 2641412
2644211 2644363
2647296 2647480
2650389 2650585
2653265 2653502
2656099 2656352
2658727 2658965
2661352 2661585
2663904 2664153
2666454 2666713
2669087 2669393
2671709 2671993
2674440 2674715
2676969 2677270
2679750 2680071
2682430 2682800
2685325 2685664
2688292 2688627
2691474 2691854
2694790 2695199
2698338 2698760
2701710 2702135
2705287 2705760
2708923 2709394
2712456 2712926
2716121 2716559
2719680 2720116
2723248 2723706
2726888 2727358
2730333 2730780
2733904 2734336
2737509 2737913
2740986 2741341
2744581 2744922
2748244 2748595
2752030 2752402
2755810 2756225
2759522 2759928
2762989 2763373
2766297 2766701
2769756 2770131
2772974 2773352
2776386 2776784
2780062 2780436
2783709 2784124
2787578 2788030
2791304 2791761
2795176 2795649
2799301 2799806
2803693 2804199
2808057 2808581
2812573 2813125
2816968 2817518
2821411 2821912
2825757 2826274
2830274 2830784
2834597 2835140
2838868 2839402
2843047 2843616
2847360 2847932
2851902 2852481
2856396 2856968
2860868 2861482
2865369 2865948
2869922 2870535
2874599 2875184
2879210 2879777
2883697 2884278
2888112 2888662
2892480 2892996
2896769 2897246
2901087 2901557
2905613 2906068
2909884 2910305
2913957 2914405
2918055 2918455
2922293 2922675
2926625 2927003
2930998 2931396
2935525 2935951
2940071 2940474
2944539 2944967
2948900 2949366
2953119 2953538
2957458 2957919
2962010 2962491
2966347 2966861
2970924 2971477
2975422 2975927
2980056 2980606
2984863 2985431
2989636 2990230
2994360 2994972
2999213 2999864
3004333 3004976
3009570 3010200
3014977 3015626
3020590 3021258
3026415 3027106
3032148 3032858
3038106 3038776
3044189 3044871
3050074 3050711
3056031 3056650
3061807 3062392
3067604 3068215
3073334 3073966
3079164 3079796
3085210 3085879
3091541 3092235
3097835 3098559
3104111 3104799
3110521 3111254
3116804 3117569
3123275 3124014
3129650 3130366
3136145 3136904
3142549 3143304
3149057 3149844
3155657 3156454
3162031 3162854
3168239 3169028
3174539 3175302
3180568 3181321
3186724 3187481
3192696 3193424
3198631 3199348
3204417 3205170
3210444 3211159
3216561 3217272
3222599 3223306
3228504 3229208
3234190 3234901
3239676 3240422
3245136 3245832
3250633 3251378
3256353 3257098
3262307 3263032
3268165 3268907
3274025 3274773
3280127 3280859
3286063 3286805
3291953 3292647
3297633 3298299
3303359 3304039
3309213 3309939
3315154 3315870
3320892 3321630
3326823 3327524
3332828 3333535
3338681 3339343
3344580 3345213
3350219 3350857
3356007 3356652
3361613 3362302
3367502 3368214
3373647 3374344
3379867 3380527
3385970 3386617
3391895 3392513
3397716 3398368
3403512 3404192
3409238 3409941
3414812 3415532
3420518 3421197
3426224 3426881
3431893 3432539
3437773 3438422
3443901 3444580
3449895 3450623
3455920 3456616
3461709 3462384
3467234 3467958
3472678 3473434
3478029 3478758
3483351 3484104
3488649 3489433
3494076 3494810
3499216 3499984
3504514 3505330
3509799 3510593
3514969 3515762
3520082 3520881
3525276 3526043
3530522 3531282
3535606 3536326
3540479 3541155
3545084 3545751
3549650 3550309
3554003 3554690
3558394 3559069
3562557 3563242
3566623 3567308
3570762 3571470
3574955 3575646
3579334 3579993
3583520 3584163
3587608 3588263
3591573 3592193
3595653 3596298
3599694 3600345
3603617 3604259
3607649 3608334
3611772 3612420
3615787 3616446
3619616 3620247
3623249 3623871
3627083 3627689
3631059 3631705
3634970 3635624
3638728 3639414
3642563 3643297
3646536 3647270
3650630 3651348
3654461 3655182
3658481 3659213
3662387 3663120
3666412 3667130
3670577 3671324
3674852 3675600
3679036 3679761
3683157 3683912
3687489 3688227
3691673 3692439
3695764 3696502
3700010 3700796
3704530 3705273
3709203 3709955
3713661 3714445
3718113 3718878
3722589 3723376
3727327 3728097
3732111 3732904
3736887 3737636
3741781 3742483
3746832 3747503
3751838 3752463
3756996 3757574
3762241 3762818
3767733 3768323
3773013 3773558
3778428 3779004
3783771 3784336
3788989 3789597
3794040 3794647
3799189 3799837
3804229 3804840
3809481 3810111
3814723 3815393
3819980 3820675
3825170 3825855
3830336 3830971
3835513 3836158
3840616 3841272
3845822 3846429
3851218 3851848
3856637 3857300
3862207 3862863
3867576 3868255
3872797 3873511
3878231 3878905
3883677 3884369
3889388 3890035
3894989 3895589
3900693 3901271
3906398 3906974
3912299 3912922
3918364 3919033
3924452 3925146
3930527 3931230
3936636 3937330
3942799 3943505
3948870 3949534
3954749 3955406
3960584 3961194
3966298 3966917
3971898 3972499
3977422 3978051
3982840 3983496
3988101 3988765
3993571 3994238
3998929 3999634
4004330 4005051
4009782 4010528
4015431 4016133
4021099 4021763
4026977 4027598
4032563 4033164
4038179 4038805
4044015 4044633
4049749 4050339
4055468 4056081
4061001 4061636
4066386 4067019
4072009 4072667
4077766 4078473
4083586 4084313
4089426 4090148
4095285 4096003
4101153 4101909
4106996 4107801
4112709 4113511
4118394 4119241
4124119 4124957
4129838 4130668
4135721 4136526
4141742 4142567
4147683 4148553
4153770 4154677
4160101 4160962
4166512 4167418
4173176 4174112
4179661 4180592
4186045 4186966
4192225 4193187
4198587 4199501
4205055 4205944
4211701 4212613
4218462 4219328
4225387 4226285
4232129 4233000
4238923 4239827
4245736 4246650
4252565 4253430
4259442 4260325
4266290 4267159
4272962 4273800
4279487 4280373
4286297 4287192
4293189 4294131
4300109 4301053
4307206 4308105
4314435 4315347
4321511 4322380
4328651 4329569
4335899 4336854
4343307 4344252
4350505 4351401
4357819 4358675
4365241 4366135
4372752 4373674
4380457 4381362
4388235 4389170
4396010 4396911
4403554 4404486
4411227 4412120
4418655 4419501
4426160 4426998
4433470 4434274
4440529 4441285
4447754 4448537
4454931 4455697
4462163 4462949
4469587 4470354
4476934 4477684
4484363 4485150
4491655 4492444
4498935 4499715
4506385 4507185
4513614 4514408
4520943 4521693
4528072 4528858
4535343 4536091
4542618 4543355
4549783 4550532
4556959 4557736
4564351 4565115
4571570 4572309
4578996 4579751
4586375 4587082
4593853 4594516
4601120 4601787
4608359 4608983
4615670 4616291
4622780 4623381
4629698 4630253
4636510 4637110
4643409 4643985
4650404 4650938
4657361 4657889
4664201 4664758
4671212 4671732
4678421 4678956
4685867 4686377
4693054 4693609
4700041 4700645
4706913 4707510
4713651 4714202
4720533 4721082
4727249 4727818
4734220 4734825
4741157 4741789
4748057 4748732
4754897 4755605
4761823 4762558
4768757 4769493
4775919 4776686
4783114 4783925
4790533 4791350
4798054 4798902
4805774 4806590
4813569 4814362
4821144 4821965
4828539 4829312
4835907 4836683
4843220 4843989
4850651 4851386
4857953 4858737
4865424 4866168
4872674 4873379
4879676 4880336
4886393 4887025
4892921 4893516
4899251 4899824
4905516 4906121
4911640 4912213
4917540 4918078
4923636 4924141
4929765 4930306
4936051 4936566
4942549 4943079
4948855 4949367
4955015 4955542
4961234 4961779
4967515 4968049
4973572 4974119
4979772 4980273
4985856 4986315
4991941 4992379
4998024 4998508
5004336 5004795
5010850 5011288
5017104 5017558
5023537 5023959
5029930 5030326
5036397 5036791
5042757 5043108
5049045 5049417
5055203 5055587
5061422 5061796
5067602 5067985
5073603 5074005
5079492 5079943
5085407 5085907
5091529 5092023
5097884 5098328
5104122 5104581
5110426 5110888
5116640 5117148
5122818 5123284
5128830 5129275
5134711 5135113
5140529 5140926
5146115 5146484
5151527 5151851
5156655 5156998
5161797 5162155
5167190 5167574
5172365 5172710
5177488 5177865
5182850 5183239
5188212 5188605
5193597 5193962
5199162 5199569
5204958 5205360
5210826 5211191
5216556 5216927
5222499 5222893
5228481 5228831
5234383 5234734
5240366 5240748
5246184 5246591
5252177 5252584
5258342 5258728
5264291 5264670
5270439 5270787
5276311 5276626
5282221 5282575
5287982 5288317
5293729 5294041
5299443 5299734
5305161 5305467
5310927 5311232
5316747 5317073
5322381 5322671
5327913 5328177
5333530 5333804
5338978 5339248
5344246 5344564
5349595 5349905
5354944 5355251
5360245 5360550
5365604 5365944
5371119 5371445
5376656 5376939
5382377 5382681
5388083 5388410
5393629 5393916
5399060 5399333
5404233 5404483
5409216 5409455
5414146 5414430
5419018 5419299
5423982 5424303
5429127 5429401
5434391 5434646
5439649 5439929
5444863 5445160
5450089 5450407
5455359 5455719
5460517 5460853
5465405 5465755
5470155 5470506
5474659 5474970
5479349 5479623
5483920 5484194
5488255 5488496
5492552 5492811
5496950 5497172
5501423 5501605
5506077 5506252
5510869 5511052
5515534 5515685
5519946 5520101
5524594 5524758
5529040 5529184
5533365 5533464
5537561 5537684
5541704 5541843
5545828 5545973
5549763 5549911
5553715 5553911
5557958 5558193
5562128 5562329
5566149 5566362
5570414 5570600
5574657 5574883
5578825 5579076
5583019 5583228
5587161 5587350
5591275 5591425
5595123 5595275
5598896 5599077
5602524 5602681
5606340 5606526
5610036 5610209
5613591 5613750
5616901 5617073
5620054 5620186
5623088 5623222
5625984 5626108
5628990 5629138
5631782 5631974
5634508 5634655
5637357 5637549
5640264 5640433
5642900 5643072
5645573 5645699
5648067 5648225
5650761 5650948
5653528 5653716
5656476 5656634
5659408 5659609
5662256 5662422
5665205 5665330
5668092 5668172
5671137 5671209
5674236 5674330
5677134 5677224
5680102 5680142
5683024 5683067
5685871 5685957
5688715 5688800
5691441 5691529
5694036 5694082
5696599 5696611
5698987 5698996
5701597 5701597
5704345 5704350
5707125 5707168
5709884 5709887
5712456 5712480
5714968 5715015
5717316 5717323
5719538 5719541
5721960 5721964
5724556 5724598
5727270 5727359
5730011 5730107
5732973 5733115
5736024 5736161
5739151 5739329
5742085 5742279
5745245 5745432
5748513 5748664
5751724 5751848
5755053 5755197
5758473 5758614
5761794 5761955
5765211 5765353
5768522 5768657
5771597 5771737
5774603 5774776
5777673 5777887
5780705 5780945
5783605 5783860
5786360 5786636
5789189 5789491
5791823 5792088
5794300 5794537
5796993 5797252
5799953 5800169
5803022 5803254
5806215 5806483
5809440 5809701
5812884 5813132
5816261 5816465
5819639 5819852
5823216 5823454
5827045 5827308
5830931 5831211
5834972 5835247
5838949 5839203
5842944 5843224
5846716 5847003
5850710 5850952
5854455 5854685
5858116 5858332
5861953 5862192
5865622 5865862
5869466 5869728
5873153 5873446
5877084 5877348
5881003 5881289
5885105 5885375
5889246 5889506
5893153 5893435
5897174 5897498
5901159 5901489
5905107 5905410
5909214 5909484
5913264 5913510
5917316 5917559
5921275 5921489
5925261 5925453
5929223 5929412
5933187 5933339
5937195 5937333
5941348 5941513
5945344 5945512
5949197 5949339
5952965 5953130
5956905 5957094
5961027 5961259
5965196 5965420
5969458 5969674
5973555 5973777
5977544 5977736
5981507 5981739
5985716 5985982
5989843 5990123
5994089 5994401
5998142 5998415
6002205 6002444
6006266 6006541
6010452 6010677
6014754 6015002
6019271 6019487
6023572 6023786
6027704 6027899
6031742 6031902
6035602 6035794
6039443 6039642
6043287 6043495
6047046 6047241
6050974 6051199
6055027 6055280
6059002 6059258
6063188 6063480
6067436 6067750
6071646 6071974
6076007 6076346
6080361 6080669
6084680 6084982
6088890 6089160
6093293 6093566
6097732 6098040
6102254 6102530
6106711 6106975
6110947 6111186
6115358 6115603
6119960 6120157
6124348 6124578
6128911 6129130
6133411 6133611
6137672 6137911
6142003 6142248
6146556 6146757
6151159 6151361
6155795 6155986
6160527 6160668
6165282 6165435
6170132 6170256
6174871 6174946
6179558 6179604
6184297 6184356
6189077 6189101
6193860 6193931
6198935 6199022
6204103 6204206
6209353 6209406
6214408 6214508
6219330 6219474
6224192 6224362
6229125 6229312
6234077 6234285
6239219 6239421
6244357 6244595
6249477 6249666
6254694 6254881
6260130 6260324
6265502 6265731
6270970 6271191
6276500 6276676
6281950 6282136
6287361 6287580
6292881 6293094
6298579 6298801
6304041 6304244
6309377 6309530
6314539 6314679
6319555 6319722
6324441 6324608
6329217 6329343
6333978 6334146
6338591 6338774
6343451 6343610
6348071 6348193
6352887 6353009
6357662 6357823
6362495 6362669
6367111 6367324
6371581 6371802
6375811 6376009
6379954 6380181
6384188 6384414
6388594 6388863
6392913 6393227
6397130 6397405
6401462 6401742
6405939 6406267
6410377 6410737
6414623 6414947
6418963 6419305
6423526 6423883
6428185 6428515
6433036 6433381
6437783 6438120
6442555 6442880
6447263 6447563
6452169 6452422
6457194 6457407
6462335 6462531
6467265 6467411
6471908 6472012
6476551 6476693
6481328 6481489
6486293 6486459
6491031 6491208
6496009 6496163
6501127 6501236
6506213 6506284
6511333 6511392
6516476 6516522
6521410 6521430
6526110 6526164
6530903 6530939
6535671 6535675
6540390 6540413
6544928 6544997
6549353 6549402
6553974 6554042
6558491 6558602
6563074 6563210
6567496 6567677
6571806 6572007
6576356 6576556
6580858 6581073
6585231 6585434
6589712 6589890
6594001 6594173
6598466 6598592
6602665 6602749
6606813 6606913
6611009 6611091
6615238 6615310
6619356 6619425
6623312 6623407
6627256 6627351
6631388 6631449
6635422 6635479
6639323 6639355
6643203 6643239
6647268 6647342
6651529 6651611
6655842 6655890
6660035 6660039
6664324 6664369
6668877 6668904
6673518 6673546
6678136 6678158
6682706 6682724
6687185 6687244
6691864 6691972
6696511 6696639
6701288 6701366
6705827 6705891
6710351 6710426
6714664 6714714
6719087 6719165
6723670 6723767
6728365 6728489
6732971 6733139
6737863 6737986
6742809 6742917
6747902 6748010
6752856 6752977
6757727 6757863
6762508 6762620
6767051 6767193
6771651 6771764
6776284 6776367
6781100 6781190
6785793 6785849
6790643 6790719
6795454 6795503
6800338 6800346
6805022 6805066
6809790 6809876
6814542 6814673
6819321 6819433
6823917 6823994
6828673 6828798
6833351 6833468
6838032 6838130
6842766 6842860
6847409 6847519
6852110 6852175
6856775 6856866
6861712 6861840
6866823 6866935
6872101 6872238
6877362 6877471
6882621 6882730
6887993 6888094
6893482 6893618
6898865 6898999
6904154 6904313
6909705 6909851
6915346 6915514
6921083 6921249
6926859 6927043
6932540 6932680
6938138 6938252
6943588 6943655
6948846 6948910
6953947 6954032
6959118 6959218
6964534 6964604
6970067 6970133
6975369 6975399
6980476 6980483
6985585 6985586
6990802 6990849
6996169 6996170
7001632 7001673
7007201 7007264
7012579 7012638
7017829 7017896
7022922 7022994
7028011 7028044
7033100 7033110
7038404 7038421
7043589 7043638
7048913 7048996
7054100 7054211
7059418 7059534
7064833 7064933
7070317 7070405
7075644 7075719
7081052 7081093
7086557 7086597
7092045 7092128
7097735 7097838
7103278 7103371
7108965 7109080
7114581 7114646
7120335 7120366
7125903 7125948
7131430 7131488
7136749 7136772
7141900 7141945
7147308 7147310
7152801 7152802
7158109 7158135
7163214 7163215
7168320 7168364
7173224 7173240
7177905 7177967
7182736 7182798
7187594 7187666
7192709 7192748
7198031 7198042
7203206 7203222
7208590 7208614
7214063 7214135
7219753 7219831
7225693 7225762
7231754 7231864
7237846 7237968
7244000 7244077
7250257 7250318
7256702 7256742
7263085 7263097
7269474 7269532
7276055 7276066
7282816 7282847
7289832 7289841
7296627 7296631
7303240 7303293
7310025 7310094
7316804 7316899
7323717 7323791
7330383 7330453
7337096 7337190
7343900 7343981
7350727 7350826
7357783 7357928
7364800 7364938
7372016 7372197
7379271 7379413
7386383 7386545
7393467 7393659
7400409 7400587
7407238 7407377
7413862 7414020
7420454 7420635
7427003 7427176
7433424 7433621
7440017 7440258
7446507 7446704
7453114 7453319
7459940 7460168
7466560 7466781
7472985 7473191
7479193 7479428
7485494 7485753
7491643 7491923
7497595 7497832
7503364 7503618
7509144 7509383
7514703 7514965
7520041 7520343
7525652 7525982
7531263 7531615
7536826 7537149
7542575 7542946
7548475 7548887
7554539 7554924
7560331 7560697
7566148 7566496
7571824 7572201
7577711 7578068
7583689 7584066
7589778 7590182
7595662 7596020
7601646 7601972
7607646 7607922
7613553 7613877
7619279 7619634
7624887 7625222
7630576 7630932
7636362 7636705
7642230 7642564
7648335 7648696
7654551 7654875
7660540 7660855
7666758 7667055
7672742 7673040
7678618 7678962
7684305 7684601
7690174 7690451
7695909 7696138
7701452 7701719
7706783 7707053
7712208 7712478
7717685 7718004
7723151 7723460
7728403 7728730
7733489 7733863
7738469 7738876
7743382 7743772
7748472 7748838
7753369 7753693
7758386 7758684
7763394 7763737
7768293 7768631
7773107 7773413
7777945 7778227
7782589 7782888
7787091 7787421
7791592 7791880
7796132 7796435
7800883 7801218
7805492 7805824
7810033 7810369
7814746 7815107
7819336 7819702
7823786 7824170
7828141 7828475
7832259 7832625
7836604 7836978
7840732 7841059
7845051 7845337
7849358 7849640
7853495 7853731
7857489 7857748
7861356 7861652
7865493 7865768
7869844 7870139
7874007 7874309
7878046 7878388
7881967 7882342
7885872 7886209
7889684 7890048
7893630 7893955
7897540 7897869
7901648 7901993
7905662 7905982
7909458 7909826
7913382 7913770
7917123 7917503
7920848 7921271
7924623 7925082
7928586 7929032
7932398 7932841
7936203 7936642
7940105 7940570
7943973 7944417
7947699 7948147
7951349 7951785
7954801 7955258
7958167 7958652
7961347 7961789
7964505 7964962
7967638 7968068
7970723 7971166
7974004 7974457
7977063 7977559
7980239 7980705
7983228 7983697
7985992 7986420
7988613 7989076
7991143 7991650
7993721 7994245
7996300 7996861
7998703 7999239
8000834 8001399
8002938 8003540
8005188 8005788
8007576 8008140
8010154 8010755
8012871 8013504
8015593 8016258
8018508 8019165
8021353 8021966
8024346 8024963
8027475 8028081
8030438 8031082
8033282 8033905
8036004 8036616
8038481 8039068
8040861 8041398
8042983 8043563
8045055 8045643
8047062 8047692
8049230 8049868
8051219 8051808
8053326 8053893
8055509 8056046
8057910 8058402
8060411 8060857
8062856 8063308
8065323 8065739
8067935 8068373
8070519 8070943
8072946 8073403
8075194 8075697
8077684 8078220
8080067 8080565
8082295 8082835
8084485 8084987
8086597 8087107
8088648 8089144
8090483 8090943
8092343 8092807
8094091 8094599
8095744 8096263
8097474 8097993
8099345 8099816
8101347 8101798
8103318 8103789
8105428 8105943
8107478 8107958
8109348 8109796
8111281 8111715
8113054 8113514
8115073 8115506
8117158 8117582
8119038 8119438
8120804 8121185
8122760 8123135
8124730 8125122
8126964 8127338
8129125 8129503
8131511 8131868
8133657 8134052
8135984 8136424
8138462 8138892
8140794 8141221
8142929 8143345
8145082 8145478
8146986 8147400
8148900 8149329
8150816 8151292
8152754 8153251
8154851 8155318
8156897 8157381
8159164 8159607
8161193 8161673
8163414 8163893
8165686 8166170
8167880 8168348
8169809 8170262
8171584 8172068
8173244 8173694
8174834 8175272
8176297 8176700
8177691 8178140
8178986 8179434
8180183 8180598
8181350 8181755
8182467 8182838
8183377 8183716
8184394 8184703
8185145 8185464
8185998 8186362
8186906 8187259
8187737 8188130
8188792 8189208
8189626 8190056
8190586 8190974
8191511 8191862
8192460 8192790
8193617 8193970
8194850 8195227
8196110 8196439
8197117 8197479
8198102 8198485
8199003 8199398
8199945 8200354
8201141 8201537
8202322 8202741
8203487 8203914
8204570 8205043
8205931 8206445
8207552 8208112
8209188 8209720
8210773 8211311
8212355 8212850
8213827 8214325
8215239 8215706
8216444 8216901
8217520 8218023
8218475 8218997
8219344 8219843
8220012 8220541
8220952 8221485
8221764 8222265
8222432 8222932
8222982 8223502
8223513 8224071
8224261 8224819
8224828 8225346
8225408 8225886
8225913 8226384
8226472 8226964
8227100 8227631
8227641 8228156
8228267 8228777
8229049 8229585
8229745 8230296
8230332 8230838
8230991 8231500
8231585 8232123
8232353 8232850
8232908 8233359
8233540 8233984
8234076 8234494
8234534 8234964
8235124 8235590
8235930 8236407
8236924 8237353
8237935 8238413
8239169 8239674
8240599 8241079
8241840 8242295
8243136 8243632
8244709 8245250
8246435 8246943
8247883 8248420
8249512 8250079
8251402 8251987
8253352 8253939
8255281 8255822
8256951 8257455
8258583 8259115
8260070 8260642
8261683 8262243
8263164 8263772
8264528 8265150
8265942 8266519
8267179 8267709
8268543 8269023
8269692 8270136
8270869 8271281
8271875 8272311
8272874 8273296
8273773 8274193
8274569 8275031
8275161 8275647
8275977 8276452
8276610 8277052
8277096 8277542
8277608 8278011
8278273 8278642
8278697 8279111
8279283 8279661
8279726 8280102
8280283 8280697
8280815 8281203
8281401 8281755
8281960 8282320
8282500 8282891
8283234 8283604
8283804 8284147
8284450 8284760
8285274 8285619
8285910 8286235
8286495 8286774
8287145 8287451
8287672 8287949
8288098 8288359
8288416 8288638
8288752 8288941
8289116 8289331
8289565 8289767
8290041 8290208
8290539 8290677
8290839 8290938
8291048 8291103
8291221 8291240
8291350 8291355
8291455 8291502
8291523 8291591
8291772 8291821
8292131 8292190
8292622 8292660
8293010 8293055
8293214 8293215
8293494 8293515
8293672 8293697
8294036 8294086
8294481 8294541
8294789 8294803
8294941 8294963
8295088 8295117
8295470 8295511
8295689 8295733
8295967 8296052
8296358 8296432
8296924 8296991
8297587 8297690
8298515 8298645
8299266 8299434
8300156 8300356
8301208 8301455
8302121 8302393
8303140 8303364
8304132 8304371
8305003 8305254
8305925 8306224
8306673 8306926
8307316 8307595
8307896 8308192
8308731 8309019
8309570 8309853
8310541 8310780
8311520 8311776
8312555 8312778
8313420 8313692
8314163 8314415
8314666 8314961
8315068 8315313
8315540 8315776
8315788 8316010
8316112 8316291
8316626 8316772
8316950 8317079
8317184 8317274
8317404 8317477
8317693 8317760
8318024 8318061
8318343 8318351
8318635 8318669
8319171 8319239
8319509 8319533
8319581 8319639
8319801 8319819
8320228 8320265
8320443 8320488
8320500 8320500
8320566 8320570
8320835 8320870
8321174 8321210
8321529 8321549
8321744 8321797
8322023 8322074
8322098 8322110
8322309 8322345
8322356 8322419
8322463 8322533
8322534 8322613
8322780 8322883
8323151 8323294
8323444 8323622
8323684 8323822
8323911 8324023
8324054 8324173
8324253 8324372
8324391 8324472
8324676 8324757
8324788 8324870
8324872 8324997
8325149 8325266
8325394 8325548
8325657 8325791
8325932 8326103
8326374 8326577
8327057 8327273
8327875 8328120
8328663 8328946
8329532 8329784
8330575 8330790
8331708 8331969
8333023 8333284
8334255 8334534
8335319 8335548
8336449 8336655
8337356 8337574
8338411 8338607
8339363 8339571
8340083 8340321
8340779 8341013
8341511 8341713
8342246 8342479
8342803 8343072
8343379 8343655
8343961 8344261
8344560 8344887
8345366 8345669
8346331 8346678
8347561 8347929
8349029 8349392
8350609 8350937
8352375 8352724
8354148 8354501
8356009 8356312
8357882 8358234
8359934 8360282
8362167 8362476
8364537 8364847
8366709 8366974
8368778 8369079
8370923 8371269
8372899 8373220
8374718 8375080
8376812 8377207
8379042 8379448
8381333 8381776
8383813 8384247
8386389 8386786
8388859 8389267
8391155 8391572
8393600 8394031
8396227 8396646
8398958 8399361
8401717 8402070
8404558 8404953
8407517 8407949
8410288 8410708
8412927 8413387
8415821 8416322
8418704 8419225
8421490 8422008
8424356 8424865
8427141 8427698
8430150 8430750
8432975 8433536
8435981 8436544
8439070 8439680
8442150 8442785
8445252 8445855
8448249 8448894
8451046 8451690
8453738 8454367
8456597 8457217
8459219 8459803
8461861 8462430
8464703 8465268
8467387 8467988
8470015 8470659
8472679 8473322
8475129 8475778
8477568 8478215
8479825 8480489
8482127 8482815
8484332 8485018
8486534 8487202
8488667 8489370
8490962 8491636
8493252 8493912
8495696 8496372
8498032 8498668
8500227 8500876
8502416 8503046
8504498 8505123
8506435 8507032
8508098 8508663
8509972 8510565
8512114 8512683
8514070 8514641
8516181 8516733
8518348 8518906
8520629 8521227
8522863 8523502
8525360 8526043
8527821 8528511
8530382 8531075
8532956 8533643
8535511 8536246
8538017 8538732
8540625 8541331
8543385 8544067
8546098 8546750
8548821 8549516
8551470 8552167
8554044 8554727
8556671 8557325
8559386 8560072
8562126 8562818
8565052 8565721
8567771 8568420
8570532 8571135
8573298 8573939
8576090 8576744
8579100 8579711
8582105 8582724
8584876 8585542
8587530 8588157
8590352 8590982
8593282 8593888
8596008 8596585
8598632 8599213
8601077 8601641
8603525 8604125
8606071 8606682
8608560 8609174
8611175 8611811
8613631 8614246
8616197 8616847
8619002 8619631
8621538 8622200
8624337 8625009
8627314 8627976
8630408 8631117
8633514 8634207
8636834 8637518
8640078 8640771
8643541 8644250
8646984 8647735
8650350 8651061
8653749 8654475
8657112 8657886
8660645 8661386
8664203 8664895
8667767 8668439
8671534 8672169
8675195 8675842
8678709 8679368
8682068 8682716
8685166 8685779
8688256 8688879
8691426 8692087
8694641 8695298
8697810 8698485
8700947 8701610
8704101 8704762
8707265 8707905
8710297 8710915
8713396 8714011
8716526 8717166
8719843 8720517
8723097 8723725
8726384 8727060
8729534 8730259
8732952 8733652
8736127 8736863
8739442 8740206
8742545 8743305
8745603 8746328
8748690 8749376
8751858 8752551
8754943 8755664
8757820 8758525
8760913 8761653
8764120 8764836
8767522 8768234
8771090 8771782
8774655 8775305
8778128 8778763
8781806 8782470
8785506 8786199
8789142 8789869
8792923 8793602
8796566 8797246
8800216 8800903
8803636 8804359
8807190 8807950
8810550 8811316
8814110 8814902
8817507 8818260
8820755 8821503
8823903 8824695
8826873 8827652
8829850 8830639
8832844 8833593
8835896 8836688
8839135 8839916
8842521 8843252
8845842 8846550
8849044 8849705
8852431 8853122
8855657 8856327
8859095 8859740
8862653 8863252
8866117 8866674
8869705 8870261
8873195 8873757
8876484 8877016
8879617 8880163
8882536 8883113
8885265 8885827
8888161 8888693
8891259 8891814
8894292 8894849
8897106 8897613
8899656 8900119
8902066 8902516
8904704 8905106
8907336 8907779
8909869 8910302
8912387 8912796
8915095 8915463
8917514 8917854
8920137 8920512
8922950 8923297
8925668 8926014
8928135 8928447
8930515 8930865
8932790 8933124
8935115 8935466
8937314 8937684
8939354 8939683
8941398 8941732
8943438 8943725
8945660 8945911
8947786 8948079
8950165 8950419
8952607 8952871
8955228 8955492
8957828 8958085
8960417 8960641
8963183 8963368
8965905 8966110
8968699 8968949
8971502 8971722
8974421 8974610
8977383 8977570
8980171 8980401
8982754 8982976
8985266 8985531
8987749 8987964
8990279 8990473
8993003 8993179
8995756 8995981
8998336 8998577
9000688 9000881
9003164 9003376
9005496 9005721
9008001 9008251
9010489 9010753
9013016 9013239
9015474 9015739
9018214 9018499
9020941 9021229
9023757 9023998
9026605 9026874
9029468 9029722
9032356 9032571
9035073 9035242
9037842 9038020
9040443 9040620
9043138 9043299
9045691 9045889
9048158 9048394
9050450 9050669
9052884 9053065
9055066 9055250
9057175 9057370
9059358 9059524
9061447 9061582
9063477 9063636
9065730 9065933
9068156 9068364
9070452 9070611
9072673 9072812
9075062 9075212
9077637 9077762
9080194 9080327
9082847 9083026
9085339 9085502
9087948 9088106
9090527 9090641
9093170 9093289
9095928 9096021
9098709 9098833
9101346 9101441
9103957 9104066
9106640 9106750
9109272 9109387
9111672 9111776
9113831 9113976
9115834 9115933
9117867 9117985
9119691 9119769
9121628 9121660
9123409 9123445
9125069 9125095
9126883 9126884
9128576 9128586
9130149 9130165
9131834 9131888
9133556 9133567
9135200 9135200
9136944 9136947
9138838 9138853
9140713 9140777
9142581 9142599
9144231 9144292
9145988 9146010
9147784 9147821
9149707 9149742
9151523 9151555
9153245 9153254
9154764 9154780
9156511 9156539
9158053 9158057
9159772 9159786
9161430 9161486
9162945 9163008
9164315 9164361
9165843 9165848
9167229 9167274
9168460 9168505
9169452 9169527
9170241 9170280
9170986 9171050
9171627 9171689
9172423 9172506
9173271 9173330
9173944 9173992
9174390 9174431
9174972 9175018
9175317 9175325
9175828 9175860
9176505 9176542
9177251 9177291
9177845 9177924
9178674 9178731
9179357 9179451
9180096 9180217
9181021 9181154
9181869 9181979
9182651 9182740
9183455 9183555
9184283 9184346
9184879 9184963
9185526 9185602
9186188 9186244
9186973 9187008
9187673 9187674
9188306 9188350
9188851 9188856
9189144 9189190
9189509 9189524
9189778 9189816
9189828 9189836
9189933 9189970
9190233 9190311
9190516 9190638
9190985 9191105
9191275 9191375
9191779 9191864
9192395 9192500
9192962 9193018
9193404 9193441
9193740 9193750
9194104 9194132
9194429 9194504
9194690 9194739
9194880 9194959
9195162 9195208
9195373 9195449
9195810 9195883
9196116 9196153
9196459 9196487
9196823 9196845
9197171 9197193
9197552 9197601
9197759 9197831
9197852 9197938
9198120 9198238
9198639 9198718
9199177 9199221
9199622 9199622
9199891 9199907
9200291 9200319
9200817 9200848
9201440 9201510
9202148 9202257
9202754 9202884
9203265 9203427
9203642 9203822
9204254 9204470
9204973 9205228
9205733 9205976
9206390 9206669
9207027 9207257
9207384 9207607
9207670 9207922
9208068 9208368
9208411 9208677
9208785 9209097
9209373 9209652
9209978 9210228
9210653 9210936
9211142 9211431
9211844 9212163
9212453 9212765
9213003 9213358
9213666 9213991
9214422 9214765
9215441 9215795
9216705 9217065
9217752 9218107
9218791 9219195
9219637 9220004
9220659 9221060
9221753 9222107
9222999 9223339
9224461 9224821
9225941 9226252
9227251 9227582
9228554 9228904
9229989 9230315
9231300 9231580
9232581 9232871
9234081 9234377
9235771 9236026
9237344 9237601
9238736 9239012
9240107 9240372
9241695 9242007
9243579 9243892
9245651 9245937
9247583 9247821
9249271 9249498
9250769 9251038
9252109 9252414
9253247 9253559
9254186 9254466
9255178 9255501
9256012 9256307
9256640 9256964
9257150 9257509
9257774 9258088
9258264 9258614
9258784 9259096
9259471 9259827
9259982 9260320
9260626 9260953
9261489 9261814
9262104 9262383
9262900 9263178
9263636 9263927
9264140 9264383
9264630 9264916
9265248 9265500
9265665 9265948
9266132 9266377
9266579 9266802
9267022 9267249
9267552 9267787
9268126 9268396
9268538 9268836
9269052 9269370
9269799 9270079
9270671 9270938
9271524 9271838
9272384 9272705
9273228 9273512
9273978 9274217
9274801 9275084
9275561 9275881
9276569 9276897
9277693 9278050
9279075 9279443
9280491 9280891
9282099 9282453
9283815 9284206
9285679 9286052
9287762 9288177
9289765 9290159
9291820 9292210
9293760 9294169
9295854 9296275
9298133 9298553
9300532 9300976
9302739 9303147
9304842 9305267
9306789 9307232
9308755 9309179
9310941 9311361
9313294 9313688
9315565 9315911
9317651 9317961
9319840 9320163
9321889 9322188
9323859 9324196
9325926 9326285
9327877 9328251
9330006 9330384
9331926 9332341
9333869 9334256
9335971 9336368
9338221 9338626
9340452 9340833
9342830 9343212
9345255 9345607
9347648 9347967
9349990 9350346
9352384 9352706
9354797 9355136
9357206 9357574
9359704 9360032
9362251 9362582
9364944 9365291
9367807 9368194
9370576 9370946
9373367 9373764
9376349 9376715
9379095 9379445
9381753 9382100
9384436 9384828
9387031 9387417
9389701 9390125
9392398 9392866
9394892 9395337
9397136 9397548
9399437 9399847
9401749 9402130
9403848 9404236
9406082 9406465
9408447 9408852
9410748 9411194
9413029 9413434
9415267 9415706
9417520 9417951
9419538 9419968
9421533 9421979
9423776 9424259
9425847 9426377
9428180 9428733
9430350 9430930
9432786 9433371
9434988 9435575
9437420 9438021
9439967 9440601
9442645 9443234
9445033 9445649
9447295 9447919
9449632 9450273
9451914 9452576
9454401 9455049
9456624 9457246
9458786 9459397
9460982 9461636
9463395 9464092
9466060 9466736
9468783 9469447
9471337 9471981
9473638 9474246
9475929 9476569
9478430 9479045
9480918 9481530
9483645 9484249
9486366 9486973
9488933 9489572
9491765 9492381
9494389 9494980
9497056 9497599
9499815 9500317
9502544 9503074
9505091 9505590
9507413 9507907
9509523 9510018
9511502 9511982
9513647 9514105
9515604 9516057
9517384 9517809
9519027 9519481
9520565 9521016
9521884 9522366
9523441 9523876
9524983 9525424
9526315 9526722
9527743 9528120
9529325 9529665
9530934 9531228
9532300 9532641
9533832 9534164
9535386 9535721
9536699 9537006
9537847 9538180
9538869 9539219
9539925 9540302
9540768 9541179
9541491 9541926
9542326 9542799
9542985 9543454
9543606 9544107
9544143 9544661
9544778 9545333
9545439 9546013
9546055 9546610
9546743 9547304
9547420 9548012
9548085 9548681
9548718 9549357
9549398 9550012
9550071 9550717
9550865 9551505
9551596 9552268
9552354 9553067
9553168 9553837
9554040 9554679
9554811 9555421
9555732 9556300
9556522 9557122
9557404 9557978
9558128 9558708
9558795 9559373
9559378 9559996
9560158 9560739
9561110 9561686
9562046 9562606
9563081 9563671
9564348 9564983
9565542 9566174
9566698 9567327
9567808 9568429
9569009 9569630
9570375 9570986
9571897 9572557
9573230 9573842
9574609 9575224
9576017 9576592
9577186 9577714
9578543 9579042
9579783 9580262
9580777 9581292
9581636 9582148
9582516 9582993
9583426 9583888
9584159 9584647
9584736 9585210
9585487 9585975
9586155 9586657
9586792 9587288
9587465 9587947
9587964 9588407
9588480 9588939
9589034 9589525
9589584 9590104
9590285 9590779
9591045 9591539
9592042 9592581
9593014 9593576
9593897 9594476
9594676 9595220
9595528 9596034
9596174 9596665
9597012 9597538
9597996 9598571
9599018 9599585
9599941 9600550
9601132 9601770
9602573 9603253
9603884 9604593
9605196 9605885
9606563 9607252
9607993 9608660
9609215 9609850
9610294 9610913
9611480 9612134
9612659 9613339
9613733 9614381
9614627 9615263
9615306 9615967
9616141 9616846
9617058 9617762
9617762 9618442
9618529 9619197
9619250 9619897
9620061 9620737
9621103 9621760
9622182 9622837
9623117 9623753
9623826 9624496
9624784 9625500
9626001 9626667
9627192 9627844
9628348 9629017
9629278 9629981
9630063 9630764
9630813 9631544
9631841 9632620
9632903 9633718
9633875 9634732
9635098 9635918
9636139 9636974
9637032 9637849
9637929 9638704
9638787 9639570
9639724 9640457
9640538 9641236
9641347 9642068
9642163 9642838
9643022 9643701
9644114 9644759
9645297 9645962
9646709 9647333
9648141 9648732
9649556 9650172
9651151 9651802
9652729 9653339
9654399 9654972
9656172 9656775
9657896 9658538
9659535 9660129
9661066 9661685
9662651 9663238
9664411 9665019
9666033 9666654
9667544 9668142
9669130 9669714
9670882 9671452
9672642 9673178
9674295 9674867
9675810 9676414
9677505 9678131
9679231 9679822
9681000 9681633
9682746 9683330
9684663 9685203
9686669 9687183
9688686 9689197
9690739 9691261
9692720 9693231
9694852 9695386
9696932 9697475
9699070 9699564
9701308 9701792
9703490 9704001
9705634 9706171
9708007 9708512
9710436 9710932
9712987 9713525
9715363 9715908
9717936 9718443
9720493 9721026
9723064 9723642
9725724 9726350
9728618 9729246
9731710 9732304
9734890 9735445
9737791 9738386
9740797 9741419
9744017 9744641
9747001 9747669
9750162 9750865
9753416 9754110
9756646 9757350
9759734 9760447
9762816 9763523
9765968 9766710
9769061 9769754
9772347 9773061
9775647 9776400
9779127 9779913
9782421 9783199
9785780 9786523
9788919 9789704
9792336 9793115
9795774 9796566
9799214 9800032
9802835 9803664
9806615 9807413
9810140 9810945
9813668 9814438
9817144 9817945
9820421 9821239
9823806 9824592
9827305 9828042
9830843 9831574
9834544 9835322
9838431 9839175
9842382 9843159
9846179 9846930
9850123 9850879
9854228 9855029
9858154 9858914
9862163 9862882
9866092 9866856
9869967 9870710
9874062 9874781
9878191 9878888
9882054 9882735
9886129 9886796
9890135 9890811
9894371 9895075
9898732 9899453
9903332 9904039
9907829 9908562
9912292 9912981
9916583 9917290
9920794 9921526
9925087 9925785
9929442 9930123
9933890 9934615
9938551 9939243
9943118 9943849
9947925 9948637
9952861 9953579
9957623 9958346
9962429 9963140
9967208 9967918
9972122 9972816
9976799 9977534
9981692 9982386
9986330 9987014
9991202 9991925
9995871 9996571
10000601 10001347
10005257 10006036
10010130 10010895
10014806 10015548
10019289 10020078
10023846 10024607
10028564 10029291
10033118 10033889
10037648 10038394
10042345 10043084
10046998 10047724
10051425 10052164
10055904 10056685
10060573 10061394
10065087 10065861
10069698 10070493
10074572 10075351
10079570 10080327
10084745 10085483
10090009 10090791
10095348 10096092
10100564 10101316
10105870 10106587
10111185 10111872
10116710 10117407
10122437 10123112
10128217 10128873
10134037 10134712
10140060 10140736
10146133 10146797
10152413 10153072
10158679 10159324
10165124 10165807
10171630 10172263
10178097 10178718
10184584 10185206
10191109 10191747
10197872 10198510
10204579 10205179
10211362 10211916
10218216 10218757
10224840 10225418
10231330 10231885
10237972 10238498
10244421 10244931
10250703 10251173
10256977 10257493
10263274 10263794
10269472 10269948
10275685 10276183
10281936 10282481
10288104 10288649
10294221 10294813
10300159 10300723
10305959 10306494
10311886 10312411
10317967 10318525
10324194 10324766
10330315 10330918
10336392 10336974
10342211 10342806
10347839 10348453
10353632 10354227
10359213 10359798
10364827 10365457
10370666 10371267
10376568 10377138
10382219 10382761
10387762 10388281
10393413 10393949
10399092 10399611
10404577 10405057
10409828 10410275
10415062 10415493
10420301 10420708
10425554 10425952
10430861 10431270
10436365 10436741
10441622 10441960
10446655 10447033
10451706 10452071
10456880 10457215
10462000 10462352
10467169 10467546
10472390 10472726
10477572 10477902
10482550 10482909
10487524 10487880
10492547 10492887
10497314 10497671
10502147 10502547
10506905 10507344
10511622 10512064
10516392 10516848
10521231 10521642
10525788 10526199
10530225 10530587
10534377 10534739
10538609 10538946
10542809 10543101
10546740 10547000
10550491 10550798
10554188 10554457
10557872 10558108
10561303 10561566
10564647 10564903
10567876 10568095
10570828 10571080
10573780 10574007
10576784 10577020
10579583 10579848
10582482 10582781
10585188 10585442
10588073 10588337
10591088 10591302
10593815 10594042
10596326 10596535
10599057 10599270
10601551 10601724
10604159 10604310
10606806 10606962
10609637 10609831
10612439 10612659
10615155 10615413
10617860 10618084
10620578 10620812
10623097 10623317
10625575 10625771
10627916 10628077
10630201 10630407
10632679 10632931
10635127 10635385
10637749 10637993
10640420 10640693
10642924 10643226
10645632 10645943
10648306 10648632
10650910 10651281
10653781 10654171
10656813 10657222
10660084 10660475
10663227 10663612
10666429 10666799
10669408 10669730
10672416 10672740
10675573 10675880
10678602 10678872
10681533 10681775
10684461 10684728
10687590 10687865
10690645 10690965
10693895 10694256
10697129 10697503
10700619 10701007
10703991 10704389
10707290 10707665
10710714 10711102
10714339 10714774
10717770 10718206
10721156 10721637
10724442 10724964
10727752 10728256
10730883 10731350
10734006 10734520
10737005 10737540
10740179 10740720
10743207 10743707
10746258 10746714
10749450 10749941
10752591 10753091
10755616 10756105
10758635 10759146
10761520 10762079
10764218 10764806
10767189 10767784
10770292 10770876
10773354 10773945
10776184 10776788
10778866 10779438
10781344 10781911
10783762 10784361
10786076 10786633
10788596 10789174
10791338 10791871
10794195 10794751
10797306 10797840
10800445 10800987
10803697 10804246
10806835 10807371
10810175 10810718
10813445 10814008
10816692 10817239
10819921 10820516
10823237 10823800
10826457 10827057
10829826 10830451
10833431 10834080
10836925 10837535
10840150 10840781
10843198 10843807
10846255 10846912
10849337 10849964
10852395 10853057
10855695 10856382
10858844 10859555
10861976 10862689
10865160 10865847
10868166 10868873
10871261 10871924
10874422 10875055
10877556 10878174
10880809 10881466
10884324 10885004
10887957 10888678
10891656 10892363
10895532 10896266
10899299 10900049
10902848 10903592
10906520 10907288
10910288 10911024
10913950 10914667
10917667 10918418
10921513 10922258
10925418 10926208
10929267 10930060
10933146 10933931
10936867 10937679
10940863 10941670
10944776 10945600
10948682 10949540
10952407 10953275
10956390 10957295
10960516 10961429
10964785 10965736
10968848 10969843
10972994 10974038
10977368 10978394
10981564 10982639
10986035 10987127
10990749 10991793
10995208 10996248
10999584 11000591
11004000 11004995
11008568 11009584
11013039 11014059
11017634 11018632
11022350 11023361
11027099 11028099
11031711 11032732
11036381 11037414
11041267 11042275
11045936 11046971
11050540 11051617
11055169 11056204
11059589 11060632
11064142 11065140
11068400 11069354
11072452 11073366
11076461 11077356
11080636 11081547
11084811 11085739
11088873 11089778
11093062 11094014
11097515 11098429
11102088 11102969
11106447 11107331
11110879 11111713
11115312 11116145
11119753 11120589
11124261 11125073
11128510 11129336
11132922 11133761
11137423 11138290
11142177 11143019
11146673 11147534
11151397 11152297
11156040 11156930
11160743 11161669
11165383 11166324
11169836 11170798
11174516 11175458
11179257 11180155
11183817 11184745
11188634 11189609
11193655 11194608
11198566 11199478
11203498 11204437
11208334 11209241
11212975 11213918
11217701 11218671
11222219 11223233
11226833 11227865
11231660 11232690
11236578 11237637
11241726 11242812
11246830 11247947
11252041 11253184
11257521 11258672
11262962 11264089
11268456 11269601
11274080 11275252
11279703 11280920
11285180 11286365
11290612 11291747
11295749 11296904
11300804 11301916
11305927 11307078
11310997 11312190
11315949 11317101
11320665 11321823
11325500 11326676
11330447 11331664
11335647 11336850
11340760 11341963
11346120 11347370
11351654 11352904
11357170 11358464
11362785 11364125
11368643 11370009
11374770 11376099
11380740 11382095
11386977 11388349
11393430 11394842
11400070 11401462
11406543 11407941
11412889 11414326
11419059 11420500
11425360 11426834
11431825 11433319
11438429 11439874
11445075 11446489
11451569 11452953
11458079 11459479
11464431 11465868
11470911 11472329
11477410 11478808
11484059 11485476
11490585 11491952
11496921 11498280
11503053 11504374
11509228 11510518
11515440 11516715
11521693 11522968
11527956 11529206
11533973 11535267
11540281 11541565
11546348 11547629
11552340 11553574
11558100 11559284
11563965 11565153
11570023 11571225
11576180 11577380
11582562 11583717
11589139 11590277
11595837 11596957
11602722 11603799
11609630 11610712
11616526 11617602
11623639 11624748
11630557 11631668
11637379 11638495
11643996 11645136
11650514 11651692
11656997 11658175
11663456 11664600
11669877 11671006
11676203 11677371
11682506 11683696
11688872 11690023
11695091 11696232
11701230 11702325
11707083 11708154
11712910 11713990
11718680 11719717
11724400 11725406
11730075 11731089
11735860 11736893
11741762 11742774
11747413 11748440
11753300 11754362
11759338 11760353
11765202 11766205
11771227 11772191
11777255 11778247
11783445 11784396
11789510 11790484
11795727 11796660
11801750 11802702
11807849 11808805
11813751 11814709
11819898 11820833
11825882 11826820
11831980 11832898
11838242 11839208
11844682 11845625
11850944 11851872
11857331 11858253
11863883 11864849
11870677 11871620
11877366 11878306
11884008 11884968
11890694 11891661
11897401 11898401
11904361 11905382
11911157 11912136
11917936 11918963
11924908 11925928
11931657 11932687
11938386 11939371
11945048 11946018
11951472 11952463
11957906 11958848
11964185 11965099
11970645 11971535
11976857 11977727
11982962 11983878
11989155 11990104
11995253 11996177
12001190 12002156
12007080 12008067
12013126 12014120
12019162 12020191
12025066 12026059
12031171 12032164
12037116 12038141
12043043 12044086
12049020 12050031
12054778 12055812
12060396 12061454
12065906 12066929
12071561 12072580
12077046 12078074
12082477 12083492
12087712 12088731
12092985 12094018
12098027 12099046
12103120 12104095
12108221 12109235
12113262 12114317
12118210 12119222
12123096 12124126
12127981 12129043
12132663 12133702
12137491 12138557
12142421 12143485
12147414 12148434
12152379 12153384
12157479 12158491
12162406 12163372
12167515 12168505
12172458 12173476
12177491 12178526
12182698 12183691
12187650 12188639
12192408 12193376
12197174 12198108
12201779 12202758
12206251 12207227
12210708 12211695
12215084 12216099
12219673 12220680
12224137 12225112
12228599 12229620
12233345 12234398
12238186 12239196
12243168 12244199
12248106 12249161
12253085 12254129
12258294 12259315
12263546 12264529
12268793 12269773
12274109 12275112
12279231 12280214
12284553 12285511
12290067 12291039
12295574 12296564
12301240 12302261
12307041 12308056
12312669 12313644
12318449 12319406
12324176 12325179
12329979 12331030
12335995 12337062
12341796 12342867
12347450 12348565
12353223 12354343
12358823 12359934
12364581 12365693
12370420 12371511
12376074 12377212
12381937 12383040
12387989 12389101
12393838 12394918
12399767 12400804
12405495 12406493
12411334 12412363
12417187 12418177
12423100 12424041
12429037 12430000
12435075 12436058
12441238 12442179
12447595 12448537
12453717 12454617
12459852 12460717
12465842 12466734
12471942 12472794
12477993 12478873
12484097 12485001
12490255 12491130
12496401 12497281
12502489 12503390
12508699 12509626
12514915 12515873
12521334 12522288
12527966 12528962
12534627 12535657
12541562 12542638
12548343 12549457
12555283 12556399
12562237 12563323
12569341 12570445
12576318 12577380
12583106 12584211
12589983 12591115
12596911 12598041
12603703 12604835
12610505 12611652
12617250 12618433
12624064 12625282
12630738 12631918
12637462 12638680
12644430 12645662
12651592 12652843
12658882 12660117
12666362 12667611
12674100 12675337
12681692 12682977
12689130 12690393
12696298 12697523
12703241 12704456
12709997 12711167
12716471 12717619
12722821 12723974
12729038 12730220
12735257 12736428
12741608 12742755
12747710 12748844
12753713 12754811
12759854 12760920
12766061 12767111
12772162 12773211
12778175 12779218
12784045 12785099
12789992 12791003
12795967 12797025
12802191 12803261
12808220 12809323
12814474 12815537
12820704 12821776
12827076 12828101
12833383 12834368
12839887 12840861
12846399 12847389
12853086 12854105
12859808 12860836
12866591 12867627
12873274 12874334
12880076 12881180
12886926 12888072
12893655 12894761
12900120 12901189
12906323 12907400
12912613 12913649
12918993 12920020
12925383 12926369
12931606 12932589
12937976 12938925
12944172 12945127
12950145 12951055
12956265 12957169
12962147 12963036
12968135 12969011
12974059 12974894
12979871 12980720
12985696 12986500
12991510 12992304
12997448 12998264
13003401 13004197
13009121 13009939
13014859 13015673
13020565 13021399
13026451 13027282
13032364 13033235
13038450 13039274
13044518 13045320
13050346 13051160
13056203 13057049
13062237 13063036
13068473 13069235
13074478 13075209
13080616 13081395
13086896 13087713
13093149 13094000
13099336 13100186
13105504 13106340
13111839 13112639
13118223 13119060
13124679 13125555
13131290 13132182
13137842 13138745
13144516 13145439
13151367 13152294
13158083 13159049
13164827 13165815
13171386 13172421
13178095 13179142
13184601 13185648
13190964 13192051
13197294 13198360
13203633 13204732
13210137 13211265
13216831 13217941
13223582 13224660
13230491 13231581
13237278 13238417
13244276 13245457
13251258 13252412
13258063 13259208
13264722 13265824
13271190 13272331
13277558 13278658
13283705 13284835
13289729 13290891
13295654 13296851
13301847 13303034
13308020 13309177
13314082 13315233
13320281 13321394
13326575 13327730
13333160 13334281
13339517 13340631
13346017 13347091
13352267 13353365
13358331 13359422
13364403 13365516
13370694 13371853
13377211 13378341
13383460 13384554
13389750 13390836
13395959 13397049
13401973 13403049
13408211 13409265
13414550 13415600
13421071 13422081
13427327 13428350
13433682 13434689
13439869 13440853
13445984 13446955
13452250 13453237
13458521 13459524
13464892 13465849
13471454 13472455
13477954 13478979
13484374 13485448
13490688 13491762
13497014 13498060
13503358 13504400
13509745 13510769
13516255 13517259
13522754 13523748
13529255 13530212
13535511 13536445
13541696 13542665
13547982 13548996
13554400 13555396
13560739 13561689
13566949 13567918
13573361 13574348
13579994 13580968
13586666 13587642
13593564 13594555
13600413 13601372
13607327 13608284
13614017 13615004
13620809 13621768
13627803 13628726
13634789 13635729
13641598 13642554
13648346 13649317
13655353 13656329
13662573 13663539
13669994 13670922
13677276 13678167
13684386 13685310
13691562 13692444
13698582 13699508
13705595 13706538
13712775 13713716
13719748 13720731
13726776 13727774
13733576 13734581
13740564 13741608
13747492 13748570
13754260 13755334
13761008 13762121
13767684 13768767
13774177 13775300
13780959 13782090
13787606 13788687
13794292 13795343
13801026 13802064
13807562 13808562
13814284 13815287
13820984 13822034
13827820 13828834
13834856 13835904
13842145 13843184
13849533 13850554
13856860 13857871
13863948 13864948
13870793 13871822
13877700 13878739
13884435 13885425
13891036 13892057
13897824 13898807
13904330 13905330
13910808 13911794
13917391 13918332
13923916 13924816
13930463 13931356
13936799 13937648
13943017 13943898
13949323 13950234
13955484 13956435
13961889 13962828
13968295 13969200
13974623 13975487
13980919 13981832
13987255 13988142
13993596 13994452
14000063 14000884
14006653 14007430
14013428 14014234
14020378 14021191
14027273 14028094
14034074 14034923
14040699 14041537
14047162 14047979
14053692 14054471
14060169 14060946
14066832 14067654
14073349 14074165
14080029 14080814
14086762 14087511
14093438 14094155
14100151 14100845
14106669 14107388
14113270 14114027
14119882 14120592
14126338 14127002
14132720 14133423
14139016 14139761
14145227 14145964
14151524 14152225
14157565 14158299
14163626 14164385
14169822 14170546
14175788 14176501
14181751 14182486
14187755 14188536
14193778 14194577
14199645 14200440
14205550 14206299
14211504 14212262
14217247 14217978
14222907 14223624
14228600 14229269
14234296 14235004
14240266 14240956
14246268 14246919
14252117 14252801
14258057 14258739
14263778 14264485
14269434 14270144
14275124 14275807
14280571 14281220
14285994 14286679
14291423 14292063
14296639 14297319
14302019 14302721
14307454 14308137
14312961 14313596
14318303 14318939
14323829 14324492
14329417 14330034
14334977 14335552
14340673 14341285
14346623 14347205
14352548 14353081
14358531 14359111
14364401 14364985
14370103 14370692
14375813 14376393
14381737 14382364
14387922 14388572
14394132 14394780
14400500 14401136
14407100 14407719
14413739 14414355
14420237 14420848
14426512 14427147
14433029 14433669
14439560 14440153
14446032 14446636
14452640 14453290
14459394 14460002
14466299 14466908
14473432 14474030
14480376 14480975
14487508 14488091
14494564 14495167
14501589 14502239
14508452 14509121
14515346 14516020
14522201 14522873
14528936 14529605
14535558 14536201
14542126 14542755
14548499 14549173
14554966 14555650
14561205 14561850
14567381 14568028
14573542 14574156
14579803 14580418
14586147 14586737
14592440 14593074
14598750 14599373
14604987 14605570
14611352 14611923
14617805 14618327
14624311 14624876
14630852 14631426
14637279 14637900
14643716 14644376
14650428 14651039
14656960 14657539
14663409 14663986
14670065 14670650
14676927 14677487
14683640 14684220
14690466 14691066
14697425 14698033
14704275 14704876
14711175 14711785
14718205 14718846
14725203 14725893
14732093 14732768
14738865 14739528
14745794 14746429
14752503 14753151
14759393 14760045
14766240 14766861
14773176 14773794
14780021 14780673
14786834 14787467
14793529 14794146
14800228 14800890
14807177 14807804
14814198 14814841
14821359 14822050
14828771 14829507
14836347 14837064
14843806 14844549
14851381 14852117
14859024 14859723
14866807 14867529
14874763 14875519
14882738 14883492
14890565 14891359
14898218 14898988
14905737 14906513
14913466 14914271
14921327 14922097
14929115 14929908
14937141 14937983
14945432 14946236
14953905 14954758
14962333 14963151
14970479 14971322
14978581 14979456
14986788 14987703
14995219 14996183
15003760 15004679
15012048 15012956
15020445 15021380
15029050 15029965
15037562 15038461
15046263 15047124
15054984 15055830
15063607 15064439
15072249 15073125
15081034 15081877
15089953 15090825
15099062 15099966
15108311 15109220
15117674 15118603
15126994 15127925
15136139 15137076
15145189 15146141
15154185 15155185
15163219 15164200
15172325 15173337
15181352 15182404
15190531 15191578
15199779 15200780
15209105 15210074
15218154 15219153
15227338 15228330
15236700 15237692
15246071 15247083
15255615 15256589
15265295 15266222
15274975 15275884
15284560 15285499
15293942 15294841
15303347 15304211
15312539 15313445
15321533 15322453
15330350 15331222
15339077 15339993
15347700 15348578
15356225 15357090
15364615 15365476
15372975 15373845
15381430 15382292
15389860 15390768
15398117 15399018
15406295 15407240
15414488 15415395
15422637 15423497
15430890 15431740
15439276 15440086
15447721 15448576
15456448 15457271
15465017 15465823
15473485 15474333
15481745 15482620
15490095 15490948
15498623 15499454
15507245 15508036
15516021 15516773
15524916 15525636
15533752 15534488
15542559 15543320
15551504 15552313
15560434 15561213
15569359 15570088
15578048 15578740
15586895 15587598
15595886 15596588
15605027 15605730
15614289 15615039
15623387 15624096
15632546 15633238
15641804 15642540
15651288 15652058
15660866 15661622
15670537 15671332
15680430 15681265
15690482 15691340
15700408 15701312
15710186 15711093
15720213 15721116
15730170 15731079
15740107 15741000
15749945 15750872
15759684 15760630
15769215 15770186
15778588 15779524
15788066 15789022
15797504 15798478
15806954 15807901
15816610 15817564
15826428 15827365
15836263 15837186
15845943 15846908
15855557 15856570
15864990 15866051
15874564 15875633
15884262 15885287
15894069 15895070
15904067 15905069
15913931 15914899
15923903 15924874
15933676 15934653
15943658 15944645
15953428 15954430
15963088 15964043
15972635 15973631
15982108 15983148
15991740 15992740
16001291 16002320
16010647 16011678
16020092 16021145
16029438 16030498
16038936 16039990
16048477 16049547
16058248 16059271
16067867 16068902
16077257 16078273
16086613 16087663
16096150 16097150
16105408 16106385
16114689 16115618
16123727 16124666
16132539 16133523
16141548 16142543
16150747 16151743
16159916 16160906
16168941 16169973
16177904 16178903
16186756 16187743
16195769 16196723
16204648 16205639
16213554 16214570
16222393 16223360
16231072 16232047
16239767 16240787
16248734 16249779
16257614 16258643
16266590 16267614
16275450 16276433
16284088 16285112
16292706 16293709
16301355 16302388
16310043 16311104
16318871 16319910
16327897 16328967
16337021 16338065
16346249 16347244
16355390 16356400
16364606 16365584
16373958 16374976
16383230 16384239
16392536 16393593
16401747 16402836
16410888 16411934
16420199 16421255
16429633 16430709
16438889 16439920
16448165 16449175
16457630 16458650
16467056 16468091
16476568 16477643
16486198 16487236
16495849 16496915
16505645 16506708
16515493 16516536
16525482 16526563
16535490 16536523
16545242 16546277
16554753 16555763
16564234 16565231
16573505 16574483
16582669 16583669
16591755 16592729
16600900 16601831
16610180 16611142
16619728 16620735
16629256 16630268
16638869 16639834
16648499 16649484
16658351 16659316
16668361 16669340
16678192 16679151
16688205 16689197
16698466 16699483
16708939 16709958
16719306 16720300
16729425 16730378
16739260 16740169
16748912 16749831
16758515 16759432
16767979 16768851
16777408 16778266
16786647 16787499
16795970 16796869
16805498 16806395
16814966 16815849
16824586 16825479
16834448 16835322
16844468 16845360
16854368 16855268
16864445 16865329
16874362 16875205
16884460 16885254
16894616 16895416
16904610 16905414
16914790 16915563
16924725 16925498
16934609 16935415
16944664 16945515
16954687 16955510
16964551 16965328
16974215 16975007
16983675 16984492
16992919 16993728
17002019 17002877
17011073 17011911
17020058 17020900
17028972 17029778
17038033 17038856
17046909 17047744
17055921 17056712
17064970 17065761
17074029 17074813
17083279 17084030
17092590 17093367
17101996 17102777
17111353 17112121
17120525 17121321
17129963 17130711
17139503 17140276
17149214 17150022
17158925 17159760
17168552 17169402
17178356 17179201
17188187 17188985
17197810 17198641
17207386 17208206
17216788 17217599
17226067 17226859
17235520 17236325
17244885 17245644
17254390 17255124
17264108 17264832
17273999 17274763
17283978 17284787
17294142 17294996
17304291 17305121
17314505 17315357
17324798 17325622
17335237 17336039
17345622 17346453
17356189 17356990
17366672 17367513
17376953 17377766
17386975 17387760
17397151 17397954
17407392 17408241
17417681 17418560
17428184 17429109
17438919 17439870
17449499 17450436
17459946 17460878
17470389 17471317
17480952 17481877
17491602 17492550
17502394 17503325
17513076 17514051
17523992 17524924
17534810 17535748
17545421 17546361
17556098 17556990
17566962 17567871
17577644 17578509
17588296 17589159
17599111 17599971
17610107 17610966
17620883 17621719
17631761 17632615
17642843 17643673
17653918 17654751
17665097 17665881
17676266 17677038
17687259 17688048
17698328 17699077
17709477 17710193
17720485 17721179
17731390 17732102
17742313 17743057
17753205 17753942
17764197 17764938
17775049 17775799
17785874 17786642
17796705 17797434
17807491 17808262
17818453 17819250
17829637 17830428
17840734 17841567
17851865 17852711
17863007 17863857
17874343 17875221
17885497 17886354
17896473 17897302
17907224 17908087
17918171 17919073
17928930 17929842
17939582 17940457
17950207 17951067
17960619 17961487
17971048 17971915
17981420 17982324
17992058 17992976
18002710 18003614
18013384 18014250
18023863 18024686
18034117 18034924
18044518 18045313
18055037 18055793
18065744 18066465
18076610 18077333
18087435 18088165
18098440 18099139
18109303 18109965
18120029 18120709
18130993 18131643
18141848 18142492
18152508 18153116
18162905 18163476
18173153 18173730
18183304 18183910
18193236 18193829
18203319 18203917
18213246 18213810
18223112 18223663
18233096 18233616
18242811 18243284
18252621 18253053
18262570 18262985
18272331 18272720
18282184 18282559
18292219 18292584
18302333 18302649
18312419 18312745
18322280 18322605
18332132 18332439
18342124 18342454
18352240 18352581
18362204 18362551
18372224 18372604
18382344 18382683
18392235 18392534
18401979 18402247
18411477 18411765
18420822 18421138
18430151 18430471
18439632 18439933
18448985 18449273
18458121 18458365
18467395 18467589
18476857 18477029
18486374 18486570
18496067 18496221
18505764 18505884
18515419 18515525
18525174 18525326
18534740 18534932
18544442 18544619
18553902 18554120
18563328 18563558
18572597 18572869
18582087 18582382
18591526 18591813
18600878 18601155
18610120 18610354
18619549 18619753
18629109 18629320
18638808 18638979
18648648 18648796
18658566 18658737
18668344 18668516
18677902 18678044
18687295 18687400
18696518 18696606
18705487 18705610
18714729 18714812
18723812 18723932
18732694 18732828
18741447 18741568
18749993 18750101
18758387 18758527
18766882 18767039
18775369 18775523
18783896 18784018
18792458 18792541
18801215 18801253
18809889 18809968
18818771 18818835
18827626 18827730
18836293 18836354
18844769 18844871
18853391 18853531
18862228 18862398
18871174 18871342
18880113 18880256
18889232 18889404
18898492 18898701
18907971 18908145
18917376 18917545
18926715 18926834
18936098 18936198
18945531 18945667
18954947 18955085
18964246 18964343
18973605 18973748
18982941 18983034
18992200 18992281
19001687 19001718
19011237 19011315
19021032 19021095
19030848 19030920
19040913 19040979
19050780 19050839
19060678 19060745
19070660 19070708
19080756 19080822
19090841 19090905
19101063 19101147
19111108 19111217
19121244 19121335
19131259 19131308
19141093 19141100
19150974 19151019
19161027 19161094
19171295 19171374
19181429 19181525
19191477 19191580
19201766 19201892
19212166 19212290
19222375 19222504
19232701 19232845
19243192 19243344
19253591 19253751
19263883 19264010
19274139 19274274
19284523 19284633
19294956 19295092
19305213 19305303
19315238 19315337
19325512 19325646
19336020 19336182
19346505 19346686
19357040 19357197
19367503 19367654
19378171 19378274
19388990 19389058
19399725 19399776
19410333 19410370
19420992 19421051
19431861 19431963
19442884 19442956
19453959 19454051
19465160 19465254
19476225 19476364
19487148 19487331
19498076 19498248
19509025 19509187
19520170 19520340
19531245 19531413
19542383 19542587
19553428 19553597
19564328 19564497
19575402 19575553
19586656 19586820
19598090 19598291
19609378 19609558
19620878 19621064
19632134 19632271
19643390 19643519
19654468 19654646
19665547 19665695
19676488 19676600
19687531 19687682
19698580 19698773
19709889 19710043
19721371 19721530
19732940 19733060
19744636 19744785
19756535 19756720
19768675 19768851
19780776 19780906
19792833 19792935
19805012 19805123
19817009 19817106
19828833 19828973
19840836 19840951
19853050 19853138
19865352 19865408
19877656 19877722
19889785 19889874
19901707 19901771
19913636 19913698
19925768 19925877
19937887 19938007
19950262 19950392
19962828 19962963
19975537 19975687
19988069 19988231
20000811 20001011
20013468 20013713
20026372 20026660
20039110 20039350
20051673 20051906
20064417 20064672
20077251 20077529
20089941 20090228
20102500 20102819
20115089 20115381
20127585 20127882
20140289 20140598
20153123 20153465
20165958 20166250
20178821 20179117
20191651 20191916
20204556 20204853
20217275 20217540
20229719 20229939
20241909 20242158
20254363 20254564
20267018 20267231
20279907 20280108
20292601 20292839
20305184 20305381
20317777 20318004
20330569 20330830
20343572 20343849
20356574 20356899
20369418 20369736
20382451 20382784
20395630 20395995
20408812 20409166
20422214 20422577
20435761 20436076
20449365 20449725
20463116 20463436
20476645 20476919
20489952 20490185
20503395 20503668
20516682 20516918
20529911 20530187
20543010 20543290
20555967 20556255
20568694 20568958
20581522 20581758
20594318 20594582
20607260 20607485
20620013 20620220
20632822 20633066
20645708 20645934
20658734 20658970
20671764 20672007
20685020 20685278
