322
46
388
22
131
108
420
83
303
90
67
43
422
9
366
31
450
9
13
158
179
107
347
98
302
78
412
13
347
20
12
204
357
13
425
229
312
7
451
64
376
32
494
1
113
22
146
19
438
188
319
57
52
1
307
59
28
135
165
57
247
61
322
145
127
27
71
49
84
6
73
32
404
91
194
16
158
92
487
14
360
26
111
26
131
223
35
75
437
14
376
65
144
25
362
72
465
22
389
40
496
217
274
71
479
39
393
20
49
37
121
3
88
0
426
195
137
15
106
102
455
84
368
79
444
22
464
13
107
48
179
24
430
139
451
21
311
42
194
51
334
173
239
145
481
62
68
13
343
7
252
7
101
44
195
100
118
38
474
16
205
34
19
16
418
43
384
25
173
19
430
16
316
13
430
61
241
0
208
81
354
9
358
249
343
34
111
136
248
5
172
205
105
69
442
74
496
23
483
83
406
17
81
71
52
77
196
84
223
108
5
35
453
152
322
18
84
70
108
48
259
106
319
10
476
128
406
20
74
34
51
47
173
36
255
40
343
78
152
17
320
49
181
84
217
124
382
88
259
28
493
92
75
138
69
15
455
39
477
127
100
87
400
26
462
19
90
73
278
5
300
137
60
97
186
34
195
14
355
74
20
68
67
9
218
2
300
71
370
46
236
84
158
9
110
73
140
63
187
101
275
14
32
69
346
19
77
107
458
43
165
50
227
52
471
27
427
10
391
50
214
18
20
22
474
13
228
25
241
70
310
142
474
1
259
116
430
22
275
99
349
8
386
27
290
136
411
55
330
72
252
57
300
12
219
63
267
191
242
3
322
28
236
30
300
9
58
43
389
109
388
33
414
29
286
34
330
25
241
59
18
29
377
7
34
45
6
148
246
54
289
120
212
3
262
122
81
89
465
109
117
1
157
20
267
40
172
3
148
6
380
52
362
33
171
66
16
17
283
4
158
102
12
79
66
33
95
37
447
117
111
29
42
70
382
130
224
1
257
1
295
42
331
21
104
61
41
51
234
31
187
27
333
97
289
55
14
216
184
103
273
15
335
69
102
320
200
11
461
55
121
5
137
59
89
35
76
41
98
7
112
3
336
387
223
41
342
94
207
82
350
71
150
112
236
94
400
82
20
118
86
179
456
12
52
5
65
16
366
55
416
51
307
23
194
72
263
6
493
46
270
21
447
16
403
93
290
17
243
49
116
32
448
64
94
30
452
0
157
10
100
21
284
23
379
15
159
45
82
78
38
1
441
32
231
3
200
10
466
48
274
19
111
7
426
14
335
213
442
12
134
79
395
34
196
33
76
8
373
6
392
53
435
63
383
120
157
3
188
5
160
11
3
6
167
22
229
42
204
1
236
123
488
20
120
56
242
26
36
105
389
84
57
185
319
28
434
29
141
94
93
73
27
68
472
44
91
42
466
26
55
11
291
53
404
76
260
9
375
31
387
34
42
79
92
21
188
5
331
79
383
111
56
3
298
47
27
28
249
27
271
7
417
12
133
17
9
1
103
25
392
84
140
22
262
26
51
45
234
21
37
164
281
23
423
39
336
18
366
27
170
5
29
3
53
7
482
77
226
88
368
111
7
60
288
1
126
63
32
60
307
95
405
33
94
142
234
35
422
0
476
0
499
52
418
1
461
72
228
23
458
114
182
175
443
17
254
23
252
55
252
57
349
215
249
2
421
48
426
24
470
63
142
55
54
1
106
190
297
48
475
9
253
119
138
37
14
0
326
84
388
72
429
133
469
187
371
56
132
21
30
14
128
22
29
42
242
58
462
9
201
148
470
7
315
0
128
12
386
35
472
12
145
15
397
61
302
142
205
12
14
13
440
1
153
67
3
49
308
165
364
13
111
24
474
110
167
108
176
11
79
2
126
13
278
5
249
81
246
86
493
91
298
111
453
26
380
19
188
76
86
99
396
92
381
13
321
6
361
27
9
9
114
92
227
27
262
25
193
62
479
12
247
127
436
102
443
63
30
17
480
66
131
6
2
22
479
98
151
16
64
45
269
23
453
22
145
54
221
36
394
7
131
22
148
43
499
6
452
110
235
20
34
5
187
69
347
8
2
44
288
55
115
82
20
23
364
71
498
150
33
8
190
129
230
52
89
52
180
76
290
10
467
49
181
35
133
25
422
26
495
197
403
14
96
117
477
90
418
86
439
41
195
25
231
26
279
22
450
40
107
88
86
66
274
54
218
173
47
175
377
56
59
4
141
64
396
90
98
110
484
168
253
16
307
8
312
44
76
226
3
18
138
115
267
22
123
112
167
71
109
39
385
92
246
209
119
53
3
60
39
19
58
27
162
96
100
7
23
18
226
39
419
49
139
13
337
125
12
68
497
50
145
24
34
1
141
39
99
125
452
50
419
10
497
38
263
17
269
86
142
36
168
56
464
19
300
30
66
1
139
25
217
53
171
154
88
46
18
78
22
5
79
38
278
79
122
49
134
68
379
0
460
7
499
0
489
3
161
13
249
1
204
33
3
4
46
40
89
211
454
32
467
4
133
40
28
21
194
71
404
1
191
38
263
68
197
77
457
86
391
6
213
45
360
10
250
6
384
15
130
3
233
4
7
74
498
16
248
43
392
21
484
3
117
20
240
2
8
86
276
59
1
97
279
33
60
34
264
1
299
44
451
48
304
23
70
66
190
6
108
118
283
22
207
3
198
24
321
44
340
16
238
15
57
159
60
30
228
77
124
6
302
15
440
288
482
5
419
130
292
39
334
28
284
91
407
2
409
24
424
74
185
34
56
22
488
21
142
153
269
10
393
170
479
4
324
47
455
21
434
23
488
1
133
46
230
46
493
6
25
23
69
6
421
2
396
59
295
33
283
41
454
24
154
1
407
89
232
150
110
90
159
13
397
62
266
67
57
18
110
37
85
26
492
8
478
17
347
54
77
42
266
10
95
75
358
99
29
42
448
71
104
9
337
6
479
177
257
127
94
4
59
0
98
26
476
6
474
81
494
1
122
32
200
25
467
72
224
9
119
248
184
17
16
78
49
48
354
55
370
65
48
119
219
77
190
64
108
33
217
77
111
16
333
7
200
183
405
26
16
1
227
113
9
32
273
85
369
59
217
27
473
30
457
34
498
72
220
69
195
6
62
15
474
78
15
14
49
8
420
50
283
43
99
12
161
19
9
8
3
3
123
117
278
19
434
81
119
41
62
144
111
34
309
34
338
131
23
230
329
75
160
35
97
64
340
48
179
59
320
34
122
30
151
81
306
17
133
51
176
0
476
43
233
33
487
124
266
5
277
67
347
152
95
5
87
38
421
16
115
50
401
43
53
23
499
1
224
13
40
164
271
13
205
14
165
214
161
28
191
77
267
15
172
58
264
51
59
37
293
60
101
42
58
10
397
12
21
7
313
15
452
15
321
49
141
119
407
8
271
10
405
69
365
3
446
41
486
6
79
20
367
0
366
17
321
93
360
37
113
0
497
92
32
3
481
94
95
34
215
22
482
17
94
116
188
22
468
37
164
109
462
15
83
63
215
6
238
29
53
31
470
26
311
32
431
14
291
43
49
12
108
42
51
209
64
82
285
1
498
44
181
24
75
108
396
46
471
11
30
77
52
6
108
22
330
37
173
139
152
97
496
7
373
149
359
9
36
22
183
15
443
14
39
36
54
4
388
11
376
20
382
58
331
26
116
16
462
85
103
9
459
63
109
104
311
65
380
13
437
28
173
31
381
63
462
63
3
47
180
27
388
132
214
9
192
8
371
18
159
14
426
5
416
17
103
29
11
12
244
16
205
115
373
33
118
53
251
39
409
3
81
5
91
90
6
65
246
36
206
33
145
49
175
24
45
3
410
97
44
68
345
6
213
28
125
17
282
39
169
138
297
24
304
91
119
126
163
65
65
24
476
35
72
85
32
147
49
122
378
8
117
38
292
74
486
48
151
23
425
13
227
97
42
70
384
141
401
23
130
78
348
97
224
43
423
25
55
11
328
16
199
10
153
29
76
162
308
7
431
150
483
13
453
85
365
206
275
54
251
30
362
73
227
165
20
19
459
66
103
15
436
66
366
126
408
66
254
71
449
46
438
13
321
44
288
12
237
14
281
2
81
73
295
22
381
126
114
50
161
41
324
77
60
91
364
12
279
71
127
23
207
21
473
23
386
104
77
23
381
5
186
82
132
138
89
22
188
0
144
99
490
10
219
75
339
68
62
12
330
50
204
35
325
185
167
104
469
50
133
54
235
18
314
46
372
136
16
31
50
215
64
13
300
66
13
9
1
70
434
14
483
42
319
255
392
34
110
189
478
35
147
32
247
39
113
21
11
56
475
0
453
19
5
52
456
93
135
28
321
33
125
4
303
43
98
38
427
131
167
109
362
10
195
46
484
68
200
26
162
36
185
26
486
96
226
29
141
32
27
46
121
30
438
10
321
130
412
18
360
14
109
73
155
239
68
66
171
243
89
45
132
36
140
17
293
4
75
20
401
33
377
109
278
76
218
0
196
35
196
13
402
42
148
58
217
23
338
47
473
1
324
36
109
9
110
14
276
94
196
66
455
74
376
9
432
127
234
43
485
83
450
2
126
78
133
11
117
16
128
22
43
37
387
130
351
28
387
1
143
82
311
47
333
269
476
81
406
14
231
68
27
6
314
16
446
22
167
35
122
19
1
23
492
18
214
3
355
0
484
206
274
14
207
58
324
2
321
70
341
29
46
23
155
65
327
28
206
72
242
22
188
63
495
109
200
66
149
41
73
48
72
25
102
85
96
93
26
40
263
1
185
29
359
7
74
13
39
9
456
60
57
14
181
61
430
38
321
2
435
25
407
7
489
6
457
71
338
71
337
10
10
83
267
21
374
24
16
10
356
100
297
66
431
30
215
17
434
28
403
91
458
15
298
5
304
28
186
117
204
148
362
43
375
5
107
57
277
79
30
20
32
149
366
97
260
29
298
5
173
48
93
129
397
31
480
243
423
8
66
33
57
24
20
56
409
37
416
53
68
100
278
14
42
36
292
51
466
2
475
14
115
14
100
10
270
1
300
11
499
54
64
25
195
23
249
5
101
9
23
74
244
0
177
13
192
41
227
42
262
61
300
45
30
119
266
49
80
8
474
105
187
81
457
70
111
14
319
8
247
64
200
15
67
7
496
12
449
12
338
41
175
66
209
28
351
51
223
91
333
174
462
185
275
4
148
218
155
64
111
40
37
12
122
12
470
11
213
125
147
16
415
122
103
6
148
51
249
45
420
84
26
31
261
1
73
83
388
82
151
68
37
30
308
53
288
114
83
5
16
1
158
63
391
43
83
110
133
16
347
99
273
86
222
93
40
35
18
66
88
67
198
34
128
101
288
7
347
106
129
87
479
33
196
51
240
51
466
67
284
142
30
56
285
15
74
49
245
42
9
130
184
11
337
22
32
65
478
2
110
40
263
130
410
49
160
70
419
0
133
77
215
11
8
57
374
38
40
20
424
36
234
144
351
2
250
32
336
51
87
84
130
10
46
30
125
15
148
4
55
56
272
17
18
72
150
40
236
18
203
18
216
71
81
13
463
110
340
63
19
13
497
12
263
43
47
220
148
126
248
66
170
144
19
39
215
8
203
33
439
17
264
37
265
79
348
93
354
111
307
15
338
6
84
25
207
56
323
3
161
105
399
15
184
69
364
106
443
14
469
80
481
45
64
26
78
26
328
154
495
83
19
7
196
77
417
29
23
3
92
41
180
1
99
41
8
80
24
13
453
108
286
68
261
25
442
13
43
13
239
22
300
31
134
8
322
84
100
19
183
65
100
22
334
51
280
24
254
17
14
2
263
110
339
74
223
13
325
5
60
19
113
25
80
93
342
29
117
5
160
9
360
17
91
27
144
35
22
7
169
14
129
60
248
35
196
6
443
18
150
5
270
9
231
4
304
72
341
44
12
3
378
26
137
37
241
51
178
165
289
99
183
0
255
24
335
93
373
38
174
21
433
59
16
50
24
48
322
55
83
1
10
90
142
5
17
5
253
117
424
17
106
65
127
42
184
64
428
23
264
6
244
14
63
7
177
82
230
28
315
135
350
44
488
33
448
179
376
86
223
65
265
7
132
71
247
90
464
130
150
36
134
50
441
24
443
26
293
4
338
101
403
93
414
12
252
55
273
106
369
7
285
64
312
51
419
28
85
29
196
142
489
23
171
8
63
3
328
145
143
25
302
18
305
100
223
26
440
25
205
81
226
51
402
33
22
4
350
49
424
48
104
10
224
6
300
11
287
56
170
13
145
43
407
24
253
26
149
8
409
89
192
0
112
24
394
17
51
87
30
4
126
37
230
18
27
21
395
1
232
68
326
32
208
10
46
14
95
37
105
34
56
34
261
11
207
36
354
64
100
233
26
14
197
34
417
163
299
17
480
119
37
216
39
76
99
8
474
148
90
0
476
227
10
43
100
29
62
68
83
61
408
15
451
13
124
55
112
18
438
35
449
23
405
51
432
33
370
110
157
8
82
24
307
67
180
16
118
103
238
70
258
36
118
25
52
12
305
140
124
10
242
4
232
49
338
48
171
31
289
229
293
13
483
30
498
150
234
58
117
6
431
73
233
37
91
31
292
81
324
147
344
58
9
53
262
25
79
52
393
29
454
132
112
49
495
92
231
9
263
33
243
18
442
22
295
46
397
57
399
44
213
11
98
50
382
39
288
34
284
25
245
20
303
55
324
69
39
20
323
21
403
148
486
1
132
8
249
48
105
16
321
2
212
168
498
47
235
39
236
39
459
13
120
10
2
3
264
38
134
6
166
76
137
85
284
9
311
104
113
41
142
38
87
28
124
28
481
162
258
186
155
44
187
183
158
30
493
40
243
26
158
2
246
153
402
52
378
19
242
14
368
23
386
33
255
6
454
47
144
65
498
221
173
47
165
27
58
60
170
7
194
0
397
159
85
114
239
8
81
3
472
65
209
126
176
48
368
32
256
52
130
3
464
34
88
55
423
7
443
58
278
4
193
8
6
15
426
51
240
19
284
47
226
86
63
70
489
18
135
34
52
111
255
0
158
176
324
51
136
75
109
121
316
41
377
50
362
1
69
8
407
57
4
104
88
4
287
51
200
20
463
21
242
32
99
42
188
146
399
16
331
108
422
10
399
8
305
31
86
6
49
2
246
26
257
43
8
162
84
24
330
35
159
74
31
128
484
32
495
84
12
13
312
5
189
100
375
84
163
94
66
3
1
6
486
80
321
102
233
111
206
52
38
31
308
0
312
47
222
69
261
188
174
26
251
123
483
25
33
4
367
50
233
4
169
23
219
26
205
102
130
5
113
52
39
125
9
43
353
3
214
4
55
119
62
23
9
6
86
16
59
2
50
133
322
59
498
43
4
9
72
0
261
92
478
177
324
242
243
37
315
121
54
94
438
3
190
7
10
10
280
6
96
110
137
31
289
39
354
10
273
126
297
22
302
95
480
6
387
31
32
6
430
128
102
62
454
18
336
9
324
4
193
70
18
19
10
3
75
9
145
3
383
78
254
27
413
10
53
95
328
40
255
127
228
27
343
44
404
29
302
33
239
27
217
56
91
45
386
4
31
18
481
49
191
19
182
16
489
70
339
12
48
30
306
15
409
53
2
12
56
27
287
65
393
54
98
17
202
11
66
4
182
6
305
6
255
83
336
28
257
46
34
6
45
24
354
25
58
106
209
54
263
0
365
99
125
39
192
4
325
197
30
51
28
128
314
19
76
26
282
10
50
30
104
84
386
70
147
22
220
53
316
36
275
75
408
137
291
56
449
12
490
78
279
59
130
16
201
86
41
24
27
8
84
20
487
83
497
35
203
160
335
52
414
6
118
37
167
6
215
118
156
37
327
46
246
213
301
99
249
1
360
59
91
3
268
21
155
46
485
50
198
48
487
23
291
29
252
55
365
69
6
89
489
8
233
183
211
62
226
82
386
32
161
52
203
1
120
6
437
12
373
21
348
31
110
51
43
137
197
41
294
75
448
6
227
10
192
39
106
5
475
9
139
32
25
44
362
9
442
39
244
50
116
31
319
29
248
5
144
21
111
32
172
96
269
141
491
35
61
145
95
122
310
105
487
16
266
40
114
2
95
6
420
34
204
35
457
3
72
68
12
4
83
28
120
2
317
36
10
24
178
34
252
6
248
56
75
41
318
58
23
158
104
88
122
173
237
51
219
69
12
30
446
15
369
86
69
9
22
107
6
177
449
17
300
1
23
38
143
50
461
7
210
151
313
8
478
44
177
25
437
12
474
47
166
3
363
2
374
103
139
26
389
47
370
2
135
41
457
6
175
64
216
63
356
9
489
64
183
0
178
3
25
28
311
23
198
158
453
39
296
102
311
22
491
184
90
90
240
6
110
34
440
80
84
108
301
66
56
61
182
61
261
27
42
13
1
9
191
58
171
20
461
120
384
19
104
125
260
73
344
81
336
3
38
103
188
3
285
43
196
222
198
6
145
17
10
3
345
53
239
33
372
58
185
8
178
1
207
53
472
125
86
32
151
61
280
89
490
67
380
37
158
7
50
52
149
65
403
7
13
39
121
47
256
12
323
102
10
11
139
42
247
44
256
9
136
11
151
83
211
17
143
4
183
35
350
67
477
33
413
88
44
42
42
54
184
45
316
40
287
33
225
38
356
148
111
61
474
173
19
64
2
52
442
60
59
16
294
117
389
40
473
5
283
52
338
21
35
11
46
14
147
134
98
19
412
206
139
6
202
8
377
6
318
7
195
19
230
17
154
192
495
48
262
42
308
15
262
24
159
28
25
177
118
31
450
3
46
45
289
38
480
96
351
53
212
39
465
24
16
48
474
111
169
22
215
113
188
27
325
23
98
34
89
40
415
24
498
26
374
42
383
32
424
78
425
22
95
60
465
67
143
148
178
30
173
12
427
22
462
8
282
44
126
63
482
23
183
42
191
24
316
48
233
87
318
6
283
136
241
194
99
18
285
109
263
21
166
24
232
5
221
68
393
4
268
6
59
16
419
103
320
8
291
90
81
16
180
7
356
90
233
89
137
49
352
65
289
6
223
79
243
35
360
1
420
4
434
15
449
30
419
89
465
11
111
22
79
12
229
42
31
43
67
64
169
260
295
47
468
62
241
54
180
69
279
2
340
37
432
63
429
68
330
13
2
0
29
49
310
96
9
13
40
13
484
102
77
17
350
30
437
115
449
82
168
42
166
61
9
36
347
10
2
85
9
32
155
70
317
36
125
79
483
21
307
20
210
25
7
64
453
75
259
27
104
10
159
3
386
18
289
159
122
21
23
39
91
9
81
7
371
155
425
101
361
94
297
8
55
16
35
38
476
25
79
66
214
37
102
5
327
155
377
8
185
36
263
50
393
3
217
72
248
8
131
31
48
2
92
59
169
80
254
150
70
19
150
34
133
44
115
47
47
21
312
14
49
89
399
97
48
50
96
152
187
20
42
35
363
377
446
120
351
165
98
3
106
32
459
31
172
25
492
33
33
31
491
38
347
22
328
50
187
44
210
51
201
3
427
86
203
13
77
42
442
45
372
51
201
2
380
20
256
4
367
17
369
94
21
2
155
15
163
211
119
10
195
1
276
75
170
2
263
140
134
70
286
137
379
12
219
63
1
92
310
102
298
2
197
171
475
18
482
56
145
38
418
30
94
10
266
29
123
15
223
27
489
8
63
15
378
164
44
85
359
118
494
22
201
20
148
37
130
44
368
43
444
154
48
98
178
89
439
32
64
84
177
4
162
82
404
31
460
57
339
38
24
46
277
22
286
32
197
5
57
12
380
55
214
127
325
99
78
9
470
53
364
21
224
45
369
45
135
75
8
11
406
55
241
26
115
72
349
121
326
151
67
6
421
10
129
32
90
22
119
0
216
66
415
46
150
19
73
247
353
2
478
24
387
190
444
23
154
19
301
18
221
105
484
110
390
52
143
23
68
10
459
25
355
60
142
22
38
79
91
102
238
169
187
2
273
85
23
17
255
3
462
3
382
75
201
31
162
26
374
2
430
20
14
3
208
9
393
147
213
9
169
38
318
49
160
6
152
27
40
57
126
26
196
58
472
3
261
80
233
185
353
11
210
6
43
17
169
6
37
13
442
35
271
16
346
14
308
30
407
52
485
99
334
108
130
0
237
5
431
8
88
12
478
69
280
23
390
60
411
24
38
7
129
100
140
7
496
58
143
17
39
1
401
125
406
49
366
90
457
45
271
28
154
61
388
37
273
180
310
21
393
27
170
30
421
139
301
141
131
16
315
9
132
6
366
2
29
1
213
47
219
7
117
74
26
22
61
29
278
115
421
34
294
199
68
82
407
43
206
22
354
3
142
17
315
23
478
68
56
19
294
26
498
2
374
4
439
37
368
38
280
16
131
11
333
13
46
53
140
8
331
8
120
53
360
80
185
30
363
24
203
17
286
102
306
14
201
4
15
21
370
3
326
6
206
8
339
25
498
16
404
1
215
62
491
100
316
38
443
41
152
50
492
23
164
12
74
14
492
9
158
8
59
58
76
24
149
32
339
83
328
102
218
20
164
10
99
109
428
69
369
37
115
155
138
24
428
77
160
44
410
14
437
56
369
21
405
16
188
54
46
2
257
13
196
30
407
14
102
48
196
15
312
2
76
22
123
47
375
3
348
205
51
13
33
77
364
5
238
14
208
3
209
30
21
73
443
22
106
23
379
24
109
17
116
12
233
12
303
0
313
46
325
15
344
20
393
19
219
6
454
40
389
9
420
121
72
14
331
49
185
23
475
33
168
4
7
82
5
15
202
13
24
25
458
97
41
18
226
1
35
72
176
57
467
82
73
25
498
74
353
114
144
29
421
78
423
2
395
56
223
21
214
31
9
154
458
5
448
86
281
55
45
32
351
7
314
3
187
20
449
90
352
33
242
2
188
33
247
43
81
32
296
22
464
17
390
81
352
4
272
40
338
11
149
154
126
64
400
331
44
164
62
111
57
26
98
34
258
1
301
121
182
29
307
106
476
8
193
0
6
141
218
45
409
162
275
101
491
29
417
67
249
146
443
207
266
18
302
8
417
214
170
50
455
31
258
235
128
17
18
22
87
15
88
11
417
13
148
24
51
58
68
121
268
48
127
56
225
37
268
31
464
30
130
0
371
27
150
2
446
107
113
48
264
52
262
31
308
81
119
35
132
16
397
7
391
44
261
3
252
5
116
13
289
197
165
29
393
71
35
84
302
42
99
19
304
90
304
33
293
0
274
15
408
5
20
6
272
33
353
325
449
21
199
9
244
139
462
115
482
10
182
0
218
10
246
10
343
82
451
63
124
1
297
132
211
170
130
33
339
55
472
27
341
12
32
66
118
59
429
6
105
7
258
26
410
19
296
39
450
2
433
57
291
22
205
83
37
89
477
58
344
59
168
31
483
44
196
54
55
8
79
46
225
28
409
14
441
27
461
79
67
37
348
29
39
184
171
69
299
11
47
18
374
1
343
58
369
1
147
25
382
32
81
14
39
114
364
101
475
222
471
139
403
42
481
126
387
43
458
127
420
34
84
0
308
33
349
29
192
145
316
21
449
127
312
45
396
25
123
92
344
37
148
33
441
53
137
53
31
57
394
64
256
56
352
1
306
71
172
38
188
68
309
16
320
134
312
33
273
92
253
6
119
47
420
1
493
1
102
35
132
31
220
62
487
25
25
261
79
39
346
25
348
75
164
99
460
34
336
2
371
144
497
51
3
39
371
79
333
159
334
245
316
4
251
28
194
25
492
39
218
37
34
2
439
169
166
43
203
14
183
13
455
25
42
52
445
181
306
10
488
35
293
69
80
6
463
0
400
108
264
5
422
32
160
12
100
22
313
30
255
19
137
43
412
141
110
24
9
90
453
3
173
41
232
11
257
127
426
108
5
62
325
22
249
4
462
22
267
17
338
66
320
68
166
36
147
1
494
10
496
9
192
2
434
81
454
112
38
33
227
40
30
16
225
50
316
170
11
8
159
81
472
132
455
17
328
14
328
60
321
17
315
162
379
5
130
8
367
41
337
27
499
47
404
7
285
11
471
35
34
38
368
67
70
36
269
104
342
42
284
81
215
18
362
31
181
50
263
35
355
8
456
77
242
110
192
328
279
96
476
40
328
13
85
33
425
3
256
53
181
51
91
16
194
154
440
156
279
5
275
128
103
6
441
69
470
63
56
15
146
127
212
131
440
52
94
5
24
19
465
14
263
78
347
68
396
34
292
21
415
11
407
75
369
68
56
17
169
3
431
40
447
13
221
46
24
43
430
24
497
25
384
66
352
4
490
150
271
73
278
68
98
11
334
37
72
28
365
44
496
72
193
29
2
39
132
21
185
11
289
29
414
12
43
113
89
42
412
14
229
63
334
63
127
86
70
11
73
52
445
43
93
29
321
45
426
210
144
23
23
59
71
71
400
29
39
16
176
142
356
10
428
3
206
14
172
82
9
12
159
40
209
18
251
58
18
56
111
7
324
140
186
39
193
26
32
21
203
4
280
11
265
23
24
236
334
7
218
50
118
8
170
86
82
29
305
0
364
69
402
15
318
109
363
10
37
37
291
75
430
46
246
0
115
1
391
57
132
108
464
4
40
2
81
42
273
12
274
50
224
2
46
17
411
2
216
0
205
80
270
22
267
135
330
28
306
3
91
38
497
50
385
28
415
0
411
73
400
25
123
32
232
29
184
7
135
40
367
31
491
14
6
78
81
4
91
60
161
16
146
7
490
0
185
9
394
16
273
9
434
3
169
42
127
50
355
49
332
9
191
9
137
27
312
45
330
85
483
27
178
0
105
9
90
4
275
23
140
61
351
62
40
6
483
40
99
89
362
91
147
36
109
18
412
110
265
42
138
22
212
80
441
35
329
187
220
117
199
43
247
7
484
9
192
18
56
7
336
17
99
146
102
30
424
56
211
80
365
133
394
72
439
3
458
42
157
90
225
20
157
38
345
58
269
34
157
15
2
82
175
130
266
117
182
34
82
4
156
75
150
38
117
67
420
15
305
67
23
8
73
78
68
21
305
18
393
20
291
10
386
131
84
22
177
6
399
30
267
80
205
18
340
61
233
8
294
139
423
13
297
55
277
58
210
21
283
8
282
63
301
150
406
55
460
32
132
15
43
92
260
74
142
68
322
14
443
5
243
56
237
44
174
44
104
56
443
24
236
95
29
38
295
56
195
188
5
0
152
49
128
32
140
7
24
323
124
153
283
14
246
8
42
88
137
1
70
67
258
6
78
39
243
41
108
72
169
14
265
99
418
13
296
60
74
35
7
26
485
5
280
16
322
64
395
98
26
20
390
39
477
57
343
68
367
133
188
17
376
68
490
5
25
8
39
36
110
21
68
204
480
113
61
9
221
3
297
67
412
58
353
16
497
227
22
24
209
49
136
34
256
6
165
114
230
0
481
24
132
65
387
53
419
65
448
6
448
139
257
23
174
182
101
22
31
34
453
93
346
3
160
1
220
192
451
5
110
42
88
8
99
58
432
52
391
99
220
3
196
3
424
14
9
37
114
62
471
90
266
31
240
43
427
208
108
32
395
15
114
172
123
111
372
6
94
48
42
23
218
122
166
24
243
99
271
33
453
0
422
19
207
75
130
85
20
7
267
3
332
34
179
2
445
1
483
71
184
4
244
61
495
3
173
12
31
91
378
32
211
65
462
30
247
80
96
9
302
55
326
15
214
129
92
78
485
2
362
32
219
87
238
147
309
36
384
21
83
0
248
47
83
16
170
67
189
0
324
149
12
30
254
47
361
52
191
9
12
108
66
122
40
6
300
36
275
103
278
9
64
23
85
25
172
41
356
71
149
53
356
16
35
74
444
69
323
25
81
6
487
18
97
18
48
52
412
101
351
0
81
18
379
20
350
62
410
65
411
93
435
0
303
8
393
20
313
15
143
29
467
37
372
37
308
85
442
10
472
5
66
40
235
35
351
128
234
36
445
258
92
7
361
50
149
66
294
25
131
49
19
19
370
53
363
21
427
3
434
5
412
65
463
0
346
42
481
29
484
42
344
4
399
2
163
112
427
4
93
73
90
59
8
106
86
8
310
31
97
79
88
42
64
163
287
46
438
78
421
4
366
23
42
21
399
15
469
49
298
29
321
70
21
107
19
24
253
5
304
20
281
113
157
0
312
39
109
11
8
51
55
22
298
70
317
15
33
214
329
73
442
37
7
5
49
31
43
39
135
30
405
35
259
100
152
17
57
17
449
66
204
108
93
62
130
18
26
11
133
4
148
14
189
48
346
161
470
89
294
10
167
184
13
28
262
19
280
18
445
11
62
71
269
54
43
25
445
186
424
17
454
30
51
2
143
26
168
7
342
16
28
76
293
12
302
119
420
6
416
31
459
97
285
13
79
60
35
6
78
33
291
10
256
271
38
101
367
12
386
7
125
32
26
87
190
33
443
5
475
56
124
41
186
11
470
6
238
86
36
48
466
18
484
1
103
103
98
18
283
275
330
32
105
69
69
35
181
50
390
34
224
45
100
27
423
69
146
108
267
50
156
8
90
103
83
4
394
23
425
46
334
140
467
13
97
2
375
14
472
22
308
76
373
33
13
39
223
119
473
38
407
36
281
201
459
56
422
34
416
86
275
32
401
1
13
105
411
27
387
25
392
1
348
8
472
35
479
29
205
10
102
6
300
15
57
26
336
188
346
60
221
30
34
12
480
17
468
0
84
39
270
103
149
10
169
5
16
189
264
42
358
18
229
16
147
2
327
19
31
11
461
67
21
11
261
13
258
68
122
110
220
20
138
12
133
14
383
57
62
20
68
34
94
128
357
28
184
48
214
75
416
2
326
65
353
54
263
23
138
37
92
57
52
38
27
0
47
8
287
133
471
9
457
21
187
5
184
44
271
21
273
29
413
29
87
24
279
78
75
63
417
5
466
93
328
48
164
49
478
14
497
56
441
80
408
117
338
2
460
30
193
104
285
0
188
5
228
4
320
69
63
119
128
7
42
53
50
9
180
9
295
58
318
19
50
13
393
27
190
109
135
10
291
62
282
18
233
15
149
105
71
75
164
30
438
98
368
59
355
22
367
47
96
71
254
54
130
28
393
94
81
20
136
58
277
68
422
8
405
70
362
43
444
79
296
41
56
74
355
126
3
9
26
23
76
15
14
106
317
192
454
81
211
19
364
142
148
5
189
124
404
15
363
73
244
136
194
19
284
138
469
96
396
86
49
7
198
9
345
17
414
31
118
72
23
38
324
15
183
94
184
71
131
151
345
14
460
55
194
12
288
77
171
37
34
13
66
67
412
36
311
124
244
51
389
23
184
58
451
33
142
6
313
132
168
4
382
29
142
63
402
33
309
14
404
4
118
32
223
16
406
35
387
65
103
33
33
121
200
3
11
34
304
88
436
91
117
7
109
0
417
57
459
5
209
38
452
43
87
61
377
32
476
20
367
108
57
34
66
6
486
5
8
54
236
5
263
64
60
18
284
254
487
57
266
2
45
12
273
86
191
42
320
107
76
40
145
60
294
14
83
9
128
23
409
0
144
30
426
1
388
19
498
45
478
108
166
20
187
93
414
69
269
27
378
54
55
17
25
19
62
22
178
38
254
7
422
5
285
36
100
48
452
98
242
11
399
62
245
24
72
15
285
201
165
49
9
13
238
80
333
113
249
224
361
20
171
22
324
3
491
13
192
55
446
67
135
31
77
11
161
70
33
240
397
23
116
95
1
42
433
85
397
11
43
96
267
21
365
21
3
30
301
54
300
138
460
80
43
12
411
16
8
0
420
12
336
8
443
32
1
6
236
94
448
76
90
79
320
104
414
11
21
123
426
163
333
35
350
28
125
76
23
22
468
162
84
23
456
21
304
19
267
373
486
3
126
17
442
187
55
17
86
39
12
4
463
28
14
106
208
2
391
62
360
2
14
51
269
4
487
0
18
11
395
79
257
32
253
60
484
153
218
40
197
75
385
46
173
107
249
7
270
2
453
49
396
52
127
69
157
16
105
65
477
30
220
66
345
71
453
22
400
64
187
6
321
27
293
22
242
54
257
33
303
29
263
60
451
42
144
79
383
0
99
45
291
4
59
100
70
3
99
6
171
32
187
47
94
81
140
27
268
95
388
2
9
23
396
66
257
36
233
22
156
130
26
17
327
8
59
40
456
14
211
0
286
81
284
175
300
6
5
160
308
18
479
1
408
13
291
56
299
175
361
38
440
67
27
172
384
66
432
46
204
64
471
30
62
148
327
120
197
3
227
24
401
22
10
11
268
18
270
10
138
7
373
1
347
46
332
71
314
163
276
94
201
47
25
86
42
54
380
14
411
7
289
10
72
52
7
23
116
1
253
9
46
28
447
50
57
58
410
77
72
33
84
2
404
31
396
65
459
103
362
9
48
58
160
57
205
185
296
87
85
38
19
28
373
14
365
14
128
21
20
30
319
49
258
8
354
87
149
57
453
229
305
16
220
183
29
178
67
375
234
14
289
39
293
71
208
45
67
116
182
63
224
3
383
53
482
12
25
30
131
3
468
67
328
3
317
23
81
40
84
203
154
23
460
15
173
40
275
29
431
10
245
8
184
150
277
24
401
4
88
16
19
76
47
11
357
5
249
7
460
96
493
23
368
5
146
23
350
288
350
8
434
20
171
21
291
132
10
82
396
35
397
5
384
4
413
64
222
62
52
27
167
18
367
19
189
91
211
24
402
52
112
146
83
11
460
29
435
39
278
29
278
91
350
93
132
76
264
81
104
36
81
20
385
27
452
43
113
34
467
20
49
90
175
9
131
7
421
38
104
141
25
63
360
1
88
30
190
82
179
14
317
8
361
60
349
122
188
29
104
42
374
154
462
220
451
62
190
36
234
2
226
19
218
64
463
100
147
37
261
37
388
72
225
35
100
41
439
72
265
6
492
0
239
105
279
31
248
5
240
15
314
78
367
79
100
91
247
74
42
193
287
17
405
23
401
168
304
51
62
43
76
95
123
39
224
47
489
19
327
22
150
118
256
117
35
58
405
31
280
72
347
4
38
50
8
57
60
2
485
265
206
86
233
165
475
99
226
71
39
79
235
4
441
6
182
56
151
59
307
61
490
69
310
27
130
80
92
21
238
106
202
38
116
13
66
2
324
69
388
16
256
235
432
2
161
29
28
75
5
6
270
23
239
42
126
36
458
57
62
30
319
6
413
3
347
39
494
75
207
12
323
27
147
1
477
16
210
26
48
47
339
79
187
26
389
15
102
86
349
207
393
19
130
17
161
86
447
32
119
28
162
59
316
69
115
36
36
9
453
51
457
37
145
21
60
44
254
72
131
112
240
27
112
5
135
35
379
50
390
16
464
3
403
8
43
77
368
8
412
4
481
26
190
37
248
65
15
17
383
11
345
111
408
5
468
64
189
49
189
36
455
19
106
107
284
50
127
0
346
5
304
18
155
34
103
51
414
20
354
0
264
67
262
61
213
87
352
85
383
24
372
60
132
45
286
17
41
23
443
63
285
49
148
212
258
117
36
18
93
7
438
85
211
36
453
5
14
10
240
35
66
70
371
16
471
37
407
1
495
110
251
53
291
17
107
124
420
54
35
11
477
1
199
7
176
45
345
92
75
51
28
55
422
29
202
6
38
137
245
109
161
41
141
111
473
39
206
51
226
9
342
20
296
0
304
86
449
39
69
96
425
14
431
22
442
20
367
14
114
90
313
105
119
96
155
1
383
75
281
24
359
4
148
13
251
26
253
0
95
5
448
15
293
5
468
20
140
2
216
38
482
59
206
81
353
105
326
71
497
1
134
0
424
37
242
68
395
41
95
57
416
45
85
79
57
82
167
8
280
42
343
156
145
0
10
39
3
45
477
6
453
126
228
85
217
0
131
14
404
87
95
6
381
50
30
39
20
92
480
48
348
6
20
17
385
144
297
77
418
27
361
235
285
125
316
67
426
1
360
58
75
49
431
29
144
20
149
19
26
29
35
39
399
106
15
16
462
7
396
11
111
26
337
109
14
16
434
89
243
22
442
25
5
55
299
85
288
21
485
26
473
9
196
32
169
16
368
48
456
54
256
165
429
35
319
95
93
21
150
23
308
26
324
64
499
5
424
64
92
24
487
30
72
13
34
103
376
14
267
99
278
54
454
47
363
43
261
34
367
5
278
44
83
184
403
92
265
18
127
15
315
0
446
34
199
15
271
36
116
18
89
43
326
37
172
0
358
0
497
46
490
6
247
14
68
24
62
42
355
15
22
124
123
33
218
21
447
22
37
16
408
120
158
191
275
13
214
49
267
29
214
28
26
16
178
4
178
45
132
28
396
10
473
0
150
153
23
20
162
27
443
193
2
10
104
31
463
32
496
8
145
32
387
25
59
6
225
9
427
12
437
8
22
107
219
26
275
12
231
7
490
29
330
2
325
46
25
66
328
60
415
155
424
22
223
48
31
13
376
16
386
16
41
84
249
2
486
66
87
37
499
19
187
96
385
0
477
5
116
6
165
21
331
5
17
8
372
118
174
17
218
9
348
17
34
51
279
107
450
19
419
62
104
105
87
18
326
25
36
41
170
62
465
25
485
33
442
121
113
61
3
84
63
1
224
25
59
138
238
19
72
30
258
41
335
4
113
1
70
21
116
28
84
11
172
83
64
55
209
29
403
41
475
59
57
107
317
27
293
43
233
69
258
117
179
8
451
58
215
5
213
81
408
88
151
5
104
64
137
158
465
52
119
11
52
9
483
21
276
13
39
97
494
59
351
21
103
76
417
2
43
118
118
11
485
39
334
22
60
28
81
51
126
27
117
49
102
19
427
63
314
23
125
44
129
36
132
89
325
42
132
32
76
93
400
9
116
0
419
87
488
102
255
2
46
7
166
97
341
41
11
63
277
30
32
93
105
18
212
65
22
51
81
37
224
36
9
121
297
71
10
106
385
135
423
17
149
5
379
50
62
11
297
8
136
103
279
118
188
57
348
138
339
37
218
41
465
57
19
37
138
94
171
71
270
22
481
11
234
89
322
15
431
85
497
29
380
80
78
40
335
175
384
4
123
53
165
7
54
59
116
34
443
64
231
30
97
10
275
63
315
2
167
52
192
10
496
41
261
122
332
29
422
48
297
23
470
166
293
89
59
24
386
40
128
74
257
33
369
58
10
54
445
136
449
61
221
13
180
53
437
52
100
65
406
39
304
32
152
7
380
71
345
4
37
16
106
12
394
28
285
18
323
9
366
21
357
35
210
26
427
28
485
0
53
43
289
7
470
119
396
13
77
22
345
19
375
4
131
105
425
112
486
56
4
18
207
126
313
2
58
81
450
7
121
1
305
15
291
19
131
21
394
11
242
48
249
194
13
72
378
69
360
10
101
31
292
28
376
65
329
6
82
20
396
17
111
44
429
14
482
16
24
1
434
15
9
33
310
16
309
77
151
76
158
15
100
7
408
6
204
162
438
8
75
67
71
17
346
41
42
3
84
14
51
14
215
3
142
55
20
0
324
51
302
204
134
28
98
103
221
283
27
18
18
13
232
17
130
29
200
134
292
5
235
51
478
37
172
80
293
30
330
40
324
29
436
174
332
28
423
60
82
42
227
19
316
94
75
4
323
8
55
17
56
42
355
285
275
3
5
10
131
55
140
16
179
2
125
19
230
6
460
16
439
45
327
1
320
35
78
53
343
27
35
4
456
23
148
6
131
54
89
159
37
82
267
38
422
38
308
120
79
6
194
15
272
148
45
27
460
56
49
124
276
95
497
37
339
14
406
62
78
25
87
52
192
54
115
50
368
36
37
25
225
37
94
40
84
40
203
11
358
67
175
9
255
60
241
5
433
7
442
40
162
81
303
13
119
9
427
6
127
12
262
20
51
112
223
38
343
22
432
62
408
86
237
189
305
7
405
32
462
7
469
6
14
91
304
18
209
35
449
15
356
9
363
9
44
246
129
59
45
55
387
60
114
58
158
55
79
32
306
46
379
2
360
6
216
46
357
174
196
55
250
58
99
68
67
6
412
7
468
51
394
47
251
13
123
88
402
1
135
113
358
24
58
26
437
15
416
92
413
0
402
3
157
31
293
8
443
26
334
28
412
7
237
7
91
4
75
2
26
24
316
9
471
32
227
65
355
55
175
84
222
129
449
84
355
99
491
4
37
176
131
30
40
50
52
0
326
14
3
5
223
246
131
113
24
6
323
25
238
50
79
94
490
35
460
30
19
19
363
25
7
53
188
125
149
34
89
31
206
32
427
22
397
62
450
43
15
0
455
27
93
15
349
6
476
10
471
21
498
193
446
33
289
6
80
20
55
89
51
1
254
5
417
17
377
36
496
21
150
60
389
72
18
24
346
32
131
28
222
4
89
33
419
3
298
142
382
121
319
1
201
31
116
81
31
31
92
38
280
52
386
4
478
55
163
30
380
52
439
95
232
62
320
14
392
7
262
7
182
163
243
27
279
42
309
18
294
5
357
51
278
20
342
53
92
59
253
38
246
10
444
24
204
3
77
20
331
77
256
16
211
3
186
75
34
165
131
168
44
2
237
28
158
97
255
5
80
17
111
3
297
22
393
27
377
98
94
12
219
118
415
189
258
27
362
41
58
33
360
58
77
69
3
33
129
15
210
128
157
51
30
20
339
6
97
177
383
24
282
1
80
0
228
201
477
12
273
76
499
44
375
14
77
119
170
37
485
101
342
123
9
12
206
131
330
24
64
31
219
87
131
33
485
32
246
33
317
42
437
10
420
90
233
89
143
5
355
16
416
41
477
49
124
37
89
35
187
60
423
55
7
51
238
93
474
36
164
57
294
57
295
98
265
71
481
43
259
14
224
151
424
20
125
10
496
84
6
8
272
56
128
7
389
14
338
20
144
57
334
47
448
25
397
288
87
27
82
15
308
47
140
2
489
26
189
29
66
75
34
74
461
26
157
110
110
104
265
4
106
36
256
3
55
10
46
58
409
30
210
39
212
32
366
11
448
26
127
71
258
78
262
35
49
35
372
4
368
2
206
31
157
40
176
27
220
38
133
67
312
22
471
6
366
212
52
2
161
4
175
34
52
8
310
15
436
119
335
18
267
8
165
44
443
10
136
69
130
85
52
76
145
7
458
160
138
9
187
107
321
4
20
63
365
83
12
1
99
109
226
28
337
4
241
8
135
62
245
24
325
189
387
130
91
13
44
1
255
48
447
4
210
11
248
102
196
26
388
88
268
23
233
18
497
27
421
30
259
28
113
30
172
161
449
64
198
7
180
51
114
15
498
19
428
80
288
98
492
31
280
8
498
6
345
76
224
174
56
7
468
136
150
146
207
76
470
33
403
0
152
11
129
0
90
88
67
0
483
28
440
120
471
6
157
116
146
18
477
111
473
38
226
15
404
68
308
48
268
12
139
5
482
113
365
13
147
14
59
4
213
1
478
4
8
30
322
5
467
0
161
77
252
95
487
12
136
21
23
84
309
9
357
14
364
57
294
49
7
73
214
33
92
77
396
54
168
21
167
9
465
34
459
20
134
160
216
11
183
112
108
56
269
6
77
25
434
1
8
97
188
227
316
51
90
98
296
60
163
2
138
31
230
0
324
83
273
15
132
16
378
147
135
13
297
89
248
43
373
3
239
58
168
120
62
83
271
63
459
100
207
140
379
41
451
24
142
9
195
85
94
35
141
72
136
46
495
85
425
9
373
24
397
196
417
65
239
38
459
86
190
102
292
190
92
9
247
6
483
86
481
21
177
49
165
65
85
125
429
4
431
85
188
84
467
1
226
155
29
47
351
31
447
39
431
48
188
18
229
14
202
26
372
16
346
14
180
29
466
25
310
16
355
8
318
10
140
53
193
25
99
105
3
149
36
25
103
140
121
21
180
21
294
87
332
7
83
137
180
173
468
39
118
87
30
80
310
17
321
99
436
86
169
52
429
80
352
46
53
30
366
16
156
17
5
30
51
22
284
176
121
78
278
92
398
26
45
0
82
209
375
24
370
0
7
48
386
34
351
99
205
30
380
17
68
36
358
75
274
45
181
35
462
11
362
6
23
22
276
154
401
14
482
13
433
46
159
86
218
20
61
83
371
10
413
134
246
41
302
29
233
48
13
198
180
139
43
140
443
30
152
70
459
81
99
117
48
25
415
12
247
72
145
160
472
42
350
19
23
4
106
0
388
29
60
88
121
11
363
18
104
31
390
98
181
71
135
110
427
10
442
10
437
39
372
199
445
24
390
82
118
107
337
229
298
153
393
19
14
45
211
19
148
14
80
44
120
184
275
179
357
61
440
13
34
44
163
45
82
84
323
49
293
20
345
14
191
2
402
50
205
51
145
45
491
49
11
97
466
163
316
1
137
54
259
23
57
73
337
9
15
14
28
34
275
30
126
46
142
77
51
41
213
20
355
10
112
28
76
19
256
31
405
60
386
17
32
65
128
88
85
45
379
14
263
6
19
28
437
65
26
16
332
68
153
100
480
24
238
110
257
104
158
58
327
4
477
11
142
14
301
13
157
76
174
35
167
23
40
70
188
100
443
1
231
37
482
21
78
24
325
37
395
35
103
99
55
10
395
55
247
50
243
58
150
46
7
67
430
36
