322 368
756 778
909 1017
1437 1520
1823 1913
1980 2023
2445 2454
2820 2851
3301 3310
3323 3481
3660 3767
4114 4212
4514 4592
5004 5017
5364 5384
5396 5600
5957 5970
6395 6624
6936 6943
7394 7458
7834 7866
8360 8361
8474 8496
8642 8661
9099 9287
9606 9663
9715 9716
10023 10082
10110 10245
10410 10467
10714 10775
11097 11242
11369 11396
11467 11516
11600 11606
11679 11711
12115 12206
12400 12416
12574 12666
13153 13167
13527 13553
13664 13690
13821 14044
14079 14154
14591 14605
14981 15046
15190 15215
15577 15649
16114 16136
16525 16565
17061 17278
17552 17623
18102 18141
18534 18554
18603 18640
18761 18764
18852 18852
19278 19473
19610 19625
19731 19833
20288 20372
20740 20819
21263 21285
21749 21762
21869 21917
22096 22120
22550 22689
23140 23161
23472 23514
23708 23759
24093 24266
24505 24650
25131 25193
25261 25274
25617 25624
25876 25883
25984 26028
26223 26323
26441 26479
26953 26969
27174 27208
27227 27243
27661 27704
28088 28113
28286 28305
28735 28751
29067 29080
29510 29571
29812 29812
30020 30101
30455 30464
30822 31071
31414 31448
31559 31695
31943 31948
32120 32325
32430 32499
32941 33015
33511 33534
34017 34100
34506 34523
34604 34675
34727 34804
35000 35084
35307 35415
35420 35455
35908 36060
36382 36400
36484 36554
36662 36710
36969 37075
37394 37404
37880 38008
38414 38434
38508 38542
38593 38640
38813 38849
39104 39144
39487 39565
39717 39734
40054 40103
40284 40368
40585 40709
41091 41179
41438 41466
41959 42051
42126 42264
42333 42348
42803 42842
43319 43446
43546 43633
44033 44059
44521 44540
44630 44703
44981 44986
45286 45423
45483 45580
45766 45800
45995 46009
46364 46438
46458 46526
46593 46602
46820 46822
47122 47193
47563 47609
47845 47929
48087 48096
48206 48279
48419 48482
48669 48770
49045 49059
49091 49160
49506 49525
49602 49709
50167 50210
50375 50425
50652 50704
51175 51202
51629 51639
52030 52080
52294 52312
52332 52354
52828 52841
53069 53094
53335 53405
53715 53857
54331 54332
54591 54707
55137 55159
55434 55533
55882 55890
56276 56303
56593 56729
57140 57195
57525 57597
57849 57906
58206 58218
58437 58500
58767 58958
59200 59203
59525 59553
59789 59819
60119 60128
60186 60229
60618 60727
61115 61148
61562 61591
61877 61911
62241 62266
62507 62566
62584 62613
62990 62997
63031 63076
63082 63230
63476 63530
63819 63939
64151 64154
64416 64538
64619 64708
65173 65282
65399 65400
65557 65577
65844 65884
66056 66059
66207 66213
66593 66645
67007 67040
67211 67277
67293 67310
67593 67597
67755 67857
67869 67948
68014 68047
68142 68179
68626 68743
68854 68883
68925 68995
69377 69507
69731 69732
69989 69990
70285 70327
70658 70679
70783 70844
70885 70936
71170 71201
71388 71415
71748 71845
72134 72189
72203 72419
72603 72706
72979 72994
73329 73398
73500 73820
74020 74031
74492 74547
74668 74673
74810 74869
74958 74993
75069 75110
75208 75215
75327 75330
75666 76053
76276 76317
76659 76753
76960 77042
77392 77463
77613 77725
77961 78055
78455 78537
78557 78675
78761 78940
79396 79408
79460 79465
79530 79546
79912 79967
80383 80434
80741 80764
80958 81030
81293 81299
81792 81838
82108 82129
82576 82592
82995 83088
83378 83395
83638 83687
83803 83835
84283 84347
84441 84471
84923 84923
85080 85090
85190 85211
85495 85518
85897 85912
86071 86116
86198 86276
86314 86315
86756 86788
87019 87022
87222 87232
87698 87746
88020 88039
88150 88157
88583 88597
88932 89145
89587 89599
89733 89812
90207 90241
90437 90470
90546 90554
90927 90933
91325 91378
91813 91876
92259 92379
92536 92539
92727 92732
92892 92903
92906 92912
93079 93101
93330 93372
93576 93577
93813 93936
94424 94444
94564 94620
94862 94888
94924 95029
95418 95502
95559 95744
96063 96091
96525 96554
96695 96789
96882 96955
96982 97050
97522 97566
97657 97699
98165 98191
98246 98257
98548 98601
99005 99081
99341 99350
99725 99756
100143 100177
100219 100298
100390 100411
100599 100604
100935 101014
101397 101508
101564 101567
101865 101912
101939 101967
102216 102243
102514 102521
102938 102950
103083 103100
103109 103110
103213 103238
103630 103714
103854 103876
104138 104164
104215 104260
104494 104515
104552 104716
104997 105020
105443 105482
105818 105836
106202 106229
106399 106404
106433 106436
106489 106496
106978 107055
107281 107369
107737 107848
107855 107915
108203 108204
108330 108393
108425 108485
108792 108887
109292 109325
109419 109561
109795 109830
110252 110252
110728 110728
111227 111279
111697 111698
112159 112231
112459 112482
112940 113054
113236 113411
113854 113871
114125 114148
114400 114455
114707 114764
115113 115328
115577 115579
116000 116048
116474 116498
116968 117031
117173 117228
117282 117283
117389 117579
117876 117924
118399 118408
118661 118780
118918 118955
118969 118969
119295 119379
119767 119839
120268 120401
120870 121057
121428 121484
121616 121637
121667 121681
121809 121831
121860 121902
122144 122202
122664 122673
122874 123022
123492 123499
123814 123814
123942 123954
124340 124375
124847 124859
125004 125019
125416 125477
125779 125921
126126 126138
126152 126165
126605 126606
126759 126826
126829 126878
127186 127351
127715 127728
127839 127863
128337 128447
128614 128722
128898 128909
128988 128990
129116 129129
129407 129412
129661 129742
129988 130074
130567 130658
130956 131067
131520 131546
131926 131945
132133 132209
132295 132394
132790 132882
133263 133276
133597 133603
133964 133991
134000 134009
134123 134215
134442 134469
134731 134756
134949 135011
135490 135502
135749 135876
136312 136414
136857 136920
136950 136967
137447 137513
137644 137650
137652 137674
138153 138251
138402 138418
138482 138527
138796 138819
139272 139294
139439 139493
139714 139750
140144 140151
140282 140304
140452 140495
140994 141000
141452 141562
141797 141817
141851 141856
142043 142112
142459 142467
142469 142513
142801 142856
142971 143053
143073 143096
143460 143531
144029 144179
144212 144220
144410 144539
144769 144821
144910 144962
145142 145218
145508 145518
145985 146034
146215 146250
146383 146408
146830 146856
147351 147548
147951 147965
148061 148178
148655 148745
149163 149249
149688 149729
149924 149949
150180 150206
150485 150507
150957 150997
151104 151192
151278 151344
151618 151672
151890 152063
152110 152285
152662 152718
152777 152781
152922 152986
153382 153472
153570 153680
154164 154332
154585 154601
154908 154916
155228 155272
155348 155574
155577 155595
155733 155848
156115 156137
156260 156372
156539 156610
156719 156758
157143 157235
157481 157690
157809 157862
157865 157925
157964 157983
158041 158068
158230 158326
158426 158433
158456 158474
158700 158739
159158 159207
159346 159359
159696 159821
159833 159901
160398 160448
160593 160617
160651 160652
160793 160832
160931 161056
161508 161558
161977 161987
162484 162522
162785 162802
163071 163157
163299 163335
163503 163559
164023 164042
164342 164372
164438 164439
164578 164603
164820 164873
165044 165198
165286 165332
165350 165428
165450 165455
165534 165572
165850 165929
166051 166100
166234 166302
166681 166681
167141 167148
167647 167647
168136 168139
168300 168313
168562 168563
168767 168800
168803 168807
168853 168893
168982 169193
169647 169679
170146 170150
170283 170323
170351 170372
170566 170637
171041 171042
171233 171271
171534 171602
171799 171876
172333 172419
172810 172816
173029 173074
173434 173444
173694 173700
174084 174099
174229 174232
174465 174469
174476 174550
175048 175064
175312 175355
175747 175768
176252 176255
176372 176392
176632 176634
176642 176728
177004 177063
177064 177161
177440 177473
177533 177567
177831 177832
178131 178175
178626 178674
178978 179001
179071 179137
179327 179333
179441 179559
179842 179864
180071 180074
180272 180296
180617 180661
181001 181017
181255 181270
181327 181486
181546 181576
181804 181881
182005 182011
182313 182328
182768 183056
183538 183543
183962 184092
184384 184423
184757 184785
185069 185160
185567 185569
185978 186002
186426 186500
186685 186719
186775 186797
187285 187306
187448 187601
187870 187880
188273 188443
188922 188926
189250 189297
189752 189773
190207 190230
190718 190719
190852 190898
191128 191174
191667 191673
191698 191721
191790 191796
192217 192219
192615 192674
192969 193002
193285 193326
193780 193804
193958 193959
194366 194455
194687 194837
194947 195037
195196 195209
195606 195668
195934 196001
196058 196076
196186 196223
196308 196334
196826 196834
197312 197329
197676 197730
197807 197849
198115 198125
198220 198295
198653 198752
198781 198823
199271 199342
199446 199455
199792 199798
200277 200454
200711 200838
200932 200936
200995 200995
201093 201119
201595 201601
202075 202156
202650 202651
202773 202805
203005 203030
203497 203569
203793 203802
203921 204169
204353 204370
204386 204464
204513 204561
204915 204970
205340 205405
205453 205572
205791 205868
206058 206122
206230 206263
206480 206557
206668 206684
207017 207024
207224 207407
207812 207838
207854 207855
208082 208195
208204 208236
208509 208594
208963 209022
209239 209266
209739 209769
210226 210260
210758 210830
211050 211119
211314 211320
211382 211397
211871 211949
211964 211978
212027 212035
212455 212505
212788 212831
212930 212942
213103 213122
213131 213139
213142 213145
213268 213385
213663 213682
214116 214197
214316 214357
214419 214563
214674 214708
215017 215051
215389 215520
215543 215773
216102 216177
216337 216372
216469 216533
216873 216921
217100 217159
217479 217513
217635 217665
217816 217897
218203 218220
218353 218404
218580 218580
219056 219099
219332 219365
219852 219976
220242 220247
220524 220591
220938 221090
221185 221190
221277 221315
221736 221752
221867 221917
222318 222361
222414 222437
222936 222937
223161 223174
223214 223378
223649 223662
223867 223881
224046 224260
224421 224449
224640 224717
224984 224999
225171 225229
225493 225544
225603 225640
225933 225993
226094 226136
226194 226204
226601 226613
226634 226641
226954 226969
227421 227436
227757 227806
227947 228066
228473 228481
228752 228762
229167 229236
229601 229604
230050 230091
230577 230583
230662 230682
231049 231049
231415 231432
231753 231846
232206 232243
232356 232356
232853 232945
232977 232980
233461 233555
233650 233684
233899 233921
234403 234420
234514 234630
234818 234840
235308 235345
235509 235618
236080 236095
236178 236241
236456 236462
236700 236729
236782 236813
237283 237309
237620 237652
238083 238097
238388 238431
238480 238492
238600 238642
238693 238902
238966 239048
239333 239334
239832 239876
240057 240081
240156 240264
240660 240706
241177 241188
241218 241295
241347 241353
241461 241483
241813 241850
242023 242162
242314 242411
242907 242914
243287 243436
243795 243804
243840 243862
244045 244060
244503 244517
244556 244592
244646 244650
245038 245049
245425 245445
245827 245885
246216 246242
246358 246374
246836 246921
247024 247033
247492 247555
247664 247768
248079 248144
248524 248537
248974 249002
249175 249206
249587 249650
250112 250175
250178 250225
250405 250432
250820 250952
251166 251175
251367 251375
251746 251764
251923 251937
252363 252368
252784 252801
252904 252933
252944 252956
253200 253216
253421 253536
253909 253942
254060 254113
254364 254403
254812 254815
254896 254901
254992 255082
255088 255153
255399 255435
255641 255674
255819 255868
256043 256067
256112 256115
256525 256622
256666 256734
257079 257085
257298 257326
257451 257468
257750 257789
257958 258096
258393 258417
258721 258812
258931 259057
259220 259285
259350 259374
259850 259885
259957 260042
260074 260221
260270 260392
260770 260778
260895 260933
261225 261299
261785 261833
261984 262007
262432 262445
262672 262769
262811 262881
263265 263406
263807 263830
263960 264038
264386 264483
264707 264750
265173 265198
265253 265264
265592 265608
265807 265817
265970 265999
266075 266237
266545 266552
266983 267133
267616 267629
268082 268167
268532 268738
269013 269067
269318 269348
269710 269783
270010 270175
270195 270214
270673 270739
270842 270857
271293 271359
271725 271851
272259 272325
272579 272650
273099 273145
273583 273596
273917 273961
274249 274261
274498 274512
274793 274795
274876 274949
275244 275266
275647 275773
275887 275937
276098 276139
276463 276540
276600 276691
277055 277067
277346 277417
277544 277567
277774 277795
278268 278291
278677 278781
278858 278881
279262 279267
279453 279535
279667 279805
279894 279916
280104 280104
280248 280347
280837 280847
281066 281141
281480 281548
281610 281622
281952 282002
282206 282241
282566 282751
282918 283022
283491 283541
283674 283728
283963 283981
284295 284341
284713 284849
284865 284896
284946 285161
285225 285238
285538 285604
285617 285626
285627 285697
286131 286145
286628 286670
286989 287244
287636 287670
287780 287969
288447 288482
288629 288661
288908 288947
289060 289081
289092 289148
289623 289623
290076 290095
290100 290152
290608 290701
290836 290864
291185 291218
291343 291347
291650 291693
291791 291829
292256 292387
292554 292663
293025 293035
293230 293276
293760 293828
294028 294054
294216 294252
294437 294463
294949 295045
295271 295300
295441 295473
295500 295546
295667 295697
296135 296145
296466 296596
297008 297026
297386 297400
297509 297582
297737 297976
298044 298110
298281 298524
298613 298658
298790 298826
298966 298983
299276 299280
299355 299375
299776 299809
300186 300295
300573 300649
300867 300867
301063 301098
301294 301307
301709 301751
301899 301957
302174 302197
302535 302582
303055 303056
303380 303416
303525 303534
303644 303658
303934 304028
304224 304290
304745 304819
305195 305204
305636 305763
305997 306040
306525 306608
307058 307060
307186 307264
307397 307408
307525 307541
307669 307691
307734 307771
308158 308288
308639 308667
309054 309055
309198 309280
309591 309638
309971 310240
310716 310797
311203 311217
311448 311516
311543 311549
311863 311879
312325 312347
312514 312549
312671 312690
312691 312714
313206 313224
313438 313441
313796 313796
314280 314486
314760 314774
314981 315039
315363 315365
315686 315756
316097 316126
316172 316195
316350 316415
316742 316770
316976 317048
317290 317312
317500 317563
318058 318167
318367 318433
318582 318623
318696 318744
318816 318841
318943 319028
319124 319217
319243 319283
319546 319547
319732 319761
320120 320127
320201 320214
320253 320262
320718 320778
320835 320849
321030 321091
321521 321559
321880 321882
322317 322342
322749 322756
323245 323251
323708 323779
324117 324188
324525 324535
324545 324628
324895 324916
325290 325314
325330 325340
325696 325796
326093 326159
326590 326620
326835 326852
327286 327314
327717 327808
328266 328281
328579 328584
328888 328916
329102 329219
329423 329571
329933 329976
330351 330356
330463 330520
330797 330876
330906 330926
330958 331107
331473 331570
331830 331859
332157 332162
332335 332383
332476 332605
333002 333033
333513 333756
334179 334187
334253 334286
334343 334367
334387 334443
334852 334889
335305 335358
335426 335526
335804 335818
335860 335896
336188 336239
336705 336707
337182 337196
337311 337325
337425 337435
337705 337706
338006 338017
338516 338570
338634 338659
338854 338877
339126 339131
339232 339241
339264 339338
339582 339582
339759 339772
339964 340005
340232 340274
340536 340597
340897 340942
340972 341091
341357 341406
341486 341494
341968 342073
342260 342341
342798 342868
342979 342993
343312 343320
343567 343631
343831 343846
343913 343920
344416 344428
344877 344889
345227 345268
345443 345509
345718 345746
346097 346148
346371 346462
346795 346969
347431 347616
347891 347895
348043 348261
348416 348480
348591 348631
348668 348680
348802 348814
349284 349295
349508 349633
349780 349796
350211 350333
350436 350442
350590 350641
350890 350935
351355 351439
351465 351496
351757 351758
351831 351914
352302 352384
352535 352603
352640 352670
352978 353031
353319 353433
353516 353521
353537 353538
353696 353759
354150 354193
354276 354386
354519 354535
354882 354981
355254 355340
355562 355655
355695 355730
355748 355814
355902 355969
356167 356201
356329 356430
356718 356725
357072 357178
357307 357394
357873 357906
358102 358153
358393 358444
358910 358977
359261 359403
359433 359489
359774 359789
359863 359912
360157 360199
360208 360338
360522 360533
360870 360892
360924 360989
361467 361469
361579 361619
361882 362012
362422 362471
362631 362701
363120 363120
363253 363330
363545 363556
363564 363621
363995 364033
364073 364093
364517 364553
364787 364931
365282 365284
365534 365566
365902 365953
366040 366124
366254 366264
366310 366340
366465 366480
366628 366632
366687 366743
367015 367032
367050 367122
367272 367312
367548 367566
367769 367787
368003 368074
368155 368168
368631 368741
369081 369144
369163 369176
369673 369685
369948 369991
370038 370258
370406 370532
370780 370846
371016 371160
371179 371218
371433 371441
371644 371677
372116 372133
372397 372434
372699 372778
373126 373219
373573 373684
373991 374006
374344 374350
374434 374459
374666 374722
375045 375048
375209 375314
375713 375728
375912 375981
376345 376451
376894 376908
377377 377457
377938 377983
378047 378073
378151 378177
378505 378659
379154 379237
379256 379263
379459 379536
379953 379982
380005 380008
380100 380141
380321 380322
380421 380462
380470 380550
380574 380587
381040 381148
381434 381502
381763 381788
382230 382243
382286 382299
382538 382560
382860 382891
383025 383033
383355 383439
383539 383558
383741 383806
383906 383928
384262 384313
384593 384617
384871 384888
384902 384904
385167 385277
385616 385690
385913 385926
386251 386256
386316 386335
386448 386473
386553 386646
386988 387017
387134 387139
387299 387308
387668 387685
387776 387803
387947 387982
388004 388011
388180 388194
388323 388383
388631 388666
388862 388868
389311 389329
389479 389484
389754 389763
389994 389998
390302 390374
390715 390759
390771 390774
391152 391178
391315 391352
391593 391644
391822 391987
392276 392375
392558 392558
392813 392837
393172 393265
393638 393676
393850 393871
394304 394363
394379 394429
394453 394501
394823 394878
394961 394962
394972 395062
395204 395209
395226 395231
395484 395601
396025 396042
396148 396213
396340 396382
396566 396630
397058 397081
397345 397351
397595 397609
397672 397679
397856 397938
398168 398196
398511 398646
398996 399040
399528 399561
400009 400188
400564 400650
400873 400938
401203 401210
401342 401413
401660 401750
402214 402344
402494 402530
402664 402714
403155 403179
403622 403648
403941 403945
404283 404384
404787 404880
405294 405306
405558 405613
405886 405992
406361 406368
406653 406717
407029 407080
407499 407527
407612 407641
407837 407979
408468 408491
408662 408670
408733 408736
409064 409209
409352 409377
409679 409697
410002 410102
410325 410351
410791 410816
411021 411102
411328 411379
411781 411814
411836 411840
412190 412239
412663 412711
412815 412825
413049 413055
413355 413366
413653 413709
413879 413892
414037 414080
414487 414511
414764 414790
414939 414947
415356 415445
415637 415637
415749 415773
416167 416184
416235 416322
416352 416356
416482 416519
416749 416767
416794 416815
417210 417211
417443 417511
417837 417869
418077 418087
418133 418147
418242 418279
418384 418418
418474 418508
418769 418780
418987 419023
419377 419441
419541 419774
419800 419814
420011 420045
420462 420625
420924 420941
421421 421540
421577 421793
421832 421908
422007 422015
422489 422637
422727 422727
423203 423430
423440 423483
423583 423612
423674 423742
423825 423886
424294 424309
424760 424773
424897 424952
425064 425082
425520 425555
426004 426027
426432 426483
426915 426948
427318 427428
427585 427593
427675 427699
428006 428073
428253 428269
428387 428490
428728 428798
429056 429092
429210 429235
429287 429299
429604 429744
429868 429878
430120 430124
430356 430405
430743 430791
430962 430993
431282 431511
431804 431817
432300 432330
432828 432978
433212 433270
433387 433393
433824 433897
434130 434167
434258 434289
434581 434662
434986 435133
435477 435535
435544 435597
435859 435884
435963 436015
436408 436437
436891 437023
437135 437184
437679 437771
438002 438011
438274 438307
438550 438568
439010 439032
439327 439373
439770 439827
440226 440270
440483 440494
440592 440642
441024 441063
441351 441385
441669 441694
441939 441959
442262 442317
442641 442710
442749 442769
443092 443113
443516 443664
444150 444151
444283 444291
444540 444588
444693 444709
445030 445032
445244 445412
445910 445957
446192 446231
446467 446506
446965 446978
447098 447108
447110 447113
447377 447415
447549 447555
447721 447797
447934 448019
448303 448312
448623 448727
448840 448881
449023 449061
449148 449176
449300 449328
449809 449971
450229 450415
450570 450614
450801 450984
451142 451172
451665 451705
451948 451974
452132 452134
452380 452533
452935 452987
453365 453384
453626 453640
454008 454031
454417 454450
454705 454711
455165 455212
455356 455421
455919 456140
456313 456360
456525 456552
456610 456670
456840 456847
457041 457041
457438 457597
457682 457796
458035 458043
458124 458127
458599 458664
458873 458999
459175 459223
459591 459623
459879 459931
460061 460064
460528 460562
460650 460705
461128 461135
461578 461636
461914 461918
462111 462119
462125 462140
462566 462617
462857 462876
463160 463207
463433 463519
463582 463652
464141 464159
464294 464328
464380 464491
464746 464746
464904 465080
465404 465455
465591 465666
465775 465896
466212 466253
466630 466680
467042 467043
467112 467120
467527 467584
467588 467692
467780 467784
468071 468122
468322 468342
468805 468826
469068 469100
469199 469241
469429 469575
469974 469990
470321 470429
470851 470861
471260 471268
471573 471604
471690 471696
471745 471747
471993 472019
472276 472319
472327 472489
472573 472597
472927 472962
473121 473195
473226 473354
473838 473870
474365 474449
474461 474474
474786 474791
474980 475080
475455 475539
475702 475796
475862 475865
475866 475872
476358 476438
476759 476861
477094 477205
477411 477463
477501 477532
477840 477840
478152 478199
478421 478490
478751 478939
479113 479139
479390 479513
479996 480021
480054 480058
480425 480475
480708 480712
480881 480904
481123 481149
481354 481456
481586 481591
481704 481756
481795 481920
481929 481972
482325 482328
482542 482546
482601 482720
482782 482805
482814 482820
482906 482922
482981 482983
483033 483166
483488 483547
484045 484088
484092 484101
484173 484173
484434 484526
485004 485181
485505 485747
485990 486027
486342 486463
486517 486611
487049 487052
487242 487249
487259 487269
487549 487555
487651 487761
487898 487929
488218 488257
488611 488621
488894 489020
489317 489339
489641 489736
490216 490222
490609 490640
490672 490678
491108 491236
491338 491400
491854 491872
492208 492217
492541 492545
492738 492808
492826 492845
492855 492858
492933 492942
493087 493090
493473 493551
493805 493832
494245 494255
494308 494403
494731 494771
495026 495153
495381 495408
495751 495795
496199 496228
496530 496563
496802 496829
497046 497102
497193 497238
497624 497628
497659 497677
498158 498207
498398 498417
498599 498615
499104 499174
499513 499525
499573 499603
499909 499924
500333 500386
500388 500400
500456 500483
500770 500835
501228 501282
501380 501397
501599 501610
501676 501680
501862 501868
502173 502179
502434 502517
502853 502881
503138 503184
503218 503224
503269 503293
503647 503672
503730 503836
504045 504099
504362 504362
504727 504826
504951 504990
505182 505186
505511 505708
505738 505789
505817 505945
506259 506278
506354 506380
506662 506672
506722 506752
506856 506940
507326 507396
507543 507565
507785 507838
508154 508190
508465 508540
508948 509085
509376 509432
509881 509893
510383 510461
510740 510799
510929 510945
511146 511232
511273 511297
511324 511332
511416 511436
511923 512006
512503 512538
512741 512901
513236 513288
513702 513708
513826 513863
514030 514036
514251 514369
514525 514562
514889 514935
515181 515394
515695 515794
516043 516044
516404 516463
516554 516557
516825 516846
517001 517047
517532 517582
517780 517828
518315 518338
518629 518658
518910 518965
519330 519399
519405 519494
519983 519991
520224 520407
520618 520680
520906 520988
521374 521406
521567 521619
521822 521823
521943 521949
522386 522398
522771 522792
523140 523171
523281 523332
523375 523512
523709 523750
524044 524119
524567 524573
524800 524810
525002 525041
525147 525152
525627 525636
525775 525807
525832 525876
526238 526247
526689 526728
526972 527022
527138 527169
527488 527517
527765 527770
527914 527935
528046 528078
528250 528346
528615 528756
529247 529282
529343 529488
529583 529705
530015 530120
530607 530623
530889 530929
531043 531045
531140 531146
531566 531600
531804 531839
532296 532299
532371 532439
532451 532455
532538 532566
532686 532688
533005 533041
533051 533075
533253 533287
533539 533545
533793 533849
533924 533965
534283 534341
534364 534522
534626 534714
534836 535009
535246 535297
535516 535585
535597 535627
536073 536088
536457 536543
536612 536621
536643 536750
536756 536933
537382 537399
537699 537700
537723 537761
537904 537954
538415 538422
538632 538783
539096 539104
539582 539626
539803 539828
540265 540277
540751 540798
540964 540967
541330 541332
541706 541809
541948 541974
542363 542410
542780 542782
542917 542958
543415 543421
543596 543660
543876 543939
544295 544304
544793 544857
545040 545040
545218 545221
545246 545274
545585 545608
545806 545964
546417 546456
546752 546854
547165 547187
547678 547862
547952 548042
548282 548288
548398 548432
548872 548952
549036 549144
549445 549511
549567 549628
549810 549871
550132 550159
550201 550214
550215 550224
550415 550473
550644 550664
551125 551245
551629 551648
551752 551877
552137 552210
552554 552635
552971 552974
553012 553115
553303 553306
553591 553634
553830 554052
554250 554256
554401 554418
554428 554431
554776 554829
555068 555101
555473 555531
555716 555724
555902 555903
556110 556163
556635 556760
556846 556878
557029 557090
557370 557459
557949 558016
558396 558433
558591 558598
558648 558700
558849 558914
559317 559324
559337 559376
559497 559544
559800 559812
560135 560237
560247 560258
560397 560439
560686 560730
560986 560995
561131 561142
561293 561376
561587 561604
561747 561751
561934 561969
562319 562386
562863 562896
563309 563397
563441 563483
563525 563579
563763 563808
564124 564164
564451 564484
564709 564747
565103 565251
565362 565423
565897 566070
566089 566153
566155 566207
566649 566709
566768 566784
567078 567195
567584 567624
568097 568102
568385 568437
568775 568796
568831 568842
568888 568902
569049 569183
569281 569300
569712 569918
570057 570063
570265 570273
570650 570656
570974 570981
571176 571195
571425 571442
571596 571788
572283 572331
572593 572635
572943 572958
573220 573244
573403 573431
573456 573633
573751 573782
574232 574235
574281 574326
574615 574653
575133 575229
575580 575633
575845 575884
576349 576373
576389 576437
576911 577022
577191 577213
577428 577541
577729 577756
578081 578104
578202 578236
578325 578365
578780 578804
579302 579328
579702 579744
580127 580159
580583 580661
581086 581108
581203 581263
581728 581795
581938 582086
582264 582294
582467 582479
582906 582928
583390 583398
583680 583724
583850 583913
584395 584418
584601 584643
584834 584858
585174 585222
585455 585542
585860 585866
586149 586285
586526 586720
586819 586837
587122 587231
587494 587515
587681 587705
587937 587942
588163 588231
588624 588628
588896 588902
588961 588977
589396 589499
589819 589827
590118 590208
590289 590305
590485 590492
590848 590938
591171 591260
591397 591446
591798 591863
592152 592158
592381 592460
592703 592738
593098 593099
593519 593523
593957 593972
594421 594451
594870 594959
595424 595435
595546 595568
595647 595659
595888 595930
595961 596004
596071 596135
596304 596564
596859 596906
597374 597436
597677 597731
597911 597980
598259 598261
598601 598638
599070 599133
599562 599630
599960 599973
599975 599975
600004 600053
600363 600459
600468 600481
600521 600534
601018 601120
601197 601214
601564 601594
602031 602146
602595 602677
602845 602887
603053 603114
603123 603159
603506 603516
603518 603603
603612 603644
603799 603869
604186 604222
604347 604426
604909 604930
605237 605257
605467 605492
605499 605563
606016 606091
606350 606377
606481 606491
606650 606653
607039 607057
607346 607505
607627 607648
607671 607710
607801 607810
607891 607898
608269 608424
608849 608950
609311 609405
609702 609710
609765 609781
609816 609854
610330 610355
610434 610500
610714 610751
610853 610858
611185 611340
611717 611725
611910 611946
612209 612259
612652 612655
612872 612944
613192 613200
613331 613362
613410 613412
613504 613563
613732 613812
614066 614216
614286 614305
614455 614489
614622 614666
614781 614828
614875 614896
615208 615222
615271 615360
615759 615856
615904 615954
616050 616202
616389 616409
616451 616486
616849 617226
617672 617792
618143 618308
618406 618409
618515 618547
619006 619037
619209 619234
619726 619759
619792 619823
620314 620352
620699 620721
621049 621099
621286 621330
621540 621591
621792 621795
622222 622308
622511 622524
622601 622643
623085 623130
623502 623553
623754 623756
624136 624156
624412 624416
624783 624800
625169 625263
625284 625286
625441 625456
625619 625830
625949 625959
626154 626155
626431 626506
626676 626678
626941 627081
627215 627285
627571 627708
628087 628099
628318 628381
628382 628474
628784 628886
629184 629186
629383 629554
630029 630047
630529 630585
630730 630768
631186 631216
631310 631320
631586 631615
631738 631753
631976 632003
632492 632500
632563 632578
632956 633120
633164 633249
633608 633726
634220 634242
634443 634463
634611 634648
634778 634822
635190 635233
635677 635831
635879 635977
636155 636244
636683 636715
636779 636863
637040 637044
637206 637288
637692 637723
638183 638240
638579 638617
638641 638687
638964 638986
639272 639304
639501 639506
639563 639575
639955 640010
640224 640351
640676 640775
640853 640862
641332 641385
641749 641770
641994 642039
642408 642453
642588 642663
642671 642682
643088 643143
643384 643410
643525 643597
643946 644067
644393 644544
644611 644617
645038 645048
645177 645209
645299 645321
645440 645440
645656 645722
646137 646183
646333 646352
646425 646672
647025 647027
647505 647529
647916 648106
648550 648573
648727 648746
649047 649065
649286 649391
649875 649985
650375 650427
650570 650593
650661 650671
651130 651155
651510 651570
651712 651734
651772 651851
651942 652044
652282 652451
652638 652640
652913 652998
653021 653038
653293 653296
653758 653761
654143 654218
654419 654450
654612 654638
655012 655014
655444 655464
655478 655481
655689 655698
656091 656238
656451 656460
656629 656667
656985 657034
657194 657200
657352 657379
657419 657476
657602 657628
657824 657882
658354 658357
658618 658698
658931 659116
659469 659480
659690 659696
659739 659756
659925 659931
659968 659981
660423 660458
660729 660745
661091 661105
661413 661443
661850 661902
662387 662486
662820 662928
663058 663058
663295 663300
663731 663739
663827 663839
664317 664386
664666 664689
665079 665139
665550 665574
665612 665619
665748 665848
665988 665995
666491 666549
666692 666709
666748 666749
667150 667275
667681 667730
668096 668186
668643 668688
668959 668987
669141 669202
669590 669627
669900 670080
670390 670411
670804 670831
671001 671031
671452 671591
671892 672033
672164 672180
672495 672504
672636 672642
673008 673010
673039 673040
673253 673300
673519 673526
673643 673717
673743 673765
673826 673855
674133 674248
674669 674703
674997 675196
675264 675346
675753 675796
676002 676024
676378 676381
676523 676540
676855 676878
677356 677424
677480 677499
677793 677819
678317 678319
678693 678697
679136 679173
679541 679579
679859 679875
680006 680017
680350 680363
680409 680462
680602 680610
680941 680949
681069 681122
681482 681562
681747 681777
682140 682164
682367 682384
682670 682772
683078 683092
683293 683297
683312 683333
683703 683706
684032 684038
684244 684252
684591 684616
685114 685130
685534 685535
685750 685812
686303 686403
686719 686757
687200 687241
687393 687443
687935 687958
688122 688134
688208 688222
688714 688723
688881 688889
688948 689006
689082 689106
689255 689287
689626 689709
690037 690139
690357 690377
690541 690551
690650 690759
691187 691256
691625 691662
691777 691932
692070 692094
692522 692599
692759 692803
693213 693227
693664 693720
694089 694110
694515 694531
694719 694773
694819 694821
695078 695091
695287 695317
695724 695738
695840 695888
696084 696099
696411 696413
696489 696511
696634 696681
697056 697059
697407 697612
697663 697676
697709 697786
698150 698155
698393 698407
698615 698618
698827 698857
698878 698951
699394 699416
699522 699545
699924 699948
700057 700074
700190 700202
700435 700447
700750 700750
701063 701109
701434 701449
701793 701813
702206 702225
702444 702450
702904 702944
703333 703342
703762 703883
703955 703969
704300 704349
704534 704557
705032 705065
705233 705237
705244 705326
705331 705346
705548 705561
705585 705610
706068 706165
706206 706224
706450 706451
706486 706558
706734 706791
707258 707340
707413 707438
707936 708010
708363 708477
708621 708650
709071 709149
709572 709574
709969 710025
710248 710269
710483 710514
710523 710677
711135 711140
711588 711674
711955 712010
712055 712087
712438 712445
712759 712762
712949 712969
713418 713508
713860 713893
714135 714137
714325 714358
714605 714648
714729 714761
715057 715079
715543 715560
715950 716031
716383 716387
716659 716699
717037 717048
717197 717351
717477 717541
717941 718272
718316 718480
718542 718653
718710 718736
718834 718868
719126 719127
719428 719549
719731 719760
720067 720173
720649 720657
720850 720850
720856 720997
721215 721260
721669 721831
722106 722207
722698 722727
723144 723211
723460 723606
724049 724256
724522 724540
724842 724850
725267 725481
725651 725701
726156 726187
726445 726680
726808 726825
726843 726865
726952 726967
727055 727066
727483 727496
727644 727668
727719 727777
727845 727966
728234 728282
728409 728465
728690 728727
728995 729026
729490 729520
729650 729650
730021 730048
730198 730200
730646 730753
730866 730914
731178 731230
731492 731523
731831 731912
732031 732066
732198 732214
732611 732618
733009 733053
733314 733317
733569 733574
733690 733703
733992 734189
734354 734383
734776 734847
734882 734966
735268 735310
735409 735428
735732 735822
736126 736159
736452 736452
736726 736741
737149 737154
737174 737180
737452 737485
737838 738163
738612 738633
738832 738841
739085 739224
739686 739801
740283 740293
740475 740475
740693 740703
740949 740959
741302 741384
741835 741898
742022 742023
742320 742452
742663 742833
742963 742996
743335 743390
743862 743889
744230 744242
744274 744340
744458 744517
744946 744952
745057 745064
745322 745348
745758 745777
746073 746112
746562 746564
746997 747054
747345 747367
747572 747655
747692 747781
748258 748316
748660 748719
748887 748918
749401 749445
749641 749695
749750 749758
749837 749883
750108 750136
750545 750559
751000 751027
751488 751567
751634 751671
752019 752048
752087 752271
752442 752511
752810 752821
752868 752886
753260 753261
753604 753662
754031 754032
754179 754204
754586 754618
754699 754713
754752 754866
755230 755331
755806 756028
756499 756638
757041 757083
757564 757690
758077 758120
758578 758705
759125 759159
759243 759243
759551 759584
759933 759962
760154 760299
760615 760636
761085 761212
761524 761569
761965 761990
762113 762205
762549 762586
762734 762767
763208 763261
763398 763451
763482 763539
763933 763997
764253 764309
764661 764662
764968 765039
765211 765249
765437 765505
765814 765830
766150 766284
766596 766629
766902 766994
767247 767253
767372 767419
767839 767840
768333 768334
768436 768471
768603 768634
768854 768916
769403 769428
769453 769714
769793 769832
770178 770203
770551 770626
770790 770889
771349 771383
771719 771721
772092 772236
772733 772784
772787 772826
773197 773276
773609 773768
774102 774347
774663 774667
774918 774946
775140 775165
775657 775696
775914 775951
775985 775987
776426 776595
776761 776804
777007 777021
777204 777217
777672 777697
777739 777791
778236 778417
778723 778733
779221 779256
779549 779618
779698 779704
780167 780167
780567 780675
780939 780944
781366 781398
781558 781570
781670 781692
782005 782035
782290 782309
782446 782489
782901 783042
783152 783176
783185 783275
783728 783731
783904 783945
784177 784188
784445 784572
784998 785106
785111 785173
785498 785520
785769 785773
786235 786257
786524 786541
786879 786945
787265 787333
787499 787535
787682 787683
788177 788187
788683 788692
788884 788886
789320 789401
789855 789967
790005 790038
790265 790305
790335 790351
790576 790626
790942 791112
791123 791131
791290 791371
791843 791975
792430 792447
792775 792789
793117 793177
793498 793515
793830 793992
794371 794376
794506 794514
794881 794922
795259 795286
795785 795832
796236 796243
796528 796539
797010 797045
797079 797117
797485 797552
797622 797658
797927 798031
798373 798415
798699 798780
798995 799013
799375 799406
799587 799637
799900 799935
800290 800298
800754 800831
801073 801183
801375 801703
801982 802078
802554 802594
802922 802935
803020 803053
803478 803481
803737 803790
803971 804022
804113 804129
804323 804477
804917 805073
805352 805357
805632 805760
805863 805869
806310 806379
806849 806912
806968 806983
807129 807256
807468 807599
808039 808091
808185 808190
808214 808233
808698 808712
808975 809053
809400 809468
809864 809898
810190 810211
810626 810637
811044 811119
811488 811556
811612 811629
811798 811801
812232 812272
812719 812732
812953 812999
813023 813066
813496 813520
814017 814042
814426 814492
814844 814848
815338 815488
815759 815832
816110 816178
816276 816287
816621 816658
816730 816758
817123 817167
817663 817735
817928 817957
817959 817998
818130 818151
818336 818347
818636 818665
819079 819091
819134 819247
819336 819378
819790 819804
820033 820096
820430 820493
820620 820706
820776 820787
820860 820912
821357 821400
821493 821522
821843 821888
822314 822524
822668 822691
822714 822773
822844 822915
823315 823344
823383 823399
823575 823717
824073 824083
824511 824514
824720 824734
824906 824988
824997 825009
825168 825208
825417 825435
825686 825744
825762 825818
825929 825936
826260 826400
826586 826625
826818 826844
826876 826897
827100 827104
827384 827395
827660 827683
827707 827943
828277 828284
828502 828552
828670 828678
828848 828934
829016 829045
829350 829350
829714 829783
830185 830200
830518 830627
830990 831000
831037 831074
831365 831440
831870 831916
832162 832162
832277 832278
832669 832726
832858 832966
833430 833434
833474 833476
833557 833599
833872 833884
834158 834208
834432 834434
834480 834497
834908 834910
835126 835126
835331 835411
835681 835703
835970 836105
836435 836463
836769 836772
836863 836901
837398 837448
837833 837861
838276 838276
838687 838760
839160 839185
839308 839340
839572 839601
839785 839792
839927 839967
840334 840365
840856 840870
840876 840954
841035 841039
841130 841190
841351 841367
841513 841520
842010 842010
842195 842204
842598 842614
842887 842896
843330 843333
843502 843544
843671 843721
844076 844125
844457 844466
844657 844666
844803 844830
845142 845187
845517 845602
846085 846112
846290 846290
846395 846404
846494 846498
846773 846796
846936 846997
847348 847410
847450 847456
847939 847979
848078 848167
848529 848620
848767 848803
848912 848930
849342 849452
849717 849759
849897 849919
850131 850211
850652 850687
851016 851203
851423 851540
851739 851782
852029 852036
852520 852529
852721 852739
852795 852802
853138 853155
853254 853400
853502 853532
853956 854012
854223 854303
854668 854801
855195 855267
855706 855709
856167 856209
856366 856456
856681 856701
856858 856896
857241 857299
857568 857602
857759 857774
857776 857858
858033 858163
858429 858546
858728 858762
858844 858848
859004 859079
859229 859267
859384 859451
859871 859886
860191 860258
860281 860289
860362 860440
860508 860529
860834 860852
861245 861265
861556 861566
861952 862083
862167 862189
862366 862372
862771 862801
863068 863148
863353 863371
863711 863772
864005 864013
864307 864446
864869 864882
865179 865234
865511 865569
865779 865800
866083 866091
866373 866436
866737 866887
867293 867348
867808 867840
867972 867987
868030 868122
868382 868456
868598 868666
868988 869002
869445 869450
869693 869749
869986 870030
870204 870248
870352 870408
870851 870875
871111 871206
871235 871273
871568 871624
871819 872007
872012 872012
872164 872213
872341 872373
872513 872520
872544 872867
872991 873144
873427 873441
873687 873695
873737 873825
873962 873963
874033 874100
874358 874364
874442 874481
874724 874765
874873 874945
875114 875128
875393 875492
875910 875923
876219 876279
876353 876388
876395 876421
876906 876911
877191 877207
877529 877593
877988 878086
878112 878132
878522 878561
879038 879095
879438 879506
879873 880006
880194 880211
880587 880655
881145 881150
881175 881183
881222 881258
881368 881389
881457 881661
882141 882254
882315 882324
882545 882548
882845 882912
883324 883382
883735 883751
884248 884475
884497 884521
884730 884779
884915 884949
885205 885211
885376 885490
885720 885720
886201 886225
886357 886422
886809 886862
887281 887346
887794 887800
888248 888387
888644 888667
888841 889023
889124 889146
889177 889211
889664 889757
890103 890106
890266 890267
890487 890679
891130 891135
891245 891287
891375 891383
891482 891540
891972 892024
892415 892514
892734 892737
892933 892936
893360 893374
893383 893420
893534 893596
894067 894157
894423 894454
894694 894737
895164 895372
895480 895512
895907 895922
896036 896208
896331 896442
896814 896820
896914 896962
897004 897027
897245 897367
897533 897557
897800 897899
898170 898203
898656 898656
899078 899097
899304 899379
899509 899594
899614 899621
899888 899891
900223 900257
900436 900438
900883 900884
901367 901438
901622 901626
901870 901931
902426 902429
902602 902614
902645 902736
903114 903146
903357 903422
903884 903914
904161 904241
904337 904346
904648 904703
905029 905044
905258 905387
905479 905557
906042 906044
906406 906438
906657 906744
906982 907129
907438 907474
907858 907879
907962 907962
908210 908257
908340 908356
908526 908593
908782 908782
909106 909255
909267 909297
909551 909598
909959 910011
910202 910211
910223 910331
910397 910519
910559 910565
910865 910901
911176 911279
911557 911566
911630 911653
911738 911763
911935 911976
912332 912403
912552 912605
912961 912977
913012 913086
913530 913599
913922 913947
914028 914034
914521 914539
914636 914654
914702 914754
915166 915267
915618 915618
915699 915717
916096 916116
916466 916528
916938 917003
917414 917507
917942 917942
918245 918253
918646 918666
918979 918994
919137 919166
919633 919670
920042 920079
920387 920472
920914 920924
921396 921401
921467 921507
921742 921777
922128 922256
922490 922526
922971 923229
923321 923328
923689 923739
923888 923954
924248 924273
924404 924453
924472 924491
924861 924914
925277 925298
925725 925728
926162 926167
926579 926644
927107 927107
927453 927495
927976 928005
928489 928531
928875 928879
929278 929280
929443 929555
929982 929986
930079 930152
930242 930301
930309 930415
930501 930509
930819 930850
930947 931026
931114 931156
931220 931383
931670 931716
932154 932232
932653 932657
933023 933046
933088 933109
933508 933523
933992 934041
934339 934368
934689 934759
934780 934887
934906 934930
935183 935188
935492 935512
935793 935906
936063 936063
936375 936414
936523 936534
936542 936593
936648 936670
936968 937038
937355 937370
937403 937617
937946 938019
938461 938498
938505 938510
938559 938590
938633 938672
938807 938837
939242 939277
939536 939636
939788 939805
939862 939879
940328 940394
940598 940706
940799 940861
940991 941009
941035 941046
941179 941183
941331 941345
941534 941582
941928 942089
942559 942648
942942 942952
943119 943303
943316 943344
943606 943625
943905 943923
944368 944379
944441 944512
944781 944835
944878 944903
945348 945534
945958 945975
946429 946459
946510 946512
946655 946681
946849 946856
947198 947214
947242 947318
947611 947623
947925 948044
948464 948470
948886 948917
949376 949473
949758 949771
949850 949910
949945 949951
950029 950062
950353 950363
950619 950890
950928 951029
951396 951408
951794 951801
951926 951958
951984 952071
952261 952294
952737 952742
953217 953273
953397 953438
953624 953635
954105 954111
954349 954435
954471 954519
954985 955003
955487 955488
955591 955694
955792 955810
956093 956368
956698 956730
956835 956904
956973 957008
957189 957239
957629 957663
957887 957932
958032 958059
958482 958551
958697 958805
959072 959122
959278 959286
959376 959479
959562 959566
959960 959983
960408 960454
960788 960928
961395 961408
961505 961507
961882 961896
962368 962390
962698 962774
963147 963180
963193 963232
963455 963574
964047 964085
964492 964528
964809 965010
965469 965525
965947 965981
966397 966483
966758 966790
967191 967192
967205 967310
967721 967748
968135 968160
968552 968553
968901 968909
969381 969416
969895 969924
970129 970139
970241 970247
970547 970562
970619 970645
970981 971169
971515 971575
971796 971826
971860 971872
972352 972369
972837 972837
972921 972960
973230 973333
973482 973492
973661 973666
973682 973871
974135 974177
974535 974553
974782 974798
974945 974947
975274 975293
975324 975335
975796 975863
975884 975895
976156 976169
976427 976495
976617 976727
976947 976967
977105 977117
977250 977264
977647 977704
977766 977786
977854 977888
977982 978110
978467 978495
978679 978727
978941 979016
979432 979434
979760 979825
980178 980232
980495 980518
980656 980693
980785 980842
980894 980932
980959 980959
981006 981014
981301 981434
981905 981914
982371 982392
982579 982584
982768 982812
983083 983104
983377 983406
983819 983848
983935 983959
984238 984316
984391 984454
984871 984876
985342 985435
985763 985811
985975 986024
986502 986516
987013 987069
987510 987590
987998 988115
988453 988455
988915 988945
989138 989242
989527 989527
989715 989720
989948 989952
990272 990341
990404 990523
990651 990658
990700 990753
990803 990812
990992 991001
991296 991354
991672 991691
991741 991754
992147 992174
992364 992473
992608 992618
992909 992971
993253 993271
993504 993519
993668 993773
993844 993919
994083 994113
994551 994649
995017 995076
995431 995453
995820 995867
995963 996034
996288 996342
996472 996500
996893 996987
997068 997088
997224 997282
997559 997627
998049 998057
998462 998532
998894 998937
999381 999460
999756 999797
999853 999927
1000282 1000408
1000411 1000420
1000446 1000469
1000545 1000560
1000574 1000680
1000997 1001189
1001643 1001724
1001935 1001954
1002318 1002460
1002608 1002613
1002802 1002926
1003330 1003345
1003708 1003781
1004025 1004161
1004355 1004374
1004658 1004796
1005265 1005361
1005757 1005843
1005892 1005899
1006097 1006106
1006451 1006468
1006882 1006913
1007031 1007103
1007126 1007164
1007488 1007503
1007686 1007780
1007964 1008035
1008166 1008317
1008662 1008676
1009136 1009191
1009385 1009397
1009685 1009762
1009933 1009970
1010004 1010017
1010083 1010150
1010562 1010598
1010909 1011033
1011277 1011328
1011717 1011740
1011924 1011982
1012433 1012466
1012608 1012614
1012927 1013059
1013227 1013231
1013613 1013642
1013784 1013847
1014249 1014282
1014591 1014605
1015009 1015013
1015131 1015163
1015386 1015402
1015808 1015843
1016230 1016295
1016398 1016431
1016464 1016585
1016785 1016788
1016799 1016833
1017137 1017225
1017661 1017752
1017869 1017876
1017985 1017985
1018402 1018459
1018918 1018923
1019132 1019170
1019622 1019665
1019752 1019813
1020190 1020222
1020698 1020718
1021085 1021193
1021250 1021284
1021350 1021356
1021842 1021847
1021855 1021909
1022145 1022150
1022413 1022477
1022537 1022555
1022839 1023093
1023580 1023637
1023903 1023905
1023950 1023962
1024235 1024321
1024512 1024554
1024874 1024981
1025057 1025097
1025242 1025302
1025596 1025610
1025693 1025702
1025830 1025853
1026262 1026262
1026406 1026436
1026862 1026863
1027251 1027270
1027768 1027813
1028291 1028399
1028565 1028585
1028772 1028865
1029279 1029348
1029617 1029644
1030022 1030076
1030131 1030148
1030173 1030192
1030254 1030276
1030454 1030492
1030746 1030753
1031175 1031180
1031465 1031501
1031601 1031649
1032101 1032199
1032441 1032452
1032851 1032913
1033158 1033182
1033254 1033269
1033554 1033755
1033920 1033969
1033978 1033991
1034229 1034309
1034642 1034755
1035004 1035228
1035589 1035609
1035780 1035802
1036126 1036129
1036620 1036633
1036825 1036880
1037326 1037393
1037528 1037559
1037636 1037647
1037808 1037878
1037911 1038151
1038548 1038571
1038687 1038782
1038783 1038825
1039258 1039343
1039740 1039751
1039794 1039890
1040157 1040178
1040543 1040564
1040567 1040597
1040898 1040952
1041252 1041390
1041850 1041930
1041973 1041985
1042396 1042412
1042420 1042420
1042840 1042852
1043188 1043196
1043639 1043671
1043672 1043678
1043914 1044008
1044456 1044532
1044622 1044701
1045021 1045125
1045539 1045550
1045571 1045694
1046120 1046283
1046616 1046651
1047001 1047029
1047154 1047230
1047253 1047275
1047743 1047905
1047989 1048012
1048468 1048489
1048793 1048812
1049079 1049452
1049938 1049941
1050067 1050084
1050526 1050713
1050768 1050785
1050871 1050910
1050922 1050926
1051389 1051417
1051431 1051537
1051745 1051747
1052138 1052200
1052560 1052562
1052576 1052627
1052896 1052900
1053387 1053387
1053405 1053416
1053811 1053890
1054147 1054179
1054432 1054492
1054976 1055129
1055347 1055387
1055584 1055659
1056044 1056090
1056263 1056370
1056619 1056626
1056896 1056898
1057351 1057400
1057796 1057848
1057975 1058044
1058201 1058217
1058322 1058387
1058864 1058894
1059114 1059180
1059525 1059596
1060049 1060071
1060471 1060535
1060722 1060728
1061049 1061076
1061369 1061391
1061633 1061687
1061944 1061977
1062280 1062309
1062572 1062632
1063083 1063125
1063269 1063348
1063731 1063731
1063830 1063875
1064166 1064170
1064229 1064329
1064399 1064402
1064501 1064507
1064678 1064710
1064897 1064944
1065038 1065119
1065259 1065286
1065554 1065649
1066037 1066039
1066048 1066071
1066467 1066533
1066790 1066826
1067059 1067081
1067237 1067367
1067393 1067410
1067737 1067745
1067804 1067844
1068300 1068314
1068525 1068525
1068811 1068892
1069176 1069351
1069651 1069657
1069662 1069822
1070130 1070148
1070627 1070628
1071036 1071049
1071340 1071396
1071695 1071870
1072231 1072269
1072709 1072776
1072803 1072975
1073359 1073425
1073857 1073903
1074107 1074171
1074642 1074672
1074734 1074882
1075209 1075329
1075526 1075529
1075756 1075780
1076181 1076203
1076213 1076224
1076492 1076510
1076780 1076790
1076928 1076935
1077308 1077309
1077656 1077702
1078034 1078105
1078419 1078582
1078858 1078952
1079153 1079200
1079225 1079311
1079353 1079407
1079787 1079801
1080212 1080219
1080508 1080518
1080590 1080642
1080649 1080672
1080788 1080789
1081042 1081051
1081097 1081125
1081572 1081622
1081679 1081737
1082147 1082224
1082296 1082329
1082413 1082415
1082819 1082850
1083246 1083311
1083770 1083873
1084235 1084244
1084292 1084350
1084510 1084567
1084772 1084957
1085253 1085340
1085425 1085463
1085482 1085510
1085883 1085897
1086262 1086276
1086404 1086425
1086445 1086475
1086794 1086843
1087101 1087109
1087463 1087550
1087699 1087756
1088209 1088438
1088743 1088759
1088979 1089162
1089191 1089369
1089436 1089811
1090045 1090059
1090348 1090387
1090680 1090751
1090959 1091004
1091071 1091187
1091369 1091432
1091656 1091659
1092042 1092095
1092577 1092589
1092614 1092644
1092775 1092778
1093246 1093313
1093641 1093644
1093961 1093984
1094065 1094105
1094189 1094392
1094546 1094569
1095029 1095044
1095217 1095257
1095532 1095561
1095992 1096002
1096247 1096255
1096439 1096589
1096866 1096890
1097291 1097295
1097383 1097399
1097418 1097494
1097541 1097552
1097909 1097914
1098163 1098170
1098630 1098726
1099219 1099242
1099610 1099615
1099761 1099784
1100134 1100422
1100772 1100780
1101214 1101234
1101405 1101426
1101717 1101849
1101859 1101941
1102337 1102372
1102769 1102774
1103158 1103162
1103575 1103639
1103861 1103923
1103975 1104002
1104169 1104187
1104554 1104573
1104762 1104853
1105064 1105088
1105490 1105542
1105654 1105800
1105883 1105894
1106354 1106383
1106818 1106857
1107135 1107164
1107442 1107533
1107883 1107976
1108108 1108184
1108448 1108529
1108633 1108669
1108750 1108770
1109155 1109182
1109634 1109677
1109790 1109824
1110291 1110311
1110360 1110450
1110625 1110634
1110765 1110772
1111193 1111231
1111335 1111476
1111501 1111564
1111924 1111925
1112013 1112043
1112233 1112315
1112494 1112508
1112825 1112833
1113194 1113254
1113603 1113725
1113913 1113942
1114046 1114088
1114462 1114616
1115078 1115298
1115749 1115811
1116001 1116037
1116271 1116273
1116499 1116518
1116736 1116800
1117263 1117363
1117510 1117547
1117808 1117845
1118233 1118305
1118530 1118565
1118665 1118706
1119145 1119217
1119482 1119488
1119980 1119980
1120219 1120324
1120603 1120634
1120882 1120887
1121127 1121142
1121456 1121534
1121901 1121980
1122080 1122171
1122418 1122492
1122534 1122727
1123014 1123031
1123436 1123459
1123860 1124028
1124332 1124383
1124445 1124488
1124564 1124659
1124782 1124821
1125045 1125092
1125581 1125600
1125927 1125949
1126099 1126217
1126473 1126590
1126625 1126683
1127088 1127119
1127399 1127471
1127818 1127822
1127860 1127910
1127918 1127975
1128035 1128037
1128522 1128787
1128993 1129079
1129312 1129477
1129952 1130051
1130277 1130348
1130387 1130466
1130701 1130705
1131146 1131152
1131334 1131390
1131541 1131600
1131907 1131968
1132458 1132527
1132837 1132864
1132994 1133074
1133166 1133187
1133425 1133531
1133733 1133771
1133887 1133900
1133966 1133968
1134292 1134361
1134749 1134765
1135021 1135256
1135688 1135690
1135851 1135880
1135908 1135983
1135988 1135994
1136264 1136287
1136526 1136568
1136694 1136730
1137188 1137245
1137307 1137337
1137656 1137662
1138075 1138078
1138425 1138464
1138958 1139033
1139240 1139252
1139575 1139602
1139749 1139750
1140227 1140243
1140453 1140479
1140527 1140574
1140913 1140992
1141179 1141205
1141594 1141609
1141711 1141797
1142146 1142353
1142746 1142765
1142895 1142912
1143073 1143159
1143606 1143638
1143757 1143785
1143947 1144006
1144322 1144391
1144506 1144542
1144578 1144587
1145040 1145091
1145548 1145585
1145730 1145751
1145811 1145855
1146109 1146181
1146312 1146424
1146664 1146691
1146803 1146808
1146943 1146978
1147357 1147407
1147797 1147813
1148277 1148280
1148683 1148691
1148734 1148811
1149179 1149187
1149599 1149603
1150084 1150110
1150300 1150337
1150585 1150650
1150665 1150682
1151065 1151076
1151421 1151532
1151940 1151945
1152413 1152477
1152666 1152715
1152904 1152940
1153395 1153414
1153520 1153627
1153911 1153961
1154088 1154088
1154434 1154439
1154743 1154761
1154916 1154950
1155053 1155104
1155518 1155538
1155892 1155892
1156156 1156223
1156485 1156546
1156759 1156846
1157198 1157283
1157666 1157690
1158062 1158122
1158254 1158299
1158585 1158602
1158643 1158666
1159109 1159172
1159457 1159506
1159654 1159866
1160124 1160241
1160277 1160295
1160388 1160395
1160833 1160918
1161129 1161165
1161618 1161623
1161637 1161647
1161887 1161922
1161988 1162058
1162429 1162445
1162916 1162953
1163360 1163361
1163856 1163966
1164217 1164270
1164561 1164578
1164685 1164809
1165229 1165283
1165318 1165329
1165806 1165807
1166006 1166013
1166189 1166234
1166579 1166671
1166746 1166797
1166825 1166880
1167302 1167331
1167533 1167539
1167577 1167714
1167959 1168068
1168229 1168270
1168411 1168522
1168995 1169034
1169240 1169291
1169517 1169526
1169868 1169888
1170184 1170184
1170488 1170574
1171023 1171062
1171131 1171227
1171652 1171666
1172097 1172119
1172561 1172581
1172948 1172962
1173076 1173166
1173479 1173584
1173703 1173799
1173954 1173955
1174338 1174413
1174694 1174718
1175077 1175081
1175229 1175242
1175493 1175519
1175772 1175772
1175867 1175872
1176320 1176335
1176628 1176633
1177101 1177121
1177261 1177263
1177479 1177517
1177999 1178058
1178264 1178345
1178698 1178803
1179129 1179200
1179697 1179698
1179832 1179832
1180256 1180293
1180535 1180603
1180998 1181039
1181134 1181191
1181607 1181652
1181737 1181816
1181873 1181955
1182122 1182130
1182410 1182452
1182795 1182951
1183096 1183096
1183106 1183145
1183148 1183193
1183670 1183676
1184129 1184255
1184483 1184568
1184785 1184785
1184916 1184930
1185334 1185421
1185516 1185522
1185903 1185953
1185983 1186022
1186042 1186134
1186614 1186662
1187010 1187016
1187036 1187053
1187438 1187582
1187879 1187956
1188374 1188401
1188762 1188997
1189282 1189407
1189723 1189790
1190216 1190217
1190577 1190635
1190710 1190759
1191190 1191219
1191363 1191383
1191532 1191551
1191577 1191606
1191641 1191680
1192079 1192185
1192200 1192216
1192678 1192685
1193081 1193092
1193203 1193229
1193566 1193675
1193689 1193705
1194139 1194228
1194471 1194493
1194935 1194960
1194965 1195020
1195319 1195404
1195692 1195713
1196198 1196224
1196697 1196706
1196902 1196934
1197103 1197119
1197487 1197535
1197991 1198045
1198301 1198466
1198895 1198930
1199249 1199344
1199437 1199458
1199608 1199631
1199939 1199965
1200289 1200353
1200852 1200857
1201281 1201345
1201437 1201461
1201948 1201978
1202050 1202063
1202097 1202200
1202576 1202590
1202857 1202956
1203234 1203288
1203742 1203789
1204152 1204195
1204456 1204490
1204857 1204862
1205140 1205184
1205267 1205451
1205854 1205946
1206211 1206229
1206356 1206371
1206686 1206686
1207132 1207166
1207365 1207380
1207651 1207687
1207803 1207821
1207910 1207953
1208279 1208316
1208488 1208488
1208846 1208846
1209343 1209389
1209879 1209885
1210132 1210146
1210214 1210238
1210300 1210342
1210697 1210712
1210734 1210858
1210981 1211014
1211232 1211253
1211700 1211722
1211759 1211775
1212183 1212303
1212461 1212652
1212927 1212940
1213154 1213203
1213470 1213499
1213713 1213741
1213767 1213783
1213961 1213965
1214143 1214188
1214320 1214348
1214744 1214754
1215227 1215227
1215377 1215530
1215553 1215573
1215735 1215762
1216205 1216398
1216400 1216410
1216514 1216545
1217008 1217040
1217536 1217544
1217689 1217721
1218108 1218133
1218192 1218198
1218423 1218432
1218859 1218871
1219308 1219316
1219338 1219445
1219664 1219690
1219965 1219977
1220208 1220215
1220705 1220734
1221064 1221066
1221391 1221437
1221462 1221528
1221856 1221916
1222331 1222486
1222910 1222932
1223155 1223203
1223234 1223247
1223623 1223639
1224025 1224041
1224082 1224166
1224415 1224417
1224903 1224969
1225056 1225093
1225592 1225611
1225798 1225894
1226279 1226279
1226756 1226761
1226877 1226883
1227048 1227069
1227400 1227405
1227422 1227430
1227802 1227920
1228094 1228111
1228329 1228338
1228686 1228703
1228737 1228788
1229067 1229174
1229624 1229643
1230062 1230124
1230228 1230333
1230420 1230438
1230764 1230789
1230825 1230866
1231036 1231098
1231563 1231588
1232073 1232106
1232548 1232669
1232782 1232843
1232846 1232930
1232993 1232994
1233218 1233243
1233302 1233440
1233678 1233697
1233769 1233799
1234057 1234098
1234433 1234437
1234550 1234551
1234621 1234642
1234758 1234786
1234870 1234881
1235053 1235136
1235200 1235255
1235464 1235493
1235896 1235937
1236412 1236471
1236528 1236635
1236952 1236979
1237272 1237315
1237548 1237617
1237875 1237992
1238171 1238179
1238630 1238688
1238903 1238908
1239121 1239202
1239610 1239698
1239849 1239854
1239958 1240022
1240159 1240317
1240782 1240834
1240953 1240964
1241016 1241025
1241508 1241529
1241805 1241818
1241857 1241954
1242448 1242507
1242858 1242879
1242982 1243058
1243475 1243477
1243520 1243638
1243756 1243767
1244252 1244291
1244625 1244647
1244707 1244735
1244816 1244867
1244993 1245020
1245137 1245186
1245288 1245307
1245734 1245797
1246111 1246134
1246259 1246303
1246432 1246468
1246600 1246689
1247014 1247056
1247188 1247220
1247296 1247389
1247789 1247798
1247914 1247914
1248333 1248420
1248908 1249010
1249265 1249267
1249313 1249320
1249486 1249583
1249924 1249965
1249976 1250039
1250316 1250346
1250378 1250471
1250576 1250594
1250806 1250871
1250893 1250944
1251025 1251062
1251286 1251322
1251331 1251452
1251749 1251820
1251830 1251936
1252321 1252456
1252879 1252896
1253045 1253050
1253429 1253479
1253541 1253552
1253849 1253857
1253993 1254096
1254375 1254493
1254681 1254738
1255086 1255224
1255563 1255600
1255818 1255859
1256324 1256381
1256400 1256437
1256575 1256669
1256840 1256911
1257181 1257203
1257684 1257695
1257929 1258018
1258340 1258355
1258786 1258871
1259368 1259397
1259777 1259857
1259935 1259975
1260310 1260485
1260869 1260873
1260996 1261049
1261214 1261221
1261275 1261334
1261450 1261484
1261927 1261991
1262222 1262252
1262349 1262359
1262634 1262697
1263012 1263014
1263181 1263233
1263425 1263435
1263931 1263972
1264233 1264355
1264687 1264716
1265138 1265186
1265483 1265506
1265976 1266142
1266435 1266524
1266583 1266607
1266993 1267033
1267161 1267235
1267492 1267525
1267894 1267952
1267962 1268016
1268461 1268597
1269046 1269107
1269328 1269341
1269521 1269574
1270011 1270063
1270163 1270228
1270634 1270673
1270977 1271009
1271161 1271168
1271548 1271619
1271964 1271968
1272005 1272021
1272127 1272139
1272533 1272561
1272846 1272864
1273187 1273196
1273562 1273583
1273940 1273975
1274185 1274211
1274638 1274666
1275151 1275151
1275204 1275247
1275536 1275543
1276013 1276132
1276528 1276541
1276618 1276640
1276985 1277004
1277379 1277383
1277514 1277619
1278044 1278156
1278642 1278698
1278702 1278720
1278927 1279053
1279366 1279368
1279426 1279507
1279957 1279964
1280085 1280086
1280391 1280406
1280697 1280716
1280847 1280868
1281262 1281273
1281515 1281563
1281812 1282006
1282019 1282091
1282469 1282538
1282898 1282908
1283009 1283040
1283332 1283360
1283736 1283801
1284130 1284136
1284218 1284238
1284634 1284651
1284762 1284806
1285235 1285249
1285731 1285747
1285771 1285772
1286206 1286221
1286230 1286263
1286573 1286589
1286898 1286975
1287126 1287202
1287360 1287375
1287475 1287482
1287890 1287896
1288100 1288262
1288700 1288708
1288783 1288850
1288921 1288938
1289284 1289325
1289367 1289370
1289454 1289468
1289519 1289533
1289748 1289751
1289893 1289948
1289968 1289968
1290292 1290343
1290645 1290849
1290983 1291011
1291109 1291212
1291433 1291716
1291743 1291761
1291779 1291792
1292024 1292041
1292171 1292200
1292400 1292534
1292826 1292831
1293066 1293117
1293595 1293632
1293804 1293884
1294177 1294207
1294537 1294577
1294901 1294930
1295366 1295540
1295872 1295900
1296323 1296383
1296465 1296507
1296734 1296753
1297069 1297163
1297238 1297242
1297565 1297573
1297628 1297645
1297701 1297743
1298098 1298383
1298658 1298661
1298666 1298676
1298807 1298862
1299002 1299018
1299197 1299199
1299324 1299343
1299573 1299579
1300039 1300055
1300494 1300539
1300866 1300867
1301187 1301222
1301300 1301353
1301696 1301723
1301758 1301762
1302218 1302241
1302389 1302395
1302526 1302580
1302669 1302828
1302865 1302947
1303214 1303252
1303674 1303712
1304020 1304140
1304219 1304225
1304419 1304434
1304706 1304854
1304899 1304926
1305386 1305442
1305491 1305615
1305891 1305986
1306483 1306520
1306859 1306873
1307279 1307341
1307419 1307444
1307531 1307583
1307775 1307829
1307944 1307994
1308362 1308398
1308435 1308460
1308685 1308722
1308816 1308856
1308940 1308980
1309183 1309194
1309552 1309619
1309794 1309803
1310058 1310118
1310359 1310364
1310797 1310804
1311246 1311286
1311448 1311529
1311832 1311845
1311964 1311973
1312400 1312406
1312533 1312545
1312807 1312827
1312878 1312990
1313213 1313251
1313594 1313616
1314048 1314110
1314518 1314604
1314841 1315030
1315335 1315342
1315747 1315779
1316241 1316248
1316717 1316723
1316737 1316828
1317132 1317150
1317359 1317394
1317843 1317858
1318214 1318223
1318586 1318595
1318639 1318885
1319014 1319073
1319118 1319173
1319560 1319620
1319734 1319792
1319950 1320005
1320084 1320116
1320422 1320468
1320847 1320849
1321209 1321215
1321431 1321477
1321834 1322008
1322204 1322259
1322509 1322567
1322666 1322734
1322801 1322807
1323219 1323226
1323694 1323745
1324139 1324186
1324437 1324450
1324573 1324661
1325063 1325064
1325199 1325312
1325670 1325694
1325752 1325778
1326215 1326230
1326646 1326738
1327151 1327151
1327553 1327556
1327713 1327744
1328037 1328045
1328488 1328514
1328848 1328876
1329288 1329295
1329532 1329539
1329630 1329634
1329709 1329711
1329737 1329761
1330077 1330086
1330557 1330589
1330816 1330881
1331236 1331291
1331466 1331550
1331772 1331901
1332350 1332434
1332789 1332888
1333379 1333383
1333420 1333596
1333727 1333757
1333797 1333847
1333899 1333899
1334225 1334239
1334242 1334247
1334470 1334716
1334847 1334960
1334984 1334990
1335313 1335338
1335576 1335626
1335705 1335799
1336289 1336324
1336784 1336814
1336833 1336852
1337215 1337240
1337247 1337300
1337488 1337613
1337762 1337796
1337885 1337916
1338122 1338154
1338581 1338603
1339000 1339062
1339512 1339555
1339570 1339570
1340025 1340052
1340145 1340160
1340509 1340515
1340991 1341001
1341472 1341493
1341991 1342184
1342630 1342663
1342952 1342958
1343038 1343058
1343113 1343202
1343253 1343254
1343508 1343513
1343930 1343947
1344324 1344360
1344856 1344877
1345027 1345087
1345476 1345548
1345566 1345590
1345936 1345968
1346099 1346127
1346349 1346353
1346442 1346475
1346894 1346897
1347195 1347337
1347719 1347840
1348159 1348160
1348361 1348392
1348508 1348589
1348620 1348651
1348743 1348781
1349061 1349113
1349499 1349503
1349981 1350036
1350199 1350229
1350609 1350661
1351100 1351195
1351427 1351489
1351809 1351823
1352215 1352222
1352484 1352491
1352673 1352836
1353079 1353106
1353385 1353427
1353736 1353754
1354048 1354053
1354410 1354461
1354739 1354759
1355101 1355154
1355246 1355305
1355558 1355596
1355842 1355852
1356296 1356320
1356524 1356527
1356604 1356624
1356955 1357032
1357288 1357304
1357515 1357518
1357704 1357779
1357813 1357978
1358109 1358277
1358321 1358323
1358560 1358588
1358746 1358843
1359098 1359103
1359183 1359200
1359311 1359314
1359611 1359633
1360026 1360053
1360430 1360528
1360622 1360634
1360853 1360971
1361386 1361575
1361833 1361860
1362222 1362263
1362321 1362354
1362714 1362772
1362849 1362918
1362921 1362954
1363083 1363098
1363308 1363436
1363593 1363644
1363674 1363694
1364033 1364039
1364136 1364313
1364696 1364720
1365002 1365003
1365083 1365083
1365311 1365512
1365989 1366001
1366274 1366350
1366849 1366893
1367268 1367282
1367359 1367478
1367648 1367685
1368170 1368271
1368613 1368736
1368745 1368757
1368963 1369094
1369424 1369448
1369512 1369543
1369762 1369849
1369980 1370013
1370498 1370530
1370776 1370809
1371126 1371168
1371605 1371615
1372035 1372125
1372358 1372447
1372590 1372595
1372950 1372966
1373382 1373423
1373900 1373949
1374073 1374110
1374199 1374234
1374421 1374481
1374904 1374959
1374966 1375017
1375255 1375348
1375822 1375858
1376022 1376079
1376373 1376430
1376725 1376823
1377088 1377159
1377640 1377683
1377942 1377956
1378180 1378331
1378755 1378775
1378900 1378910
1379406 1379490
1379496 1379504
1379776 1379832
1379960 1379967
1380356 1380370
1380708 1380728
1380872 1380929
1381263 1381310
1381758 1381783
1382180 1382468
1382555 1382582
1382664 1382679
1382987 1383034
1383174 1383176
1383665 1383691
1383880 1383909
1383975 1384050
1384084 1384158
1384619 1384645
1384802 1384912
1385022 1385126
1385391 1385395
1385501 1385537
1385793 1385796
1385851 1385861
1385907 1385965
1386374 1386404
1386614 1386653
1386865 1386897
1387263 1387274
1387722 1387748
1387875 1387946
1388204 1388282
1388544 1388579
1388628 1388663
1389035 1389039
1389407 1389409
1389615 1389646
1389803 1389843
1390019 1390046
1390266 1390304
1390437 1390504
1390816 1390838
1391309 1391315
1391681 1391893
1391945 1391947
1392108 1392112
1392287 1392321
1392373 1392381
1392691 1392706
1393142 1393261
1393596 1393614
1393881 1393889
1394054 1394098
1394541 1394551
1394687 1394756
1394886 1394971
1395023 1395099
1395244 1395251
1395709 1395869
1396007 1396016
1396203 1396310
1396631 1396635
1396655 1396718
1397083 1397166
1397178 1397179
1397278 1397387
1397613 1397641
1397978 1397982
1398223 1398231
1398366 1398428
1398673 1398697
1399022 1399211
1399598 1399728
1399819 1399832
1399876 1399877
1400132 1400180
1400627 1400631
1400841 1400852
1401100 1401202
1401398 1401424
1401812 1401900
1402168 1402191
1402424 1402442
1402939 1402966
1403387 1403417
1403676 1403704
1403817 1403847
1404019 1404180
1404629 1404693
1404891 1404898
1405078 1405129
1405243 1405258
1405756 1405775
1406203 1406283
1406571 1406669
1407161 1407192
1407472 1407480
1407978 1407984
1408329 1408405
1408629 1408803
1408859 1408866
1409334 1409470
1409620 1409766
1409973 1410049
1410519 1410552
1410955 1410955
1411107 1411118
1411247 1411247
1411337 1411425
1411492 1411492
1411975 1412003
1412443 1412563
1413034 1413040
1413197 1413313
1413459 1413477
1413954 1414065
1414538 1414576
1414802 1414817
1415221 1415289
1415597 1415645
1415913 1415925
1416064 1416069
1416551 1416664
1417029 1417042
1417189 1417203
1417262 1417266
1417479 1417480
1417958 1417962
1417970 1418000
1418322 1418327
1418794 1418794
1418955 1419032
1419284 1419379
1419866 1419878
1420014 1420035
1420058 1420142
1420451 1420460
1420817 1420831
1421195 1421252
1421546 1421595
1421602 1421675
1421889 1421922
1422014 1422091
1422487 1422541
1422709 1422730
1422897 1422906
1423371 1423405
1423864 1423884
1424018 1424178
1424394 1424405
1424588 1424700
1424808 1424864
1425133 1425139
1425216 1425241
1425675 1425676
1425684 1425781
1425969 1426196
1426512 1426563
1426653 1426751
1427047 1427107
1427270 1427272
1427410 1427441
1427671 1427671
1427995 1428078
1428351 1428366
1428498 1428514
1428892 1429039
1429174 1429187
1429484 1429573
1429821 1429864
1430237 1430240
1430479 1430537
1430705 1430825
1430887 1430970
1431241 1431304
1431763 1431863
1432070 1432210
1432589 1432630
1433081 1433105
1433247 1433256
1433451 1433536
1433630 1433665
1433806 1433878
1434014 1434060
1434555 1434640
1435065 1435074
1435447 1435471
1435868 1436064
1436481 1436546
1436785 1436823
1437282 1437368
1437558 1437660
1437952 1438142
1438234 1438243
1438490 1438496
1438979 1439065
1439546 1439567
1439744 1439793
1439958 1440023
1440108 1440233
1440662 1440666
1441097 1441182
1441370 1441454
1441921 1441922
1442148 1442303
1442332 1442379
1442730 1442761
1443208 1443247
1443678 1443726
1443914 1443932
1444161 1444175
1444377 1444403
1444775 1444791
1445137 1445151
1445331 1445360
1445826 1445851
1446161 1446177
1446532 1446540
1446858 1446868
1447008 1447061
1447254 1447279
1447378 1447483
1447486 1447635
1447671 1447696
1447799 1447939
1448060 1448081
1448261 1448282
1448576 1448663
1448995 1449002
1449085 1449222
1449402 1449575
1450043 1450082
1450200 1450287
1450317 1450397
1450707 1450724
1451045 1451144
1451580 1451666
1451835 1451887
1452316 1452396
1452748 1452794
1452847 1452877
1453243 1453259
1453415 1453432
1453437 1453467
1453518 1453540
1453824 1454000
1454121 1454199
1454477 1454569
1454967 1454993
1455038 1455038
1455120 1455329
1455704 1455728
1456098 1456098
1456105 1456153
1456539 1456573
1456924 1457023
1457228 1457258
1457638 1457655
1457723 1457759
1458117 1458192
1458466 1458511
1458692 1458727
1459189 1459200
1459562 1459568
1459591 1459613
1459889 1460043
1460444 1460458
1460940 1460953
1461386 1461432
1461591 1461677
1461895 1461915
1461976 1462059
1462430 1462440
1462853 1462987
1463233 1463274
1463576 1463605
1463838 1463886
1463899 1464097
1464277 1464416
1464459 1464599
1465042 1465072
1465224 1465294
1465753 1465834
1465933 1466050
1466098 1466123
1466538 1466550
1466797 1466869
1467014 1467174
1467646 1467688
1468038 1468057
1468080 1468084
1468190 1468190
1468578 1468607
1468667 1468755
1468876 1468887
1469250 1469268
1469372 1469403
1469793 1469891
1470072 1470143
1470278 1470388
1470815 1470825
1471267 1471277
1471714 1471753
1472125 1472324
1472769 1472793
1473183 1473265
1473383 1473490
1473827 1474056
1474354 1474507
1474900 1474919
1474933 1474978
1475189 1475208
1475356 1475370
1475450 1475494
1475614 1475798
1476073 1476252
1476609 1476670
1477110 1477123
1477157 1477201
1477364 1477409
1477491 1477575
1477898 1477947
1478240 1478260
1478605 1478619
1478810 1478812
1479214 1479264
1479469 1479520
1479665 1479710
1480201 1480250
1480261 1480358
1480824 1480987
1481303 1481304
1481441 1481495
1481754 1481777
1481834 1481907
1482244 1482253
1482268 1482282
1482310 1482344
1482619 1482649
1482775 1482821
1482963 1483040
1483091 1483132
1483345 1483365
1483720 1483730
1483842 1483870
1483946 1483965
1484221 1484252
1484657 1484717
1485103 1485120
1485152 1485217
1485345 1485433
1485518 1485563
1485942 1485956
1486219 1486225
1486244 1486272
1486709 1486774
1486800 1486816
1487148 1487216
1487369 1487469
1487949 1487973
1488211 1488321
1488578 1488682
1488840 1488898
1489225 1489229
1489706 1489717
1489859 1489873
1490174 1490187
1490344 1490420
1490594 1490629
1490796 1490819
1490859 1490929
1491117 1491217
1491660 1491661
1491892 1491929
1492411 1492432
1492510 1492534
1492859 1492896
1493291 1493326
1493429 1493528
1493583 1493593
1493988 1494043
1494290 1494340
1494583 1494641
1494791 1494837
1494844 1494911
1495341 1495377
